1 1.5403
1.01 1.55013
1.02 1.56001
1.03 1.56995
1.04 1.57995
1.05 1.59
1.06 1.60011
1.07 1.61027
1.08 1.62048
1.09 1.63074
1.1 1.64105
1.11 1.6514
1.12 1.6618
1.13 1.67225
1.14 1.68274
1.15 1.69327
1.16 1.70384
1.17 1.71444
1.18 1.72509
1.19 1.73577
1.2 1.74648
1.21 1.75723
1.22 1.768
1.23 1.77881
1.24 1.78965
1.25 1.80051
1.26 1.8114
1.27 1.82231
1.28 1.83325
1.29 1.8442
1.3 1.85518
1.31 1.86617
1.32 1.87719
1.33 1.88821
1.34 1.89926
1.35 1.91031
1.36 1.92138
1.37 1.93245
1.38 1.94354
1.39 1.95463
1.4 1.96573
1.41 1.97683
1.42 1.98794
1.43 1.99904
1.44 2.01015
1.45 2.02126
1.46 2.03236
1.47 2.04346
1.48 2.05455
1.49 2.06564
1.5 2.07671
1.51 2.08778
1.52 2.09884
1.53 2.10988
1.54 2.12091
1.55 2.13193
1.56 2.14292
1.57 2.1539
1.58 2.16486
1.59 2.1758
1.6 2.18671
1.61 2.1976
1.62 2.20847
1.63 2.21931
1.64 2.23012
1.65 2.2409
1.66 2.25165
1.67 2.26237
1.68 2.27305
1.69 2.2837
1.7 2.29431
1.71 2.30488
1.72 2.31542
1.73 2.32591
1.74 2.33636
1.75 2.34677
1.76 2.35713
1.77 2.36744
1.78 2.37771
1.79 2.38792
1.8 2.39809
1.81 2.4082
1.82 2.41826
1.83 2.42827
1.84 2.43821
1.85 2.4481
1.86 2.45793
1.87 2.4677
1.88 2.47741
1.89 2.48705
1.9 2.49663
1.91 2.50614
1.92 2.51558
1.93 2.52496
1.94 2.53426
1.95 2.54349
1.96 2.55265
1.97 2.56173
1.98 2.57074
1.99 2.57967
2 2.58851
2.01 2.59728
2.02 2.60597
2.03 2.61457
2.04 2.62309
2.05 2.63152
2.06 2.63986
2.07 2.64811
2.08 2.65628
2.09 2.66435
2.1 2.67233
2.11 2.68021
2.12 2.688
2.13 2.69568
2.14 2.70327
2.15 2.71076
2.16 2.71815
2.17 2.72543
2.18 2.73261
2.19 2.73968
2.2 2.74665
2.21 2.7535
2.22 2.76025
2.23 2.76688
2.24 2.7734
2.25 2.77981
2.26 2.7861
2.27 2.79227
2.28 2.79832
2.29 2.80425
2.3 2.81008
2.31 2.81586
2.32 2.82157
2.33 2.82723
2.34 2.83282
2.35 2.83836
2.36 2.84384
2.37 2.84926
2.38 2.85462
2.39 2.85992
2.4 2.86516
2.41 2.87035
2.42 2.87548
2.43 2.88054
2.44 2.88555
2.45 2.8905
2.46 2.89539
2.47 2.90022
2.48 2.905
2.49 2.90971
2.5 2.91437
2.51 2.91896
2.52 2.9235
2.53 2.92798
2.54 2.9324
2.55 2.93676
2.56 2.94107
2.57 2.94531
2.58 2.94949
2.59 2.95362
2.6 2.95769
2.61 2.9617
2.62 2.96565
2.63 2.96954
2.64 2.97337
2.65 2.97715
2.66 2.98086
2.67 2.98452
2.68 2.98811
2.69 2.99165
2.7 2.99513
2.71 2.99855
2.72 3.00192
2.73 3.00522
2.74 3.00846
2.75 3.01165
2.76 3.01478
2.77 3.01785
2.78 3.02085
2.79 3.02381
2.8 3.0267
2.81 3.02953
2.82 3.03231
2.83 3.03502
2.84 3.03768
2.85 3.04028
2.86 3.04281
2.87 3.0453
2.88 3.04772
2.89 3.05008
2.9 3.05238
2.91 3.05463
2.92 3.05682
2.93 3.05894
2.94 3.06101
2.95 3.06302
2.96 3.06497
2.97 3.06687
2.98 3.0687
2.99 3.07047
3 3.07219
3.01 3.07385
3.02 3.07545
3.03 3.07699
3.04 3.07847
3.05 3.07989
3.06 3.08125
3.07 3.08256
3.08 3.0838
3.09 3.08499
3.1 3.08612
3.11 3.08719
3.12 3.0882
3.13 3.08915
3.14 3.09004
3.15 3.09088
3.16 3.09165
3.17 3.09237
3.18 3.09303
3.19 3.09363
3.2 3.09417
3.21 3.09465
3.22 3.09507
3.23 3.09544
3.24 3.09574
3.25 3.09599
3.26 3.09618
3.27 3.09631
3.28 3.09638
3.29 3.09638
3.3 3.09625
3.31 3.09596
3.32 3.09553
3.33 3.09494
3.34 3.09421
3.35 3.09335
3.36 3.09236
3.37 3.09124
3.38 3.09
3.39 3.08864
3.4 3.08718
3.41 3.08561
3.42 3.08394
3.43 3.08218
3.44 3.08033
3.45 3.07839
3.46 3.07638
3.47 3.07429
3.48 3.07213
3.49 3.06991
3.5 3.06764
3.51 3.06531
3.52 3.06293
3.53 3.06051
3.54 3.05806
3.55 3.05557
3.56 3.05306
3.57 3.05053
3.58 3.04798
3.59 3.04542
3.6 3.04285
3.61 3.04029
3.62 3.03773
3.63 3.03518
3.64 3.03264
3.65 3.03013
3.66 3.02764
3.67 3.02518
3.68 3.02276
3.69 3.02039
3.7 3.01805
3.71 3.01577
3.72 3.01355
3.73 3.01139
3.74 3.0093
3.75 3.00728
3.76 3.00534
3.77 3.00348
3.78 3.00171
3.79 3.00004
3.8 2.99846
3.81 2.99699
3.82 2.99563
3.83 2.99438
3.84 2.99326
3.85 2.99226
3.86 2.99139
3.87 2.99065
3.88 2.99006
3.89 2.98961
3.9 2.98931
3.91 2.98917
3.92 2.99026
3.93 2.99639
3.94 3.00772
3.95 3.02403
3.96 3.0451
3.97 3.07071
3.98 3.10064
3.99 3.13468
4 3.1726
4.01 3.21419
4.02 3.25922
4.03 3.30748
4.04 3.35875
4.05 3.41281
4.06 3.46944
4.07 3.52843
4.08 3.58954
4.09 3.65257
4.1 3.7173
4.11 3.78351
4.12 3.85097
4.13 3.91947
4.14 3.98879
4.15 4.05871
4.16 4.12902
4.17 4.19948
4.18 4.2699
4.19 4.34004
4.2 4.40968
4.21 4.47861
4.22 4.54662
4.23 4.61347
4.24 4.67895
4.25 4.74285
4.26 4.80494
4.27 4.86501
4.28 4.92283
4.29 4.97819
4.3 5.03086
4.31 5.08064
4.32 5.12729
4.33 5.17061
4.34 5.21037
4.35 5.24636
4.36 5.27834
4.37 5.30612
4.38 5.32949
4.39 5.3509
4.4 5.37195
4.41 5.39263
4.42 5.41294
4.43 5.4329
4.44 5.45249
4.45 5.47173
4.46 5.49061
4.47 5.50913
4.48 5.5273
4.49 5.54511
4.5 5.56257
4.51 5.57968
4.52 5.59643
4.53 5.61284
4.54 5.62889
4.55 5.6446
4.56 5.65996
4.57 5.67498
4.58 5.68965
4.59 5.70398
4.6 5.71797
4.61 5.73162
4.62 5.74492
4.63 5.75789
4.64 5.77052
4.65 5.78281
4.66 5.79477
4.67 5.8064
4.68 5.81769
4.69 5.82865
4.7 5.83928
4.71 5.84958
4.72 5.85955
4.73 5.86919
4.74 5.87851
4.75 5.8875
4.76 5.89617
4.77 5.90452
4.78 5.91254
4.79 5.92025
4.8 5.92763
4.81 5.9347
4.82 5.94145
4.83 5.94788
4.84 5.954
4.85 5.9598
4.86 5.96529
4.87 5.97047
4.88 5.97534
4.89 5.97991
4.9 5.98416
4.91 5.9881
4.92 5.99174
4.93 5.99508
4.94 5.99811
4.95 6.00084
4.96 6.00327
4.97 6.0054
4.98 6.00723
4.99 6.00876
5 6.00999
5.01 6.01093
5.02 6.01168
5.03 6.01241
5.04 6.01311
5.05 6.01379
5.06 6.01445
5.07 6.01509
5.08 6.01571
5.09 6.01632
5.1 6.0169
5.11 6.01746
5.12 6.01801
5.13 6.01853
5.14 6.01904
5.15 6.01954
5.16 6.02001
5.17 6.02048
5.18 6.02092
5.19 6.02135
5.2 6.02177
5.21 6.02217
5.22 6.02256
5.23 6.02293
5.24 6.0233
5.25 6.02365
5.26 6.02398
5.27 6.02431
5.28 6.02463
5.29 6.02493
5.3 6.02523
5.31 6.02551
5.32 6.02579
5.33 6.02606
5.34 6.02632
5.35 6.02657
5.36 6.02682
5.37 6.02705
5.38 6.02729
5.39 6.02751
5.4 6.02773
5.41 6.02795
5.42 6.02816
5.43 6.02836
5.44 6.02857
5.45 6.02876
5.46 6.02896
5.47 6.02915
5.48 6.02935
5.49 6.02954
5.5 6.02973
5.51 6.02992
5.52 6.0301
5.53 6.03029
5.54 6.03048
5.55 6.03068
5.56 6.03087
5.57 6.03106
5.58 6.03126
5.59 6.03146
5.6 6.03167
5.61 6.03187
5.62 6.03209
5.63 6.0323
5.64 6.03253
5.65 6.03276
5.66 6.03299
5.67 6.03323
5.68 6.03348
5.69 6.03374
5.7 6.034
5.71 6.03427
5.72 6.03455
5.73 6.03485
5.74 6.03515
5.75 6.03546
5.76 6.03578
5.77 6.03611
5.78 6.03646
5.79 6.03681
5.8 6.03718
5.81 6.03756
5.82 6.03796
5.83 6.03837
5.84 6.03879
5.85 6.03923
5.86 6.03968
5.87 6.04015
5.88 6.04064
5.89 6.04114
5.9 6.04166
5.91 6.0422
5.92 6.04275
5.93 6.04332
5.94 6.04391
5.95 6.04453
5.96 6.04516
5.97 6.04581
5.98 6.04648
5.99 6.04717
6 6.04789
6.01 6.04862
6.02 6.04938
6.03 6.05014
6.04 6.05091
6.05 6.05169
6.06 6.05248
6.07 6.05328
6.08 6.05409
6.09 6.05491
6.1 6.05573
6.11 6.05657
6.12 6.05742
6.13 6.05827
6.14 6.05914
6.15 6.06002
6.16 6.06091
6.17 6.06181
6.18 6.06273
6.19 6.06365
6.2 6.06459
6.21 6.06554
6.22 6.0665
6.23 6.06748
6.24 6.06847
6.25 6.06948
6.26 6.07049
6.27 6.07153
6.28 6.07257
6.29 6.07364
6.3 6.07471
6.31 6.07581
6.32 6.07691
6.33 6.07804
6.34 6.07918
6.35 6.08033
6.36 6.08151
6.37 6.0827
6.38 6.0839
6.39 6.08513
6.4 6.08637
6.41 6.08763
6.42 6.08891
6.43 6.09021
6.44 6.09153
6.45 6.09286
6.46 6.09422
6.47 6.09559
6.48 6.09699
6.49 6.0984
6.5 6.09984
6.51 6.1013
6.52 6.10277
6.53 6.10427
6.54 6.10579
6.55 6.10733
6.56 6.1089
6.57 6.11049
6.58 6.1121
6.59 6.11373
6.6 6.11538
6.61 6.11706
6.62 6.11877
6.63 6.12049
6.64 6.12224
6.65 6.12402
6.66 6.12582
6.67 6.12765
6.68 6.1295
6.69 6.13137
6.7 6.13328
6.71 6.1352
6.72 6.13716
6.73 6.13914
6.74 6.14115
6.75 6.14319
6.76 6.14525
6.77 6.14734
6.78 6.14946
6.79 6.15161
6.8 6.15379
6.81 6.15599
6.82 6.15822
6.83 6.16049
6.84 6.16278
6.85 6.16511
6.86 6.16746
6.87 6.16984
6.88 6.17226
6.89 6.17471
6.9 6.17718
6.91 6.17969
6.92 6.18223
6.93 6.18481
6.94 6.18741
6.95 6.19005
6.96 6.19272
6.97 6.19543
6.98 6.19816
6.99 6.20093
7 6.20374
7.01 6.20658
7.02 6.20945
7.03 6.21236
7.04 6.21531
7.05 6.21829
7.06 6.2213
7.07 6.22435
7.08 6.22744
7.09 6.23057
7.1 6.23373
7.11 6.23692
7.12 6.24016
7.13 6.24343
7.14 6.24674
7.15 6.25009
7.16 6.25348
7.17 6.2569
7.18 6.26037
7.19 6.26387
7.2 6.26741
7.21 6.27099
7.22 6.27462
7.23 6.27828
7.24 6.28198
7.25 6.28573
7.26 6.28951
7.27 6.29334
7.28 6.29721
7.29 6.30112
7.3 6.30507
7.31 6.30907
7.32 6.31352
7.33 6.31863
7.34 6.32439
7.35 6.33078
7.36 6.33781
7.37 6.34545
7.38 6.3537
7.39 6.36254
7.4 6.37197
7.41 6.38198
7.42 6.39256
7.43 6.40368
7.44 6.41536
7.45 6.42756
7.46 6.4403
7.47 6.45354
7.48 6.46729
7.49 6.48153
7.5 6.49625
7.51 6.51144
7.52 6.52709
7.53 6.5432
7.54 6.55974
7.55 6.57671
7.56 6.59411
7.57 6.61191
7.58 6.63011
7.59 6.64869
7.6 6.66766
7.61 6.68699
7.62 6.70668
7.63 6.72671
7.64 6.74708
7.65 6.76778
7.66 6.78879
7.67 6.8101
7.68 6.83171
7.69 6.8536
7.7 6.87577
7.71 6.89819
7.72 6.92087
7.73 6.94379
7.74 6.96694
7.75 6.99032
7.76 7.0139
7.77 7.03768
7.78 7.06165
7.79 7.0858
7.8 7.11012
7.81 7.1346
7.82 7.15922
7.83 7.18398
7.84 7.20887
7.85 7.23387
7.86 7.25898
7.87 7.28419
7.88 7.30948
7.89 7.33484
7.9 7.36027
7.91 7.38575
7.92 7.41128
7.93 7.43684
7.94 7.46241
7.95 7.48801
7.96 7.5136
7.97 7.53918
7.98 7.56475
7.99 7.59028
8 7.61577
8.01 7.64121
8.02 7.6666
8.03 7.6919
8.04 7.71713
8.05 7.74226
8.06 7.7673
8.07 7.79221
8.08 7.817
8.09 7.84166
8.1 7.86618
8.11 7.89053
8.12 7.91473
8.13 7.93874
8.14 7.96257
8.15 7.9862
8.16 8.00963
8.17 8.03283
8.18 8.05581
8.19 8.07855
8.2 8.10103
8.21 8.12326
8.22 8.14522
8.23 8.1669
8.24 8.18828
8.25 8.20937
8.26 8.23014
8.27 8.25059
8.28 8.27071
8.29 8.29048
8.3 8.3099
8.31 8.32895
8.32 8.34763
8.33 8.36593
8.34 8.38383
8.35 8.40132
8.36 8.4184
8.37 8.43504
8.38 8.45126
8.39 8.46702
8.4 8.48232
8.41 8.49716
8.42 8.51152
8.43 8.52538
8.44 8.53875
8.45 8.5516
8.46 8.56394
8.47 8.57574
8.48 8.587
8.49 8.59771
8.5 8.60786
8.51 8.61743
8.52 8.62642
8.53 8.63481
8.54 8.6426
8.55 8.64978
8.56 8.65633
8.57 8.66224
8.58 8.6675
8.59 8.67211
8.6 8.67608
8.61 8.67981
8.62 8.68342
8.63 8.68692
8.64 8.69032
8.65 8.6936
8.66 8.69679
8.67 8.69987
8.68 8.70286
8.69 8.70574
8.7 8.70854
8.71 8.71124
8.72 8.71385
8.73 8.71638
8.74 8.71882
8.75 8.72118
8.76 8.72346
8.77 8.72566
8.78 8.72778
8.79 8.72984
8.8 8.73182
8.81 8.73373
8.82 8.73558
8.83 8.73736
8.84 8.73909
8.85 8.74075
8.86 8.74236
8.87 8.74391
8.88 8.74541
8.89 8.74687
8.9 8.74827
8.91 8.74963
8.92 8.75095
8.93 8.75223
8.94 8.75347
8.95 8.75467
8.96 8.75584
8.97 8.75698
8.98 8.7581
8.99 8.75918
9 8.76024
9.01 8.76129
9.02 8.76231
9.03 8.76331
9.04 8.76431
9.05 8.76528
9.06 8.76625
9.07 8.76722
9.08 8.76818
9.09 8.76913
9.1 8.77009
9.11 8.77104
9.12 8.772
9.13 8.77297
9.14 8.77395
9.15 8.77494
9.16 8.77594
9.17 8.77696
9.18 8.778
9.19 8.77906
9.2 8.78014
9.21 8.78125
9.22 8.78238
9.23 8.78355
9.24 8.78475
9.25 8.78598
9.26 8.78725
9.27 8.78856
9.28 8.78991
9.29 8.79131
9.3 8.79276
9.31 8.79425
9.32 8.79579
9.33 8.79739
9.34 8.79904
9.35 8.80076
9.36 8.80253
9.37 8.80437
9.38 8.80627
9.39 8.80824
9.4 8.81028
9.41 8.81239
9.42 8.81458
9.43 8.81684
9.44 8.81919
9.45 8.82161
9.46 8.82412
9.47 8.82672
9.48 8.82941
9.49 8.83218
9.5 8.83505
9.51 8.83802
9.52 8.84109
9.53 8.84425
9.54 8.84752
9.55 8.8509
9.56 8.85438
9.57 8.85797
9.58 8.86168
9.59 8.86551
9.6 8.86956
9.61 8.87383
9.62 8.87832
9.63 8.88302
9.64 8.88793
9.65 8.89304
9.66 8.89834
9.67 8.90384
9.68 8.90952
9.69 8.91537
9.7 8.9214
9.71 8.9276
9.72 8.93396
9.73 8.94048
9.74 8.94714
9.75 8.95395
9.76 8.9609
9.77 8.96799
9.78 8.9752
9.79 8.98253
9.8 8.98999
9.81 8.99755
9.82 9.00522
9.83 9.01299
9.84 9.02085
9.85 9.0288
9.86 9.03684
9.87 9.04495
9.88 9.05314
9.89 9.06139
9.9 9.0697
9.91 9.07807
9.92 9.08649
9.93 9.09495
9.94 9.10346
9.95 9.11199
9.96 9.12055
9.97 9.12914
9.98 9.13774
9.99 9.14635
10 9.15496
