1 1.5403
1.01 1.55351
1.02 1.56667
1.03 1.57979
1.04 1.59286
1.05 1.6059
1.06 1.61888
1.07 1.63183
1.08 1.64472
1.09 1.65758
1.1 1.67039
1.11 1.68315
1.12 1.69587
1.13 1.70854
1.14 1.72117
1.15 1.73375
1.16 1.74628
1.17 1.75877
1.18 1.77121
1.19 1.7836
1.2 1.79595
1.21 1.80824
1.22 1.82049
1.23 1.8327
1.24 1.84485
1.25 1.85695
1.26 1.86901
1.27 1.88102
1.28 1.89298
1.29 1.90488
1.3 1.91674
1.31 1.92855
1.32 1.94031
1.33 1.95201
1.34 1.96367
1.35 1.97528
1.36 1.98683
1.37 1.99833
1.38 2.00979
1.39 2.02119
1.4 2.03253
1.41 2.04383
1.42 2.05507
1.43 2.06626
1.44 2.07739
1.45 2.08848
1.46 2.09951
1.47 2.11048
1.48 2.1214
1.49 2.13227
1.5 2.14308
1.51 2.15384
1.52 2.16454
1.53 2.17519
1.54 2.18578
1.55 2.19631
1.56 2.20679
1.57 2.21721
1.58 2.22758
1.59 2.23789
1.6 2.24814
1.61 2.25834
1.62 2.26848
1.63 2.27856
1.64 2.28858
1.65 2.29854
1.66 2.30845
1.67 2.3183
1.68 2.32809
1.69 2.33782
1.7 2.34748
1.71 2.3571
1.72 2.36665
1.73 2.37614
1.74 2.38557
1.75 2.39493
1.76 2.40424
1.77 2.41349
1.78 2.42268
1.79 2.4318
1.8 2.44086
1.81 2.44987
1.82 2.4588
1.83 2.46768
1.84 2.47649
1.85 2.48524
1.86 2.49393
1.87 2.50255
1.88 2.51111
1.89 2.51961
1.9 2.52804
1.91 2.53641
1.92 2.54471
1.93 2.55295
1.94 2.56112
1.95 2.56923
1.96 2.57727
1.97 2.58525
1.98 2.59316
1.99 2.601
2 2.60878
2.01 2.61649
2.02 2.62413
2.03 2.63171
2.04 2.63922
2.05 2.64666
2.06 2.65403
2.07 2.66133
2.08 2.66857
2.09 2.67574
2.1 2.68283
2.11 2.68986
2.12 2.69682
2.13 2.70371
2.14 2.71053
2.15 2.71728
2.16 2.72396
2.17 2.73057
2.18 2.73711
2.19 2.74358
2.2 2.74997
2.21 2.75629
2.22 2.76255
2.23 2.76873
2.24 2.77483
2.25 2.78087
2.26 2.78683
2.27 2.79272
2.28 2.79854
2.29 2.80428
2.3 2.80994
2.31 2.8155
2.32 2.82096
2.33 2.82633
2.34 2.8316
2.35 2.83678
2.36 2.84186
2.37 2.84685
2.38 2.85176
2.39 2.85657
2.4 2.8613
2.41 2.86594
2.42 2.8705
2.43 2.87498
2.44 2.87937
2.45 2.88368
2.46 2.88792
2.47 2.89207
2.48 2.89615
2.49 2.90016
2.5 2.90409
2.51 2.90795
2.52 2.91174
2.53 2.91546
2.54 2.91911
2.55 2.92269
2.56 2.92621
2.57 2.92966
2.58 2.93305
2.59 2.93638
2.6 2.93965
2.61 2.94286
2.62 2.94602
2.63 2.94911
2.64 2.95215
2.65 2.95514
2.66 2.95808
2.67 2.96097
2.68 2.9638
2.69 2.96659
2.7 2.96934
2.71 2.97203
2.72 2.97469
2.73 2.9773
2.74 2.97987
2.75 2.98239
2.76 2.98489
2.77 2.98734
2.78 2.98976
2.79 2.99214
2.8 2.99449
2.81 2.99681
2.82 2.9991
2.83 3.00136
2.84 3.00359
2.85 3.00579
2.86 3.00797
2.87 3.01013
2.88 3.01226
2.89 3.01437
2.9 3.01647
2.91 3.01854
2.92 3.0206
2.93 3.02264
2.94 3.02467
2.95 3.02668
2.96 3.02868
2.97 3.03068
2.98 3.03266
2.99 3.03464
3 3.03661
3.01 3.03857
3.02 3.04054
3.03 3.0425
3.04 3.04446
3.05 3.04641
3.06 3.04838
3.07 3.05034
3.08 3.05231
3.09 3.05429
3.1 3.05627
3.11 3.05826
3.12 3.06026
3.13 3.06227
3.14 3.0643
3.15 3.06634
3.16 3.06839
3.17 3.07047
3.18 3.07256
3.19 3.07467
3.2 3.0768
3.21 3.07895
3.22 3.08112
3.23 3.08332
3.24 3.08555
3.25 3.08781
3.26 3.09009
3.27 3.0924
3.28 3.09475
3.29 3.0971
3.3 3.09914
3.31 3.10076
3.32 3.10198
3.33 3.10281
3.34 3.10327
3.35 3.10337
3.36 3.10313
3.37 3.10256
3.38 3.10167
3.39 3.10048
3.4 3.09901
3.41 3.09727
3.42 3.09527
3.43 3.09303
3.44 3.09056
3.45 3.08788
3.46 3.08501
3.47 3.08195
3.48 3.07872
3.49 3.07534
3.5 3.07181
3.51 3.06817
3.52 3.06441
3.53 3.06056
3.54 3.05663
3.55 3.05263
3.56 3.04858
3.57 3.04449
3.58 3.04038
3.59 3.03627
3.6 3.03216
3.61 3.02807
3.62 3.02402
3.63 3.02001
3.64 3.01608
3.65 3.01222
3.66 3.00846
3.67 3.0048
3.68 3.00127
3.69 2.99788
3.7 2.99464
3.71 2.99157
3.72 2.98868
3.73 2.98599
3.74 2.98351
3.75 2.98125
3.76 2.97924
3.77 2.97748
3.78 2.97599
3.79 2.97478
3.8 2.97388
3.81 2.97328
3.82 2.97302
3.83 2.9731
3.84 2.97353
3.85 2.97434
3.86 2.97553
3.87 2.97712
3.88 2.97914
3.89 2.98158
3.9 2.98446
3.91 2.98781
3.92 2.9926
3.93 3.00233
3.94 3.01711
3.95 3.03672
3.96 3.06095
3.97 3.08958
3.98 3.12237
3.99 3.15912
4 3.19961
4.01 3.2436
4.02 3.29089
4.03 3.34125
4.04 3.39446
4.05 3.45031
4.06 3.50857
4.07 3.56902
4.08 3.63144
4.09 3.69561
4.1 3.76132
4.11 3.82833
4.12 3.89644
4.13 3.96542
4.14 4.03505
4.15 4.10511
4.16 4.17538
4.17 4.24564
4.18 4.31567
4.19 4.38524
4.2 4.45415
4.21 4.52217
4.22 4.58908
4.23 4.65466
4.24 4.71869
4.25 4.78094
4.26 4.84121
4.27 4.89926
4.28 4.95488
4.29 5.00785
4.3 5.05795
4.31 5.10496
4.32 5.14865
4.33 5.18881
4.34 5.22522
4.35 5.25766
4.36 5.2859
4.37 5.30973
4.38 5.32897
4.39 5.34632
4.4 5.36356
4.41 5.3807
4.42 5.39772
4.43 5.41462
4.44 5.43139
4.45 5.44803
4.46 5.46453
4.47 5.48089
4.48 5.49711
4.49 5.51317
4.5 5.52907
4.51 5.54481
4.52 5.56039
4.53 5.57579
4.54 5.59101
4.55 5.60605
4.56 5.6209
4.57 5.63556
4.58 5.65002
4.59 5.66427
4.6 5.67832
4.61 5.69215
4.62 5.70576
4.63 5.71915
4.64 5.73231
4.65 5.74524
4.66 5.75792
4.67 5.77036
4.68 5.78255
4.69 5.79449
4.7 5.80617
4.71 5.81757
4.72 5.82871
4.73 5.83958
4.74 5.85016
4.75 5.86046
4.76 5.87046
4.77 5.88017
4.78 5.88958
4.79 5.89868
4.8 5.90747
4.81 5.91594
4.82 5.92409
4.83 5.93191
4.84 5.93941
4.85 5.94656
4.86 5.95337
4.87 5.95983
4.88 5.96594
4.89 5.9717
4.9 5.97708
4.91 5.98211
4.92 5.98675
4.93 5.99102
4.94 5.99491
4.95 5.9984
4.96 6.00151
4.97 6.00421
4.98 6.00651
4.99 6.0084
5 6.00987
5.01 6.01093
5.02 6.01171
5.03 6.01246
5.04 6.01319
5.05 6.01388
5.06 6.01455
5.07 6.0152
5.08 6.01582
5.09 6.01641
5.1 6.01698
5.11 6.01752
5.12 6.01805
5.13 6.01855
5.14 6.01902
5.15 6.01948
5.16 6.01992
5.17 6.02034
5.18 6.02073
5.19 6.02111
5.2 6.02147
5.21 6.02182
5.22 6.02215
5.23 6.02246
5.24 6.02275
5.25 6.02303
5.26 6.0233
5.27 6.02355
5.28 6.02379
5.29 6.02402
5.3 6.02424
5.31 6.02444
5.32 6.02464
5.33 6.02482
5.34 6.025
5.35 6.02516
5.36 6.02532
5.37 6.02547
5.38 6.02562
5.39 6.02576
5.4 6.02589
5.41 6.02602
5.42 6.02614
5.43 6.02626
5.44 6.02638
5.45 6.0265
5.46 6.02661
5.47 6.02672
5.48 6.02684
5.49 6.02695
5.5 6.02706
5.51 6.02717
5.52 6.02729
5.53 6.02741
5.54 6.02753
5.55 6.02766
5.56 6.02779
5.57 6.02793
5.58 6.02807
5.59 6.02822
5.6 6.02837
5.61 6.02854
5.62 6.02871
5.63 6.02889
5.64 6.02908
5.65 6.02928
5.66 6.02949
5.67 6.02971
5.68 6.02994
5.69 6.03019
5.7 6.03045
5.71 6.03073
5.72 6.03102
5.73 6.03132
5.74 6.03164
5.75 6.03198
5.76 6.03233
5.77 6.0327
5.78 6.03309
5.79 6.0335
5.8 6.03392
5.81 6.03437
5.82 6.03484
5.83 6.03533
5.84 6.03584
5.85 6.03638
5.86 6.03694
5.87 6.03752
5.88 6.03812
5.89 6.03876
5.9 6.03941
5.91 6.0401
5.92 6.04081
5.93 6.04155
5.94 6.04232
5.95 6.04311
5.96 6.04394
5.97 6.04479
5.98 6.04568
5.99 6.0466
6 6.04755
6.01 6.04853
6.02 6.04954
6.03 6.05056
6.04 6.05159
6.05 6.05263
6.06 6.05367
6.07 6.05473
6.08 6.05579
6.09 6.05686
6.1 6.05794
6.11 6.05904
6.12 6.06014
6.13 6.06125
6.14 6.06237
6.15 6.0635
6.16 6.06464
6.17 6.06579
6.18 6.06695
6.19 6.06812
6.2 6.06931
6.21 6.0705
6.22 6.07171
6.23 6.07293
6.24 6.07416
6.25 6.0754
6.26 6.07665
6.27 6.07792
6.28 6.07919
6.29 6.08048
6.3 6.08179
6.31 6.0831
6.32 6.08443
6.33 6.08577
6.34 6.08713
6.35 6.0885
6.36 6.08988
6.37 6.09127
6.38 6.09268
6.39 6.09411
6.4 6.09555
6.41 6.097
6.42 6.09847
6.43 6.09995
6.44 6.10145
6.45 6.10296
6.46 6.10449
6.47 6.10604
6.48 6.1076
6.49 6.10917
6.5 6.11077
6.51 6.11238
6.52 6.114
6.53 6.11564
6.54 6.1173
6.55 6.11898
6.56 6.12067
6.57 6.12238
6.58 6.12411
6.59 6.12585
6.6 6.12761
6.61 6.12939
6.62 6.13119
6.63 6.13301
6.64 6.13485
6.65 6.1367
6.66 6.13857
6.67 6.14047
6.68 6.14238
6.69 6.14431
6.7 6.14626
6.71 6.14823
6.72 6.15022
6.73 6.15223
6.74 6.15426
6.75 6.15631
6.76 6.15838
6.77 6.16047
6.78 6.16259
6.79 6.16472
6.8 6.16688
6.81 6.16905
6.82 6.17125
6.83 6.17347
6.84 6.17571
6.85 6.17798
6.86 6.18026
6.87 6.18257
6.88 6.1849
6.89 6.18726
6.9 6.18963
6.91 6.19203
6.92 6.19446
6.93 6.1969
6.94 6.19938
6.95 6.20187
6.96 6.20439
6.97 6.20693
6.98 6.2095
6.99 6.21209
7 6.21471
7.01 6.21735
7.02 6.22001
7.03 6.2227
7.04 6.22542
7.05 6.22816
7.06 6.23093
7.07 6.23372
7.08 6.23654
7.09 6.23939
7.1 6.24226
7.11 6.24516
7.12 6.24809
7.13 6.25104
7.14 6.25402
7.15 6.25702
7.16 6.26006
7.17 6.26312
7.18 6.26621
7.19 6.26933
7.2 6.27247
7.21 6.27565
7.22 6.27885
7.23 6.28208
7.24 6.28534
7.25 6.28863
7.26 6.29195
7.27 6.29529
7.28 6.29867
7.29 6.30208
7.3 6.30551
7.31 6.30899
7.32 6.31289
7.33 6.31744
7.34 6.32262
7.35 6.32842
7.36 6.33483
7.37 6.34185
7.38 6.34946
7.39 6.35765
7.4 6.36641
7.41 6.37574
7.42 6.38562
7.43 6.39605
7.44 6.40701
7.45 6.41849
7.46 6.43049
7.47 6.44299
7.48 6.45599
7.49 6.46947
7.5 6.48343
7.51 6.49785
7.52 6.51273
7.53 6.52805
7.54 6.54381
7.55 6.55999
7.56 6.57659
7.57 6.5936
7.58 6.611
7.59 6.62879
7.6 6.64695
7.61 6.66548
7.62 6.68437
7.63 6.70361
7.64 6.72318
7.65 6.74308
7.66 6.7633
7.67 6.78382
7.68 6.80464
7.69 6.82576
7.7 6.84714
7.71 6.8688
7.72 6.89072
7.73 6.91288
7.74 6.93529
7.75 6.95792
7.76 6.98077
7.77 7.00383
7.78 7.0271
7.79 7.05055
7.8 7.07418
7.81 7.09798
7.82 7.12194
7.83 7.14605
7.84 7.1703
7.85 7.19469
7.86 7.21919
7.87 7.2438
7.88 7.26852
7.89 7.29333
7.9 7.31822
7.91 7.34318
7.92 7.3682
7.93 7.39328
7.94 7.41839
7.95 7.44354
7.96 7.46871
7.97 7.4939
7.98 7.51909
7.99 7.54427
8 7.56943
8.01 7.59457
8.02 7.61967
8.03 7.64472
8.04 7.66972
8.05 7.69466
8.06 7.71951
8.07 7.74428
8.08 7.76896
8.09 7.79353
8.1 7.81799
8.11 7.84232
8.12 7.86651
8.13 7.89057
8.14 7.91446
8.15 7.9382
8.16 7.96176
8.17 7.98513
8.18 8.00831
8.19 8.03129
8.2 8.05405
8.21 8.07659
8.22 8.0989
8.23 8.12097
8.24 8.14278
8.25 8.16433
8.26 8.18561
8.27 8.2066
8.28 8.22731
8.29 8.24771
8.3 8.2678
8.31 8.28757
8.32 8.307
8.33 8.3261
8.34 8.34484
8.35 8.36323
8.36 8.38124
8.37 8.39887
8.38 8.41611
8.39 8.43295
8.4 8.44939
8.41 8.4654
8.42 8.48098
8.43 8.49612
8.44 8.51081
8.45 8.52505
8.46 8.53881
8.47 8.5521
8.48 8.5649
8.49 8.5772
8.5 8.58899
8.51 8.60026
8.52 8.611
8.53 8.62121
8.54 8.63087
8.55 8.63997
8.56 8.6485
8.57 8.65646
8.58 8.66383
8.59 8.6706
8.6 8.67678
8.61 8.68264
8.62 8.68824
8.63 8.69361
8.64 8.69874
8.65 8.70364
8.66 8.70832
8.67 8.71278
8.68 8.71703
8.69 8.72106
8.7 8.72489
8.71 8.72853
8.72 8.73197
8.73 8.73522
8.74 8.73829
8.75 8.74117
8.76 8.74389
8.77 8.74644
8.78 8.74882
8.79 8.75104
8.8 8.75312
8.81 8.75504
8.82 8.75682
8.83 8.75847
8.84 8.75998
8.85 8.76136
8.86 8.76262
8.87 8.76376
8.88 8.76479
8.89 8.76571
8.9 8.76654
8.91 8.76726
8.92 8.76789
8.93 8.76843
8.94 8.7689
8.95 8.76928
8.96 8.7696
8.97 8.76984
8.98 8.77003
8.99 8.77016
9 8.77023
9.01 8.77026
9.02 8.77025
9.03 8.77021
9.04 8.77013
9.05 8.77003
9.06 8.7699
9.07 8.76976
9.08 8.76961
9.09 8.76945
9.1 8.76929
9.11 8.76914
9.12 8.769
9.13 8.76887
9.14 8.76876
9.15 8.76867
9.16 8.76862
9.17 8.7686
9.18 8.76862
9.19 8.76868
9.2 8.7688
9.21 8.76897
9.22 8.7692
9.23 8.7695
9.24 8.76986
9.25 8.77031
9.26 8.77083
9.27 8.77144
9.28 8.77214
9.29 8.77293
9.3 8.77383
9.31 8.77483
9.32 8.77595
9.33 8.77718
9.34 8.77853
9.35 8.78001
9.36 8.78162
9.37 8.78336
9.38 8.78525
9.39 8.78729
9.4 8.78947
9.41 8.79182
9.42 8.79432
9.43 8.797
9.44 8.79984
9.45 8.80286
9.46 8.80607
9.47 8.80946
9.48 8.81304
9.49 8.81683
9.5 8.82081
9.51 8.825
9.52 8.82941
9.53 8.83403
9.54 8.83888
9.55 8.84395
9.56 8.84926
9.57 8.85481
9.58 8.8606
9.59 8.8666
9.6 8.87264
9.61 8.87868
9.62 8.88473
9.63 8.89078
9.64 8.89685
9.65 8.90292
9.66 8.90901
9.67 8.91512
9.68 8.92124
9.69 8.92739
9.7 8.93356
9.71 8.93975
9.72 8.94597
9.73 8.95222
9.74 8.9585
9.75 8.96481
9.76 8.97116
9.77 8.97755
9.78 8.98398
9.79 8.99045
9.8 8.99696
9.81 9.00352
9.82 9.01013
9.83 9.01678
9.84 9.02349
9.85 9.03026
9.86 9.03708
9.87 9.04396
9.88 9.0509
9.89 9.05791
9.9 9.06498
9.91 9.07212
9.92 9.07933
9.93 9.08661
9.94 9.09396
9.95 9.10139
9.96 9.1089
9.97 9.11648
9.98 9.12416
9.99 9.13191
10 9.13975
