1 1.5403
1.01 1.5499
1.02 1.55949
1.03 1.56909
1.04 1.57869
1.05 1.58828
1.06 1.59788
1.07 1.60748
1.08 1.61708
1.09 1.62669
1.1 1.63629
1.11 1.64589
1.12 1.6555
1.13 1.6651
1.14 1.67471
1.15 1.68432
1.16 1.69393
1.17 1.70355
1.18 1.71316
1.19 1.72278
1.2 1.73239
1.21 1.74201
1.22 1.75163
1.23 1.76126
1.24 1.77088
1.25 1.78051
1.26 1.79014
1.27 1.79977
1.28 1.8094
1.29 1.81904
1.3 1.82868
1.31 1.83832
1.32 1.84796
1.33 1.8576
1.34 1.86725
1.35 1.8769
1.36 1.88655
1.37 1.89621
1.38 1.90587
1.39 1.91553
1.4 1.92519
1.41 1.93486
1.42 1.94453
1.43 1.9542
1.44 1.96387
1.45 1.97355
1.46 1.98323
1.47 1.99292
1.48 2.00261
1.49 2.0123
1.5 2.02199
1.51 2.03169
1.52 2.04139
1.53 2.0511
1.54 2.06081
1.55 2.07052
1.56 2.08024
1.57 2.08996
1.58 2.09968
1.59 2.10941
1.6 2.11915
1.61 2.12888
1.62 2.13862
1.63 2.14837
1.64 2.15812
1.65 2.16787
1.66 2.17763
1.67 2.18739
1.68 2.19715
1.69 2.20692
1.7 2.2167
1.71 2.22648
1.72 2.23626
1.73 2.24605
1.74 2.25585
1.75 2.26565
1.76 2.27545
1.77 2.28526
1.78 2.29507
1.79 2.30489
1.8 2.31472
1.81 2.32454
1.82 2.33438
1.83 2.34422
1.84 2.35406
1.85 2.36391
1.86 2.37377
1.87 2.38363
1.88 2.3935
1.89 2.40337
1.9 2.41325
1.91 2.42313
1.92 2.43302
1.93 2.44292
1.94 2.45282
1.95 2.46273
1.96 2.47264
1.97 2.48256
1.98 2.49249
1.99 2.50242
2 2.51236
2.01 2.5223
2.02 2.53225
2.03 2.54221
2.04 2.55217
2.05 2.56214
2.06 2.57212
2.07 2.5821
2.08 2.59209
2.09 2.60209
2.1 2.61209
2.11 2.6221
2.12 2.63212
2.13 2.64215
2.14 2.65218
2.15 2.66222
2.16 2.67226
2.17 2.68232
2.18 2.69238
2.19 2.70244
2.2 2.71252
2.21 2.7226
2.22 2.73269
2.23 2.74279
2.24 2.7529
2.25 2.76301
2.26 2.77313
2.27 2.78326
2.28 2.79339
2.29 2.80354
2.3 2.81369
2.31 2.82385
2.32 2.834
2.33 2.84415
2.34 2.85429
2.35 2.86442
2.36 2.87453
2.37 2.88461
2.38 2.89467
2.39 2.90469
2.4 2.91467
2.41 2.92462
2.42 2.93451
2.43 2.94436
2.44 2.95415
2.45 2.96388
2.46 2.97354
2.47 2.98313
2.48 2.99265
2.49 3.0021
2.5 3.01145
2.51 3.02072
2.52 3.0299
2.53 3.03898
2.54 3.04795
2.55 3.05682
2.56 3.06558
2.57 3.07422
2.58 3.08275
2.59 3.09114
2.6 3.09941
2.61 3.10754
2.62 3.11554
2.63 3.12339
2.64 3.13109
2.65 3.13864
2.66 3.14603
2.67 3.15326
2.68 3.16033
2.69 3.16722
2.7 3.17393
2.71 3.18047
2.72 3.18682
2.73 3.19298
2.74 3.19895
2.75 3.20472
2.76 3.21028
2.77 3.21563
2.78 3.22078
2.79 3.2257
2.8 3.23041
2.81 3.23488
2.82 3.23913
2.83 3.24314
2.84 3.24691
2.85 3.25043
2.86 3.2537
2.87 3.25672
2.88 3.25948
2.89 3.26198
2.9 3.26421
2.91 3.26616
2.92 3.26784
2.93 3.26924
2.94 3.27035
2.95 3.27117
2.96 3.27169
2.97 3.27191
2.98 3.27183
2.99 3.27143
3 3.27073
3.01 3.2697
3.02 3.26835
3.03 3.26667
3.04 3.26466
3.05 3.26231
3.06 3.25962
3.07 3.25658
3.08 3.2532
3.09 3.24945
3.1 3.24535
3.11 3.24087
3.12 3.23603
3.13 3.23082
3.14 3.22523
3.15 3.21925
3.16 3.21288
3.17 3.20613
3.18 3.19897
3.19 3.19141
3.2 3.18345
3.21 3.17507
3.22 3.16628
3.23 3.15707
3.24 3.14743
3.25 3.13736
3.26 3.12686
3.27 3.11592
3.28 3.10453
3.29 3.0927
3.3 3.08043
3.31 3.06776
3.32 3.05472
3.33 3.04135
3.34 3.02769
3.35 3.01378
3.36 2.99965
3.37 2.98534
3.38 2.97089
3.39 2.95634
3.4 2.94171
3.41 2.92706
3.42 2.91241
3.43 2.8978
3.44 2.88328
3.45 2.86887
3.46 2.85462
3.47 2.84056
3.48 2.82674
3.49 2.81317
3.5 2.79991
3.51 2.787
3.52 2.77446
3.53 2.76234
3.54 2.75067
3.55 2.73949
3.56 2.72883
3.57 2.71874
3.58 2.70926
3.59 2.70041
3.6 2.69224
3.61 2.68478
3.62 2.67807
3.63 2.67215
3.64 2.66705
3.65 2.66282
3.66 2.65948
3.67 2.65708
3.68 2.65566
3.69 2.65525
3.7 2.65588
3.71 2.6576
3.72 2.66044
3.73 2.66444
3.74 2.66964
3.75 2.67607
3.76 2.68377
3.77 2.69279
3.78 2.70314
3.79 2.71488
3.8 2.72804
3.81 2.74266
3.82 2.75877
3.83 2.77642
3.84 2.79563
3.85 2.81645
3.86 2.83891
3.87 2.86305
3.88 2.88891
3.89 2.91652
3.9 2.94593
3.91 2.97716
3.92 3.01026
3.93 3.04519
3.94 3.08188
3.95 3.12026
3.96 3.16026
3.97 3.2018
3.98 3.2448
3.99 3.2892
4 3.33493
4.01 3.38191
4.02 3.43006
4.03 3.47932
4.04 3.5296
4.05 3.58085
4.06 3.63298
4.07 3.68593
4.08 3.73961
4.09 3.79396
4.1 3.84891
4.11 3.90437
4.12 3.96028
4.13 4.01657
4.14 4.07316
4.15 4.12998
4.16 4.18695
4.17 4.244
4.18 4.30107
4.19 4.35807
4.2 4.41493
4.21 4.47159
4.22 4.52796
4.23 4.58398
4.24 4.63957
4.25 4.69465
4.26 4.74917
4.27 4.80303
4.28 4.85618
4.29 4.90853
4.3 4.96002
4.31 5.01057
4.32 5.0601
4.33 5.10855
4.34 5.15584
4.35 5.20191
4.36 5.24666
4.37 5.29004
4.38 5.33197
4.39 5.3724
4.4 5.41135
4.41 5.44884
4.42 5.48489
4.43 5.51954
4.44 5.55281
4.45 5.58472
4.46 5.6153
4.47 5.64458
4.48 5.67259
4.49 5.69934
4.5 5.72487
4.51 5.7492
4.52 5.77236
4.53 5.79437
4.54 5.81526
4.55 5.83505
4.56 5.85378
4.57 5.87146
4.58 5.88813
4.59 5.9038
4.6 5.91851
4.61 5.93228
4.62 5.94514
4.63 5.95711
4.64 5.96822
4.65 5.9785
4.66 5.98796
4.67 5.99664
4.68 6.00457
4.69 6.01176
4.7 6.01825
4.71 6.02406
4.72 6.02922
4.73 6.03375
4.74 6.03767
4.75 6.04102
4.76 6.04383
4.77 6.04611
4.78 6.04789
4.79 6.0492
4.8 6.05006
4.81 6.05051
4.82 6.05056
4.83 6.05024
4.84 6.04959
4.85 6.04861
4.86 6.04735
4.87 6.04583
4.88 6.04406
4.89 6.04209
4.9 6.03993
4.91 6.03761
4.92 6.03515
4.93 6.03259
4.94 6.02994
4.95 6.02724
4.96 6.02452
4.97 6.02178
4.98 6.01907
4.99 6.01641
5 6.01382
5.01 6.01133
5.02 6.00896
5.03 6.00672
5.04 6.00461
5.05 6.00262
5.06 6.00075
5.07 5.999
5.08 5.99736
5.09 5.99584
5.1 5.99443
5.11 5.99313
5.12 5.99194
5.13 5.99085
5.14 5.98987
5.15 5.98899
5.16 5.9882
5.17 5.98751
5.18 5.98692
5.19 5.98642
5.2 5.98601
5.21 5.98569
5.22 5.98545
5.23 5.98529
5.24 5.98522
5.25 5.98522
5.26 5.98531
5.27 5.98546
5.28 5.98569
5.29 5.98599
5.3 5.98636
5.31 5.98679
5.32 5.98729
5.33 5.98784
5.34 5.98846
5.35 5.98913
5.36 5.98986
5.37 5.99064
5.38 5.99147
5.39 5.99235
5.4 5.99328
5.41 5.99424
5.42 5.99525
5.43 5.9963
5.44 5.99739
5.45 5.99851
5.46 5.99966
5.47 6.00085
5.48 6.00206
5.49 6.0033
5.5 6.00456
5.51 6.00585
5.52 6.00715
5.53 6.00847
5.54 6.00981
5.55 6.01116
5.56 6.01252
5.57 6.01388
5.58 6.01526
5.59 6.01664
5.6 6.01802
5.61 6.0194
5.62 6.02078
5.63 6.02215
5.64 6.02351
5.65 6.02487
5.66 6.02622
5.67 6.02755
5.68 6.02887
5.69 6.03016
5.7 6.03144
5.71 6.0327
5.72 6.03393
5.73 6.03513
5.74 6.03631
5.75 6.03745
5.76 6.03856
5.77 6.03964
5.78 6.04068
5.79 6.04168
5.8 6.04263
5.81 6.04354
5.82 6.04441
5.83 6.04522
5.84 6.04599
5.85 6.0467
5.86 6.04736
5.87 6.04796
5.88 6.0485
5.89 6.04898
5.9 6.04939
5.91 6.04974
5.92 6.05001
5.93 6.05022
5.94 6.05036
5.95 6.05042
5.96 6.0504
5.97 6.0503
5.98 6.05012
5.99 6.04986
6 6.04951
6.01 6.04907
6.02 6.04855
6.03 6.04793
6.04 6.04723
6.05 6.04644
6.06 6.04557
6.07 6.04463
6.08 6.04361
6.09 6.04252
6.1 6.04136
6.11 6.04014
6.12 6.03885
6.13 6.0375
6.14 6.0361
6.15 6.03465
6.16 6.03314
6.17 6.03159
6.18 6.02999
6.19 6.02836
6.2 6.02668
6.21 6.02497
6.22 6.02323
6.23 6.02146
6.24 6.01966
6.25 6.01784
6.26 6.016
6.27 6.01414
6.28 6.01227
6.29 6.01039
6.3 6.00849
6.31 6.0066
6.32 6.0047
6.33 6.00281
6.34 6.00091
6.35 5.99903
6.36 5.99715
6.37 5.99529
6.38 5.99345
6.39 5.99162
6.4 5.98982
6.41 5.98804
6.42 5.98629
6.43 5.98457
6.44 5.98288
6.45 5.98124
6.46 5.97963
6.47 5.97807
6.48 5.97655
6.49 5.97508
6.5 5.97367
6.51 5.97231
6.52 5.97101
6.53 5.96977
6.54 5.96859
6.55 5.96748
6.56 5.96645
6.57 5.96548
6.58 5.96459
6.59 5.96379
6.6 5.96306
6.61 5.96242
6.62 5.96187
6.63 5.96141
6.64 5.96105
6.65 5.96078
6.66 5.96062
6.67 5.96055
6.68 5.9606
6.69 5.96075
6.7 5.96102
6.71 5.9614
6.72 5.96191
6.73 5.96253
6.74 5.96328
6.75 5.96415
6.76 5.96516
6.77 5.9663
6.78 5.96758
6.79 5.969
6.8 5.97056
6.81 5.97227
6.82 5.97412
6.83 5.97613
6.84 5.9783
6.85 5.98062
6.86 5.9831
6.87 5.98575
6.88 5.98856
6.89 5.99155
6.9 5.9947
6.91 5.99804
6.92 6.00155
6.93 6.00524
6.94 6.00912
6.95 6.01319
6.96 6.01745
6.97 6.0219
6.98 6.02656
6.99 6.03141
7 6.03646
7.01 6.04172
7.02 6.04719
7.03 6.05288
7.04 6.05878
7.05 6.06489
7.06 6.07123
7.07 6.07779
7.08 6.08458
7.09 6.0916
7.1 6.09886
7.11 6.10635
7.12 6.11408
7.13 6.12205
7.14 6.13027
7.15 6.13874
7.16 6.14746
7.17 6.15643
7.18 6.16566
7.19 6.17515
7.2 6.18491
7.21 6.19493
7.22 6.20523
7.23 6.21579
7.24 6.22663
7.25 6.23775
7.26 6.24915
7.27 6.26084
7.28 6.27281
7.29 6.28508
7.3 6.29764
7.31 6.31049
7.32 6.32364
7.33 6.33709
7.34 6.35083
7.35 6.36485
7.36 6.37915
7.37 6.39372
7.38 6.40856
7.39 6.42366
7.4 6.43902
7.41 6.45464
7.42 6.4705
7.43 6.48661
7.44 6.50296
7.45 6.51954
7.46 6.53634
7.47 6.55338
7.48 6.57063
7.49 6.58809
7.5 6.60576
7.51 6.62363
7.52 6.64171
7.53 6.65997
7.54 6.67843
7.55 6.69707
7.56 6.71588
7.57 6.73487
7.58 6.75403
7.59 6.77335
7.6 6.79283
7.61 6.81246
7.62 6.83224
7.63 6.85216
7.64 6.87223
7.65 6.89242
7.66 6.91274
7.67 6.93319
7.68 6.95375
7.69 6.97443
7.7 6.99521
7.71 7.0161
7.72 7.03709
7.73 7.05817
7.74 7.07933
7.75 7.10058
7.76 7.12191
7.77 7.14331
7.78 7.16478
7.79 7.18631
7.8 7.2079
7.81 7.22954
7.82 7.25123
7.83 7.27296
7.84 7.29473
7.85 7.31653
7.86 7.33836
7.87 7.36021
7.88 7.38208
7.89 7.40397
7.9 7.42586
7.91 7.44775
7.92 7.46964
7.93 7.49153
7.94 7.5134
7.95 7.53525
7.96 7.55708
7.97 7.57889
7.98 7.60066
7.99 7.62239
8 7.64408
8.01 7.66573
8.02 7.68732
8.03 7.70885
8.04 7.73032
8.05 7.75173
8.06 7.77306
8.07 7.79431
8.08 7.81548
8.09 7.83657
8.1 7.85756
8.11 7.87845
8.12 7.89924
8.13 7.91992
8.14 7.94049
8.15 7.96094
8.16 7.98127
8.17 8.00147
8.18 8.02154
8.19 8.04147
8.2 8.06126
8.21 8.0809
8.22 8.10038
8.23 8.11971
8.24 8.13888
8.25 8.15787
8.26 8.1767
8.27 8.19535
8.28 8.21381
8.29 8.23209
8.3 8.25017
8.31 8.26805
8.32 8.28573
8.33 8.30321
8.34 8.32047
8.35 8.33751
8.36 8.35433
8.37 8.37092
8.38 8.38728
8.39 8.4034
8.4 8.41927
8.41 8.4349
8.42 8.45028
8.43 8.46539
8.44 8.48025
8.45 8.49483
8.46 8.50914
8.47 8.52318
8.48 8.53693
8.49 8.55039
8.5 8.56356
8.51 8.57642
8.52 8.58899
8.53 8.60125
8.54 8.61319
8.55 8.62482
8.56 8.63612
8.57 8.6471
8.58 8.65774
8.59 8.66804
8.6 8.678
8.61 8.68761
8.62 8.69688
8.63 8.70582
8.64 8.71444
8.65 8.72273
8.66 8.7307
8.67 8.73836
8.68 8.74571
8.69 8.75277
8.7 8.75953
8.71 8.766
8.72 8.77219
8.73 8.7781
8.74 8.78373
8.75 8.78911
8.76 8.79422
8.77 8.79907
8.78 8.80368
8.79 8.80804
8.8 8.81216
8.81 8.81606
8.82 8.81972
8.83 8.82316
8.84 8.82639
8.85 8.82941
8.86 8.83222
8.87 8.83483
8.88 8.83725
8.89 8.83949
8.9 8.84154
8.91 8.84341
8.92 8.84511
8.93 8.84665
8.94 8.84803
8.95 8.84926
8.96 8.85033
8.97 8.85127
8.98 8.85206
8.99 8.85273
9 8.85327
9.01 8.85369
9.02 8.854
9.03 8.85419
9.04 8.85429
9.05 8.85428
9.06 8.85419
9.07 8.854
9.08 8.85374
9.09 8.8534
9.1 8.85299
9.11 8.85252
9.12 8.85199
9.13 8.85141
9.14 8.85078
9.15 8.85011
9.16 8.8494
9.17 8.84867
9.18 8.84791
9.19 8.84713
9.2 8.84633
9.21 8.84553
9.22 8.84473
9.23 8.84393
9.24 8.84314
9.25 8.84237
9.26 8.84162
9.27 8.84089
9.28 8.84019
9.29 8.83954
9.3 8.83892
9.31 8.83836
9.32 8.83784
9.33 8.83739
9.34 8.83701
9.35 8.83669
9.36 8.83645
9.37 8.8363
9.38 8.83623
9.39 8.83626
9.4 8.83638
9.41 8.83661
9.42 8.83695
9.43 8.83741
9.44 8.83799
9.45 8.8387
9.46 8.83954
9.47 8.84052
9.48 8.84164
9.49 8.84291
9.5 8.84434
9.51 8.84593
9.52 8.84769
9.53 8.84962
9.54 8.85173
9.55 8.85402
9.56 8.8565
9.57 8.85917
9.58 8.86205
9.59 8.86513
9.6 8.86842
9.61 8.87192
9.62 8.87561
9.63 8.87951
9.64 8.88359
9.65 8.88787
9.66 8.89233
9.67 8.89698
9.68 8.90181
9.69 8.90681
9.7 8.91199
9.71 8.91734
9.72 8.92286
9.73 8.92854
9.74 8.93438
9.75 8.94038
9.76 8.94653
9.77 8.95284
9.78 8.95928
9.79 8.96588
9.8 8.97261
9.81 8.97948
9.82 8.98648
9.83 8.99362
9.84 9.00088
9.85 9.00826
9.86 9.01577
9.87 9.02339
9.88 9.03112
9.89 9.03897
9.9 9.04692
9.91 9.05497
9.92 9.06313
9.93 9.07138
9.94 9.07972
9.95 9.08816
9.96 9.09668
9.97 9.10528
9.98 9.11397
9.99 9.12273
10 9.13156
