10 8e-06
20 2e-06
30 5e-06
40 1e-05
50 1.7e-05
60 2.9e-05
70 4.4e-05
80 6.4e-05
90 9.1e-05
100 0.000126
110 0.00034
120 0.000271
130 0.000312
140 0.000358
150 0.000434
160 0.000507
170 0.000613
180 0.000864
190 0.000856
200 0.000991
210 0.001467
220 0.001313
230 0.001674
240 0.001716
250 0.001946
260 0.002373
270 0.002427
280 0.003021
290 0.002995
300 0.003717
310 0.003917
320 0.004302
330 0.004383
340 0.005179
350 0.005294
360 0.006194
370 0.007225
380 0.006849
390 0.007556
400 0.008251
410 0.009135
420 0.009446
430 0.010151
440 0.011123
450 0.011878
460 0.012387
470 0.013274
480 0.014639
490 0.015137
500 0.01608
510 0.017055
520 0.017945
530 0.019067
540 0.020956
550 0.022989
560 0.025309
570 0.025531
580 0.029141
590 0.027843
600 0.032181
610 0.033695
620 0.032201
630 0.032866
640 0.034312
650 0.036161
660 0.04149
670 0.041673
680 0.042312
690 0.047163
700 0.047185
710 0.048386
720 0.04873
730 0.048918
740 0.052521
750 0.056339
760 0.05911
770 0.059823
780 0.060082
790 0.064032
800 0.066529
810 0.066927
820 0.069875
830 0.071858
840 0.07712
850 0.078846
860 0.080709
870 0.082784
880 0.087551
890 0.088819
900 0.097423
910 0.093908
920 0.102438
930 0.101898
940 0.10363
950 0.108643
960 0.112339
970 0.115475
980 0.118412
990 0.122775
1000 0.127307
