10 5e-06
20 1e-06
30 1e-06
40 2e-06
50 2e-06
60 3e-06
70 5e-06
80 5e-06
90 7e-06
100 8e-06
110 1.4e-05
120 1.4e-05
130 1.4e-05
140 1.6e-05
150 1.8e-05
160 1.9e-05
170 3.1e-05
180 2.6e-05
190 2.7e-05
200 3.1e-05
210 4.5e-05
220 3.7e-05
230 6.1e-05
240 4.4e-05
250 4.7e-05
260 5.3e-05
270 5.6e-05
280 6.2e-05
290 6.5e-05
300 6.7e-05
310 9.6e-05
320 7.8e-05
330 8.2e-05
340 8.9e-05
350 9.3e-05
360 9.9e-05
370 0.000105
380 0.000125
390 0.000278
400 0.00013
410 0.000129
420 0.000134
430 0.00014
440 0.000147
450 0.000154
460 0.00016
470 0.000167
480 0.000139
490 0.000188
500 0.000183
510 0.000196
520 0.000204
530 0.000213
540 0.000221
550 0.000234
560 0.000284
570 0.000295
580 0.000277
590 0.000274
600 0.000311
610 0.000409
620 0.000329
630 0.000314
640 0.000365
650 0.000492
660 0.000406
670 0.000398
680 0.00044
690 0.000574
700 0.000513
710 0.000727
720 0.000408
730 0.000432
740 0.000448
750 0.000479
760 0.000711
770 0.000525
780 0.000493
790 0.000534
800 0.00053
810 0.000542
820 0.000519
830 0.000512
840 0.000595
850 0.000578
860 0.000562
870 0.000862
880 0.000779
890 0.000611
900 0.000644
910 0.000648
920 0.000678
930 0.00087
940 0.00066
950 0.000738
960 0.000758
970 0.00059
980 0.000922
990 0.00076
1000 0.000846
