-1 2.71828
-0.999 2.71285
-0.998 2.70744
-0.997 2.70204
-0.996 2.69666
-0.995 2.6913
-0.994 2.68595
-0.993 2.68062
-0.992 2.67531
-0.991 2.67001
-0.99 2.66472
-0.989 2.65945
-0.988 2.6542
-0.987 2.64897
-0.986 2.64374
-0.985 2.63854
-0.984 2.63335
-0.983 2.62817
-0.982 2.62301
-0.981 2.61787
-0.98 2.61274
-0.979 2.60763
-0.978 2.60253
-0.977 2.59745
-0.976 2.59238
-0.975 2.58733
-0.974 2.58229
-0.973 2.57727
-0.972 2.57226
-0.971 2.56727
-0.97 2.56229
-0.969 2.55732
-0.968 2.55238
-0.967 2.54744
-0.966 2.54252
-0.965 2.53762
-0.964 2.53273
-0.963 2.52785
-0.962 2.52299
-0.961 2.51814
-0.96 2.51331
-0.959 2.50849
-0.958 2.50369
-0.957 2.4989
-0.956 2.49412
-0.955 2.48936
-0.954 2.48461
-0.953 2.47988
-0.952 2.47516
-0.951 2.47045
-0.95 2.46576
-0.949 2.46108
-0.948 2.45642
-0.947 2.45177
-0.946 2.44713
-0.945 2.44251
-0.944 2.4379
-0.943 2.4333
-0.942 2.42872
-0.941 2.42415
-0.94 2.4196
-0.939 2.41505
-0.938 2.41052
-0.937 2.40601
-0.936 2.40151
-0.935 2.39702
-0.934 2.39254
-0.933 2.38808
-0.932 2.38363
-0.931 2.37919
-0.93 2.37477
-0.929 2.37036
-0.928 2.36596
-0.927 2.36158
-0.926 2.3572
-0.925 2.35284
-0.924 2.3485
-0.923 2.34416
-0.922 2.33984
-0.921 2.33553
-0.92 2.33124
-0.919 2.32696
-0.918 2.32269
-0.917 2.31843
-0.916 2.31418
-0.915 2.30995
-0.914 2.30573
-0.913 2.30152
-0.912 2.29732
-0.911 2.29314
-0.91 2.28897
-0.909 2.28481
-0.908 2.28066
-0.907 2.27652
-0.906 2.2724
-0.905 2.26829
-0.904 2.26419
-0.903 2.2601
-0.902 2.25602
-0.901 2.25196
-0.9 2.24791
-0.899 2.24387
-0.898 2.23984
-0.897 2.23582
-0.896 2.23182
-0.895 2.22782
-0.894 2.22384
-0.893 2.21987
-0.892 2.21591
-0.891 2.21196
-0.89 2.20803
-0.889 2.2041
-0.888 2.20019
-0.887 2.19629
-0.886 2.1924
-0.885 2.18852
-0.884 2.18465
-0.883 2.18079
-0.882 2.17695
-0.881 2.17311
-0.88 2.16929
-0.879 2.16548
-0.878 2.16168
-0.877 2.15788
-0.876 2.15411
-0.875 2.15034
-0.874 2.14658
-0.873 2.14283
-0.872 2.1391
-0.871 2.13537
-0.87 2.13166
-0.869 2.12795
-0.868 2.12426
-0.867 2.12058
-0.866 2.11691
-0.865 2.11324
-0.864 2.10959
-0.863 2.10595
-0.862 2.10232
-0.861 2.0987
-0.86 2.0951
-0.859 2.0915
-0.858 2.08791
-0.857 2.08433
-0.856 2.08076
-0.855 2.07721
-0.854 2.07366
-0.853 2.07012
-0.852 2.0666
-0.851 2.06308
-0.85 2.05957
-0.849 2.05608
-0.848 2.05259
-0.847 2.04912
-0.846 2.04565
-0.845 2.04219
-0.844 2.03875
-0.843 2.03531
-0.842 2.03188
-0.841 2.02847
-0.84 2.02506
-0.839 2.02166
-0.838 2.01828
-0.837 2.0149
-0.836 2.01153
-0.835 2.00817
-0.834 2.00482
-0.833 2.00148
-0.832 1.99815
-0.831 1.99483
-0.83 1.99152
-0.829 1.98822
-0.828 1.98493
-0.827 1.98165
-0.826 1.97837
-0.825 1.97511
-0.824 1.97186
-0.823 1.96861
-0.822 1.96538
-0.821 1.96215
-0.82 1.95893
-0.819 1.95572
-0.818 1.95253
-0.817 1.94934
-0.816 1.94616
-0.815 1.94298
-0.814 1.93982
-0.813 1.93667
-0.812 1.93352
-0.811 1.93039
-0.81 1.92726
-0.809 1.92414
-0.808 1.92103
-0.807 1.91793
-0.806 1.91484
-0.805 1.91176
-0.804 1.90869
-0.803 1.90562
-0.802 1.90257
-0.801 1.89952
-0.8 1.89648
-0.799 1.89345
-0.798 1.89043
-0.797 1.88742
-0.796 1.88441
-0.795 1.88142
-0.794 1.87843
-0.793 1.87545
-0.792 1.87248
-0.791 1.86952
-0.79 1.86657
-0.789 1.86362
-0.788 1.86068
-0.787 1.85776
-0.786 1.85484
-0.785 1.85192
-0.784 1.84902
-0.783 1.84613
-0.782 1.84324
-0.781 1.84036
-0.78 1.83749
-0.779 1.83463
-0.778 1.83177
-0.777 1.82893
-0.776 1.82609
-0.775 1.82326
-0.774 1.82044
-0.773 1.81762
-0.772 1.81482
-0.771 1.81202
-0.77 1.80923
-0.769 1.80645
-0.768 1.80367
-0.767 1.80091
-0.766 1.79815
-0.765 1.7954
-0.764 1.79265
-0.763 1.78992
-0.762 1.78719
-0.761 1.78447
-0.76 1.78176
-0.759 1.77905
-0.758 1.77636
-0.757 1.77367
-0.756 1.77099
-0.755 1.76831
-0.754 1.76565
-0.753 1.76299
-0.752 1.76034
-0.751 1.75769
-0.75 1.75506
-0.749 1.75243
-0.748 1.74981
-0.747 1.74719
-0.746 1.74458
-0.745 1.74199
-0.744 1.73939
-0.743 1.73681
-0.742 1.73423
-0.741 1.73166
-0.74 1.7291
-0.739 1.72654
-0.738 1.724
-0.737 1.72145
-0.736 1.71892
-0.735 1.71639
-0.734 1.71387
-0.733 1.71136
-0.732 1.70886
-0.731 1.70636
-0.73 1.70387
-0.729 1.70138
-0.728 1.69891
-0.727 1.69644
-0.726 1.69397
-0.725 1.69152
-0.724 1.68907
-0.723 1.68663
-0.722 1.68419
-0.721 1.68176
-0.72 1.67934
-0.719 1.67692
-0.718 1.67452
-0.717 1.67212
-0.716 1.66972
-0.715 1.66733
-0.714 1.66495
-0.713 1.66258
-0.712 1.66021
-0.711 1.65785
-0.71 1.6555
-0.709 1.65315
-0.708 1.65081
-0.707 1.64847
-0.706 1.64615
-0.705 1.64382
-0.704 1.64151
-0.703 1.6392
-0.702 1.6369
-0.701 1.63461
-0.7 1.63232
-0.699 1.63004
-0.698 1.62776
-0.697 1.62549
-0.696 1.62323
-0.695 1.62097
-0.694 1.61872
-0.693 1.61648
-0.692 1.61424
-0.691 1.61201
-0.69 1.60979
-0.689 1.60757
-0.688 1.60535
-0.687 1.60315
-0.686 1.60095
-0.685 1.59876
-0.684 1.59657
-0.683 1.59439
-0.682 1.59221
-0.681 1.59004
-0.68 1.58788
-0.679 1.58572
-0.678 1.58357
-0.677 1.58143
-0.676 1.57929
-0.675 1.57716
-0.674 1.57503
-0.673 1.57291
-0.672 1.5708
-0.671 1.56869
-0.67 1.56659
-0.669 1.56449
-0.668 1.5624
-0.667 1.56032
-0.666 1.55824
-0.665 1.55617
-0.664 1.5541
-0.663 1.55204
-0.662 1.54998
-0.661 1.54793
-0.66 1.54589
-0.659 1.54385
-0.658 1.54182
-0.657 1.5398
-0.656 1.53777
-0.655 1.53576
-0.654 1.53375
-0.653 1.53175
-0.652 1.52975
-0.651 1.52776
-0.65 1.52577
-0.649 1.52379
-0.648 1.52182
-0.647 1.51985
-0.646 1.51788
-0.645 1.51592
-0.644 1.51397
-0.643 1.51202
-0.642 1.51008
-0.641 1.50815
-0.64 1.50622
-0.639 1.50429
-0.638 1.50237
-0.637 1.50046
-0.636 1.49855
-0.635 1.49664
-0.634 1.49475
-0.633 1.49285
-0.632 1.49097
-0.631 1.48908
-0.63 1.48721
-0.629 1.48534
-0.628 1.48347
-0.627 1.48161
-0.626 1.47975
-0.625 1.4779
-0.624 1.47606
-0.623 1.47422
-0.622 1.47239
-0.621 1.47056
-0.62 1.46873
-0.619 1.46691
-0.618 1.4651
-0.617 1.46329
-0.616 1.46149
-0.615 1.45969
-0.614 1.4579
-0.613 1.45611
-0.612 1.45433
-0.611 1.45255
-0.61 1.45078
-0.609 1.44901
-0.608 1.44725
-0.607 1.44549
-0.606 1.44374
-0.605 1.44199
-0.604 1.44025
-0.603 1.43851
-0.602 1.43678
-0.601 1.43505
-0.6 1.43333
-0.599 1.43161
-0.598 1.4299
-0.597 1.42819
-0.596 1.42649
-0.595 1.42479
-0.594 1.4231
-0.593 1.42141
-0.592 1.41973
-0.591 1.41805
-0.59 1.41637
-0.589 1.4147
-0.588 1.41304
-0.587 1.41138
-0.586 1.40973
-0.585 1.40808
-0.584 1.40643
-0.583 1.40479
-0.582 1.40316
-0.581 1.40152
-0.58 1.3999
-0.579 1.39828
-0.578 1.39666
-0.577 1.39505
-0.576 1.39344
-0.575 1.39184
-0.574 1.39024
-0.573 1.38865
-0.572 1.38706
-0.571 1.38547
-0.57 1.38389
-0.569 1.38232
-0.568 1.38075
-0.567 1.37918
-0.566 1.37762
-0.565 1.37606
-0.564 1.37451
-0.563 1.37296
-0.562 1.37142
-0.561 1.36988
-0.56 1.36834
-0.559 1.36681
-0.558 1.36529
-0.557 1.36376
-0.556 1.36225
-0.555 1.36073
-0.554 1.35923
-0.553 1.35772
-0.552 1.35622
-0.551 1.35473
-0.55 1.35324
-0.549 1.35175
-0.548 1.35027
-0.547 1.34879
-0.546 1.34732
-0.545 1.34585
-0.544 1.34438
-0.543 1.34292
-0.542 1.34147
-0.541 1.34001
-0.54 1.33857
-0.539 1.33712
-0.538 1.33568
-0.537 1.33425
-0.536 1.33282
-0.535 1.33139
-0.534 1.32997
-0.533 1.32855
-0.532 1.32714
-0.531 1.32573
-0.53 1.32432
-0.529 1.32292
-0.528 1.32152
-0.527 1.32013
-0.526 1.31874
-0.525 1.31735
-0.524 1.31597
-0.523 1.31459
-0.522 1.31322
-0.521 1.31185
-0.52 1.31049
-0.519 1.30913
-0.518 1.30777
-0.517 1.30642
-0.516 1.30507
-0.515 1.30372
-0.514 1.30238
-0.513 1.30105
-0.512 1.29971
-0.511 1.29838
-0.51 1.29706
-0.509 1.29574
-0.508 1.29442
-0.507 1.29311
-0.506 1.2918
-0.505 1.29049
-0.504 1.28919
-0.503 1.28789
-0.502 1.2866
-0.501 1.28531
-0.5 1.28402
-0.499 1.28274
-0.498 1.28146
-0.497 1.28019
-0.496 1.27892
-0.495 1.27765
-0.494 1.27639
-0.493 1.27513
-0.492 1.27387
-0.491 1.27262
-0.49 1.27138
-0.489 1.27013
-0.488 1.26889
-0.487 1.26765
-0.486 1.26642
-0.485 1.26519
-0.484 1.26397
-0.483 1.26275
-0.482 1.26153
-0.481 1.26031
-0.48 1.2591
-0.479 1.2579
-0.478 1.25669
-0.477 1.25549
-0.476 1.2543
-0.475 1.2531
-0.474 1.25192
-0.473 1.25073
-0.472 1.24955
-0.471 1.24837
-0.47 1.2472
-0.469 1.24603
-0.468 1.24486
-0.467 1.2437
-0.466 1.24254
-0.465 1.24138
-0.464 1.24023
-0.463 1.23908
-0.462 1.23793
-0.461 1.23679
-0.46 1.23565
-0.459 1.23452
-0.458 1.23339
-0.457 1.23226
-0.456 1.23113
-0.455 1.23001
-0.454 1.22889
-0.453 1.22778
-0.452 1.22667
-0.451 1.22556
-0.45 1.22446
-0.449 1.22336
-0.448 1.22226
-0.447 1.22117
-0.446 1.22008
-0.445 1.21899
-0.444 1.21791
-0.443 1.21683
-0.442 1.21575
-0.441 1.21468
-0.44 1.21361
-0.439 1.21254
-0.438 1.21148
-0.437 1.21042
-0.436 1.20937
-0.435 1.20831
-0.434 1.20726
-0.433 1.20622
-0.432 1.20517
-0.431 1.20413
-0.43 1.2031
-0.429 1.20206
-0.428 1.20103
-0.427 1.20001
-0.426 1.19899
-0.425 1.19797
-0.424 1.19695
-0.423 1.19594
-0.422 1.19493
-0.421 1.19392
-0.42 1.19291
-0.419 1.19191
-0.418 1.19092
-0.417 1.18992
-0.416 1.18893
-0.415 1.18794
-0.414 1.18696
-0.413 1.18598
-0.412 1.185
-0.411 1.18403
-0.41 1.18305
-0.409 1.18209
-0.408 1.18112
-0.407 1.18016
-0.406 1.1792
-0.405 1.17824
-0.404 1.17729
-0.403 1.17634
-0.402 1.17539
-0.401 1.17445
-0.4 1.17351
-0.399 1.17257
-0.398 1.17164
-0.397 1.17071
-0.396 1.16978
-0.395 1.16886
-0.394 1.16793
-0.393 1.16701
-0.392 1.1661
-0.391 1.16519
-0.39 1.16428
-0.389 1.16337
-0.388 1.16247
-0.387 1.16157
-0.386 1.16067
-0.385 1.15977
-0.384 1.15888
-0.383 1.15799
-0.382 1.15711
-0.381 1.15623
-0.38 1.15535
-0.379 1.15447
-0.378 1.1536
-0.377 1.15273
-0.376 1.15186
-0.375 1.15099
-0.374 1.15013
-0.373 1.14927
-0.372 1.14842
-0.371 1.14756
-0.37 1.14671
-0.369 1.14587
-0.368 1.14502
-0.367 1.14418
-0.366 1.14334
-0.365 1.14251
-0.364 1.14167
-0.363 1.14085
-0.362 1.14002
-0.361 1.13919
-0.36 1.13837
-0.359 1.13756
-0.358 1.13674
-0.357 1.13593
-0.356 1.13512
-0.355 1.13431
-0.354 1.13351
-0.353 1.13271
-0.352 1.13191
-0.351 1.13111
-0.35 1.13032
-0.349 1.12953
-0.348 1.12874
-0.347 1.12796
-0.346 1.12718
-0.345 1.1264
-0.344 1.12562
-0.343 1.12485
-0.342 1.12408
-0.341 1.12331
-0.34 1.12255
-0.339 1.12179
-0.338 1.12103
-0.337 1.12027
-0.336 1.11952
-0.335 1.11877
-0.334 1.11802
-0.333 1.11727
-0.332 1.11653
-0.331 1.11579
-0.33 1.11505
-0.329 1.11432
-0.328 1.11359
-0.327 1.11286
-0.326 1.11213
-0.325 1.11141
-0.324 1.11068
-0.323 1.10997
-0.322 1.10925
-0.321 1.10854
-0.32 1.10783
-0.319 1.10712
-0.318 1.10641
-0.317 1.10571
-0.316 1.10501
-0.315 1.10432
-0.314 1.10362
-0.313 1.10293
-0.312 1.10224
-0.311 1.10155
-0.31 1.10087
-0.309 1.10019
-0.308 1.09951
-0.307 1.09883
-0.306 1.09816
-0.305 1.09749
-0.304 1.09682
-0.303 1.09616
-0.302 1.09549
-0.301 1.09483
-0.3 1.09418
-0.299 1.09352
-0.298 1.09287
-0.297 1.09222
-0.296 1.09157
-0.295 1.09092
-0.294 1.09028
-0.293 1.08964
-0.292 1.08901
-0.291 1.08837
-0.29 1.08774
-0.289 1.08711
-0.288 1.08648
-0.287 1.08586
-0.286 1.08524
-0.285 1.08462
-0.284 1.084
-0.283 1.08338
-0.282 1.08277
-0.281 1.08216
-0.28 1.08156
-0.279 1.08095
-0.278 1.08035
-0.277 1.07975
-0.276 1.07915
-0.275 1.07856
-0.274 1.07797
-0.273 1.07738
-0.272 1.07679
-0.271 1.07621
-0.27 1.07562
-0.269 1.07504
-0.268 1.07447
-0.267 1.07389
-0.266 1.07332
-0.265 1.07275
-0.264 1.07218
-0.263 1.07162
-0.262 1.07106
-0.261 1.0705
-0.26 1.06994
-0.259 1.06938
-0.258 1.06883
-0.257 1.06828
-0.256 1.06773
-0.255 1.06719
-0.254 1.06664
-0.253 1.0661
-0.252 1.06556
-0.251 1.06503
-0.25 1.0645
-0.249 1.06396
-0.248 1.06344
-0.247 1.06291
-0.246 1.06239
-0.245 1.06186
-0.244 1.06135
-0.243 1.06083
-0.242 1.06031
-0.241 1.0598
-0.24 1.05929
-0.239 1.05878
-0.238 1.05828
-0.237 1.05778
-0.236 1.05728
-0.235 1.05678
-0.234 1.05628
-0.233 1.05579
-0.232 1.0553
-0.231 1.05481
-0.23 1.05433
-0.229 1.05384
-0.228 1.05336
-0.227 1.05288
-0.226 1.0524
-0.225 1.05193
-0.224 1.05146
-0.223 1.05099
-0.222 1.05052
-0.221 1.05005
-0.22 1.04959
-0.219 1.04913
-0.218 1.04867
-0.217 1.04822
-0.216 1.04776
-0.215 1.04731
-0.214 1.04686
-0.213 1.04641
-0.212 1.04597
-0.211 1.04553
-0.21 1.04509
-0.209 1.04465
-0.208 1.04421
-0.207 1.04378
-0.206 1.04335
-0.205 1.04292
-0.204 1.04249
-0.203 1.04207
-0.202 1.04165
-0.201 1.04123
-0.2 1.04081
-0.199 1.0404
-0.198 1.03998
-0.197 1.03957
-0.196 1.03916
-0.195 1.03876
-0.194 1.03835
-0.193 1.03795
-0.192 1.03755
-0.191 1.03716
-0.19 1.03676
-0.189 1.03637
-0.188 1.03598
-0.187 1.03559
-0.186 1.0352
-0.185 1.03482
-0.184 1.03444
-0.183 1.03406
-0.182 1.03368
-0.181 1.0333
-0.18 1.03293
-0.179 1.03256
-0.178 1.03219
-0.177 1.03183
-0.176 1.03146
-0.175 1.0311
-0.174 1.03074
-0.173 1.03038
-0.172 1.03003
-0.171 1.02967
-0.17 1.02932
-0.169 1.02897
-0.168 1.02863
-0.167 1.02828
-0.166 1.02794
-0.165 1.0276
-0.164 1.02726
-0.163 1.02693
-0.162 1.02659
-0.161 1.02626
-0.16 1.02593
-0.159 1.0256
-0.158 1.02528
-0.157 1.02496
-0.156 1.02463
-0.155 1.02432
-0.154 1.024
-0.153 1.02369
-0.152 1.02337
-0.151 1.02306
-0.15 1.02276
-0.149 1.02245
-0.148 1.02215
-0.147 1.02184
-0.146 1.02155
-0.145 1.02125
-0.144 1.02095
-0.143 1.02066
-0.142 1.02037
-0.141 1.02008
-0.14 1.01979
-0.139 1.01951
-0.138 1.01923
-0.137 1.01895
-0.136 1.01867
-0.135 1.01839
-0.134 1.01812
-0.133 1.01785
-0.132 1.01758
-0.131 1.01731
-0.13 1.01704
-0.129 1.01678
-0.128 1.01652
-0.127 1.01626
-0.126 1.016
-0.125 1.01575
-0.124 1.01549
-0.123 1.01524
-0.122 1.015
-0.121 1.01475
-0.12 1.0145
-0.119 1.01426
-0.118 1.01402
-0.117 1.01378
-0.116 1.01355
-0.115 1.01331
-0.114 1.01308
-0.113 1.01285
-0.112 1.01262
-0.111 1.0124
-0.11 1.01217
-0.109 1.01195
-0.108 1.01173
-0.107 1.01151
-0.106 1.0113
-0.105 1.01109
-0.104 1.01087
-0.103 1.01067
-0.102 1.01046
-0.101 1.01025
-0.1 1.01005
-0.099 1.00985
-0.098 1.00965
-0.097 1.00945
-0.096 1.00926
-0.095 1.00907
-0.094 1.00887
-0.093 1.00869
-0.092 1.0085
-0.091 1.00831
-0.09 1.00813
-0.089 1.00795
-0.088 1.00777
-0.087 1.0076
-0.086 1.00742
-0.085 1.00725
-0.084 1.00708
-0.083 1.00691
-0.082 1.00675
-0.081 1.00658
-0.08 1.00642
-0.079 1.00626
-0.078 1.0061
-0.077 1.00595
-0.076 1.00579
-0.075 1.00564
-0.074 1.00549
-0.073 1.00534
-0.072 1.0052
-0.071 1.00505
-0.07 1.00491
-0.069 1.00477
-0.068 1.00463
-0.067 1.0045
-0.066 1.00436
-0.065 1.00423
-0.064 1.0041
-0.063 1.00398
-0.062 1.00385
-0.061 1.00373
-0.06 1.00361
-0.059 1.00349
-0.058 1.00337
-0.057 1.00325
-0.056 1.00314
-0.055 1.00303
-0.054 1.00292
-0.053 1.00281
-0.052 1.00271
-0.051 1.0026
-0.05 1.0025
-0.049 1.0024
-0.048 1.00231
-0.047 1.00221
-0.046 1.00212
-0.045 1.00203
-0.044 1.00194
-0.043 1.00185
-0.042 1.00176
-0.041 1.00168
-0.04 1.0016
-0.039 1.00152
-0.038 1.00144
-0.037 1.00137
-0.036 1.0013
-0.035 1.00122
-0.034 1.00116
-0.033 1.00109
-0.032 1.00102
-0.031 1.00096
-0.03 1.0009
-0.029 1.00084
-0.028 1.00078
-0.027 1.00073
-0.026 1.00068
-0.025 1.00062
-0.024 1.00058
-0.023 1.00053
-0.022 1.00048
-0.021 1.00044
-0.02 1.0004
-0.019 1.00036
-0.018 1.00032
-0.017 1.00029
-0.016 1.00025
-0.015 1.00022
-0.014 1.00019
-0.013 1.00017
-0.012 1.00014
-0.011 1.00012
-0.01 1.0001
-0.009 1.00008
-0.008 1.00006
-0.007 1.00005
-0.006 1.00003
-0.005 1.00002
-0.004 1.00001
-0.003 1.00001
-0.002 1
-0.001 1
0 0.999999
0.001 1
0.002 1
0.003 1.00001
0.004 1.00001
0.005 1.00002
0.006 1.00003
0.007 1.00005
0.008 1.00006
0.009 1.00008
0.01 1.0001
0.011 1.00012
0.012 1.00014
0.013 1.00017
0.014 1.00019
0.015 1.00022
0.016 1.00025
0.017 1.00029
0.018 1.00032
0.019 1.00036
0.02 1.0004
0.021 1.00044
0.022 1.00048
0.023 1.00053
0.024 1.00058
0.025 1.00062
0.026 1.00068
0.027 1.00073
0.028 1.00078
0.029 1.00084
0.03 1.0009
0.031 1.00096
0.032 1.00102
0.033 1.00109
0.034 1.00116
0.035 1.00122
0.036 1.0013
0.037 1.00137
0.038 1.00144
0.039 1.00152
0.04 1.0016
0.041 1.00168
0.042 1.00176
0.043 1.00185
0.044 1.00194
0.045 1.00203
0.046 1.00212
0.047 1.00221
0.048 1.00231
0.049 1.0024
0.05 1.0025
0.051 1.0026
0.052 1.00271
0.053 1.00281
0.054 1.00292
0.055 1.00303
0.056 1.00314
0.057 1.00325
0.058 1.00337
0.059 1.00349
0.06 1.00361
0.061 1.00373
0.062 1.00385
0.063 1.00398
0.064 1.0041
0.065 1.00423
0.066 1.00436
0.067 1.0045
0.068 1.00463
0.069 1.00477
0.07 1.00491
0.071 1.00505
0.072 1.0052
0.073 1.00534
0.074 1.00549
0.075 1.00564
0.076 1.00579
0.077 1.00595
0.078 1.0061
0.079 1.00626
0.08 1.00642
0.081 1.00658
0.082 1.00675
0.083 1.00691
0.084 1.00708
0.085 1.00725
0.086 1.00742
0.087 1.0076
0.088 1.00777
0.089 1.00795
0.09 1.00813
0.091 1.00831
0.092 1.0085
0.093 1.00869
0.094 1.00887
0.095 1.00907
0.096 1.00926
0.097 1.00945
0.098 1.00965
0.099 1.00985
0.1 1.01005
0.101 1.01025
0.102 1.01046
0.103 1.01067
0.104 1.01087
0.105 1.01109
0.106 1.0113
0.107 1.01151
0.108 1.01173
0.109 1.01195
0.11 1.01217
0.111 1.0124
0.112 1.01262
0.113 1.01285
0.114 1.01308
0.115 1.01331
0.116 1.01355
0.117 1.01378
0.118 1.01402
0.119 1.01426
0.12 1.0145
0.121 1.01475
0.122 1.015
0.123 1.01524
0.124 1.01549
0.125 1.01575
0.126 1.016
0.127 1.01626
0.128 1.01652
0.129 1.01678
0.13 1.01704
0.131 1.01731
0.132 1.01758
0.133 1.01785
0.134 1.01812
0.135 1.01839
0.136 1.01867
0.137 1.01895
0.138 1.01923
0.139 1.01951
0.14 1.01979
0.141 1.02008
0.142 1.02037
0.143 1.02066
0.144 1.02095
0.145 1.02125
0.146 1.02155
0.147 1.02184
0.148 1.02215
0.149 1.02245
0.15 1.02276
0.151 1.02306
0.152 1.02337
0.153 1.02369
0.154 1.024
0.155 1.02432
0.156 1.02463
0.157 1.02496
0.158 1.02528
0.159 1.0256
0.16 1.02593
0.161 1.02626
0.162 1.02659
0.163 1.02693
0.164 1.02726
0.165 1.0276
0.166 1.02794
0.167 1.02828
0.168 1.02863
0.169 1.02897
0.17 1.02932
0.171 1.02967
0.172 1.03003
0.173 1.03038
0.174 1.03074
0.175 1.0311
0.176 1.03146
0.177 1.03183
0.178 1.03219
0.179 1.03256
0.18 1.03293
0.181 1.0333
0.182 1.03368
0.183 1.03406
0.184 1.03444
0.185 1.03482
0.186 1.0352
0.187 1.03559
0.188 1.03598
0.189 1.03637
0.19 1.03676
0.191 1.03716
0.192 1.03755
0.193 1.03795
0.194 1.03835
0.195 1.03876
0.196 1.03916
0.197 1.03957
0.198 1.03998
0.199 1.0404
0.2 1.04081
0.201 1.04123
0.202 1.04165
0.203 1.04207
0.204 1.04249
0.205 1.04292
0.206 1.04335
0.207 1.04378
0.208 1.04421
0.209 1.04465
0.21 1.04509
0.211 1.04553
0.212 1.04597
0.213 1.04641
0.214 1.04686
0.215 1.04731
0.216 1.04776
0.217 1.04822
0.218 1.04867
0.219 1.04913
0.22 1.04959
0.221 1.05005
0.222 1.05052
0.223 1.05099
0.224 1.05146
0.225 1.05193
0.226 1.0524
0.227 1.05288
0.228 1.05336
0.229 1.05384
0.23 1.05433
0.231 1.05481
0.232 1.0553
0.233 1.05579
0.234 1.05628
0.235 1.05678
0.236 1.05728
0.237 1.05778
0.238 1.05828
0.239 1.05878
0.24 1.05929
0.241 1.0598
0.242 1.06031
0.243 1.06083
0.244 1.06135
0.245 1.06186
0.246 1.06239
0.247 1.06291
0.248 1.06344
0.249 1.06396
0.25 1.0645
0.251 1.06503
0.252 1.06556
0.253 1.0661
0.254 1.06664
0.255 1.06719
0.256 1.06773
0.257 1.06828
0.258 1.06883
0.259 1.06938
0.26 1.06994
0.261 1.0705
0.262 1.07106
0.263 1.07162
0.264 1.07218
0.265 1.07275
0.266 1.07332
0.267 1.07389
0.268 1.07447
0.269 1.07504
0.27 1.07562
0.271 1.07621
0.272 1.07679
0.273 1.07738
0.274 1.07797
0.275 1.07856
0.276 1.07915
0.277 1.07975
0.278 1.08035
0.279 1.08095
0.28 1.08156
0.281 1.08216
0.282 1.08277
0.283 1.08338
0.284 1.084
0.285 1.08462
0.286 1.08524
0.287 1.08586
0.288 1.08648
0.289 1.08711
0.29 1.08774
0.291 1.08837
0.292 1.08901
0.293 1.08964
0.294 1.09028
0.295 1.09092
0.296 1.09157
0.297 1.09222
0.298 1.09287
0.299 1.09352
0.3 1.09418
0.301 1.09483
0.302 1.09549
0.303 1.09616
0.304 1.09682
0.305 1.09749
0.306 1.09816
0.307 1.09883
0.308 1.09951
0.309 1.10019
0.31 1.10087
0.311 1.10155
0.312 1.10224
0.313 1.10293
0.314 1.10362
0.315 1.10432
0.316 1.10501
0.317 1.10571
0.318 1.10641
0.319 1.10712
0.32 1.10783
0.321 1.10854
0.322 1.10925
0.323 1.10997
0.324 1.11068
0.325 1.11141
0.326 1.11213
0.327 1.11286
0.328 1.11359
0.329 1.11432
0.33 1.11505
0.331 1.11579
0.332 1.11653
0.333 1.11727
0.334 1.11802
0.335 1.11877
0.336 1.11952
0.337 1.12027
0.338 1.12103
0.339 1.12179
0.34 1.12255
0.341 1.12331
0.342 1.12408
0.343 1.12485
0.344 1.12562
0.345 1.1264
0.346 1.12718
0.347 1.12796
0.348 1.12874
0.349 1.12953
0.35 1.13032
0.351 1.13111
0.352 1.13191
0.353 1.13271
0.354 1.13351
0.355 1.13431
0.356 1.13512
0.357 1.13593
0.358 1.13674
0.359 1.13756
0.36 1.13837
0.361 1.13919
0.362 1.14002
0.363 1.14085
0.364 1.14167
0.365 1.14251
0.366 1.14334
0.367 1.14418
0.368 1.14502
0.369 1.14587
0.37 1.14671
0.371 1.14756
0.372 1.14842
0.373 1.14927
0.374 1.15013
0.375 1.15099
0.376 1.15186
0.377 1.15273
0.378 1.1536
0.379 1.15447
0.38 1.15535
0.381 1.15623
0.382 1.15711
0.383 1.15799
0.384 1.15888
0.385 1.15977
0.386 1.16067
0.387 1.16157
0.388 1.16247
0.389 1.16337
0.39 1.16428
0.391 1.16519
0.392 1.1661
0.393 1.16701
0.394 1.16793
0.395 1.16886
0.396 1.16978
0.397 1.17071
0.398 1.17164
0.399 1.17257
0.4 1.17351
0.401 1.17445
0.402 1.17539
0.403 1.17634
0.404 1.17729
0.405 1.17824
0.406 1.1792
0.407 1.18016
0.408 1.18112
0.409 1.18209
0.41 1.18305
0.411 1.18403
0.412 1.185
0.413 1.18598
0.414 1.18696
0.415 1.18794
0.416 1.18893
0.417 1.18992
0.418 1.19092
0.419 1.19191
0.42 1.19291
0.421 1.19392
0.422 1.19493
0.423 1.19594
0.424 1.19695
0.425 1.19797
0.426 1.19899
0.427 1.20001
0.428 1.20103
0.429 1.20206
0.43 1.2031
0.431 1.20413
0.432 1.20517
0.433 1.20622
0.434 1.20726
0.435 1.20831
0.436 1.20937
0.437 1.21042
0.438 1.21148
0.439 1.21254
0.44 1.21361
0.441 1.21468
0.442 1.21575
0.443 1.21683
0.444 1.21791
0.445 1.21899
0.446 1.22008
0.447 1.22117
0.448 1.22226
0.449 1.22336
0.45 1.22446
0.451 1.22556
0.452 1.22667
0.453 1.22778
0.454 1.22889
0.455 1.23001
0.456 1.23113
0.457 1.23226
0.458 1.23339
0.459 1.23452
0.46 1.23565
0.461 1.23679
0.462 1.23793
0.463 1.23908
0.464 1.24023
0.465 1.24138
0.466 1.24254
0.467 1.2437
0.468 1.24486
0.469 1.24603
0.47 1.2472
0.471 1.24837
0.472 1.24955
0.473 1.25073
0.474 1.25192
0.475 1.2531
0.476 1.2543
0.477 1.25549
0.478 1.25669
0.479 1.2579
0.48 1.2591
0.481 1.26031
0.482 1.26153
0.483 1.26275
0.484 1.26397
0.485 1.26519
0.486 1.26642
0.487 1.26765
0.488 1.26889
0.489 1.27013
0.49 1.27138
0.491 1.27262
0.492 1.27387
0.493 1.27513
0.494 1.27639
0.495 1.27765
0.496 1.27892
0.497 1.28019
0.498 1.28146
0.499 1.28274
0.5 1.28402
0.501 1.28531
0.502 1.2866
0.503 1.28789
0.504 1.28919
0.505 1.29049
0.506 1.2918
0.507 1.29311
0.508 1.29442
0.509 1.29574
0.51 1.29706
0.511 1.29838
0.512 1.29971
0.513 1.30105
0.514 1.30238
0.515 1.30372
0.516 1.30507
0.517 1.30642
0.518 1.30777
0.519 1.30913
0.52 1.31049
0.521 1.31185
0.522 1.31322
0.523 1.31459
0.524 1.31597
0.525 1.31735
0.526 1.31874
0.527 1.32013
0.528 1.32152
0.529 1.32292
0.53 1.32432
0.531 1.32573
0.532 1.32714
0.533 1.32855
0.534 1.32997
0.535 1.33139
0.536 1.33282
0.537 1.33425
0.538 1.33568
0.539 1.33712
0.54 1.33857
0.541 1.34001
0.542 1.34147
0.543 1.34292
0.544 1.34438
0.545 1.34585
0.546 1.34732
0.547 1.34879
0.548 1.35027
0.549 1.35175
0.55 1.35324
0.551 1.35473
0.552 1.35622
0.553 1.35772
0.554 1.35923
0.555 1.36073
0.556 1.36225
0.557 1.36376
0.558 1.36529
0.559 1.36681
0.56 1.36834
0.561 1.36988
0.562 1.37142
0.563 1.37296
0.564 1.37451
0.565 1.37606
0.566 1.37762
0.567 1.37918
0.568 1.38075
0.569 1.38232
0.57 1.38389
0.571 1.38547
0.572 1.38706
0.573 1.38865
0.574 1.39024
0.575 1.39184
0.576 1.39344
0.577 1.39505
0.578 1.39666
0.579 1.39828
0.58 1.3999
0.581 1.40152
0.582 1.40316
0.583 1.40479
0.584 1.40643
0.585 1.40808
0.586 1.40973
0.587 1.41138
0.588 1.41304
0.589 1.4147
0.59 1.41637
0.591 1.41805
0.592 1.41973
0.593 1.42141
0.594 1.4231
0.595 1.42479
0.596 1.42649
0.597 1.42819
0.598 1.4299
0.599 1.43161
0.6 1.43333
0.601 1.43505
0.602 1.43678
0.603 1.43851
0.604 1.44025
0.605 1.44199
0.606 1.44374
0.607 1.44549
0.608 1.44725
0.609 1.44901
0.61 1.45078
0.611 1.45255
0.612 1.45433
0.613 1.45611
0.614 1.4579
0.615 1.45969
0.616 1.46149
0.617 1.46329
0.618 1.4651
0.619 1.46691
0.62 1.46873
0.621 1.47056
0.622 1.47239
0.623 1.47422
0.624 1.47606
0.625 1.4779
0.626 1.47975
0.627 1.48161
0.628 1.48347
0.629 1.48534
0.63 1.48721
0.631 1.48908
0.632 1.49097
0.633 1.49285
0.634 1.49475
0.635 1.49664
0.636 1.49855
0.637 1.50046
0.638 1.50237
0.639 1.50429
0.64 1.50622
0.641 1.50815
0.642 1.51008
0.643 1.51202
0.644 1.51397
0.645 1.51592
0.646 1.51788
0.647 1.51985
0.648 1.52182
0.649 1.52379
0.65 1.52577
0.651 1.52776
0.652 1.52975
0.653 1.53175
0.654 1.53375
0.655 1.53576
0.656 1.53777
0.657 1.5398
0.658 1.54182
0.659 1.54385
0.66 1.54589
0.661 1.54793
0.662 1.54998
0.663 1.55204
0.664 1.5541
0.665 1.55617
0.666 1.55824
0.667 1.56032
0.668 1.5624
0.669 1.56449
0.67 1.56659
0.671 1.56869
0.672 1.5708
0.673 1.57291
0.674 1.57503
0.675 1.57716
0.676 1.57929
0.677 1.58143
0.678 1.58357
0.679 1.58572
0.68 1.58788
0.681 1.59004
0.682 1.59221
0.683 1.59439
0.684 1.59657
0.685 1.59876
0.686 1.60095
0.687 1.60315
0.688 1.60535
0.689 1.60757
0.69 1.60979
0.691 1.61201
0.692 1.61424
0.693 1.61648
0.694 1.61872
0.695 1.62097
0.696 1.62323
0.697 1.62549
0.698 1.62776
0.699 1.63004
0.7 1.63232
0.701 1.63461
0.702 1.6369
0.703 1.6392
0.704 1.64151
0.705 1.64382
0.706 1.64615
0.707 1.64847
0.708 1.65081
0.709 1.65315
0.71 1.6555
0.711 1.65785
0.712 1.66021
0.713 1.66258
0.714 1.66495
0.715 1.66733
0.716 1.66972
0.717 1.67212
0.718 1.67452
0.719 1.67692
0.72 1.67934
0.721 1.68176
0.722 1.68419
0.723 1.68663
0.724 1.68907
0.725 1.69152
0.726 1.69397
0.727 1.69644
0.728 1.69891
0.729 1.70138
0.73 1.70387
0.731 1.70636
0.732 1.70886
0.733 1.71136
0.734 1.71387
0.735 1.71639
0.736 1.71892
0.737 1.72145
0.738 1.724
0.739 1.72654
0.74 1.7291
0.741 1.73166
0.742 1.73423
0.743 1.73681
0.744 1.73939
0.745 1.74199
0.746 1.74458
0.747 1.74719
0.748 1.74981
0.749 1.75243
0.75 1.75506
0.751 1.75769
0.752 1.76034
0.753 1.76299
0.754 1.76565
0.755 1.76831
0.756 1.77099
0.757 1.77367
0.758 1.77636
0.759 1.77905
0.76 1.78176
0.761 1.78447
0.762 1.78719
0.763 1.78992
0.764 1.79265
0.765 1.7954
0.766 1.79815
0.767 1.80091
0.768 1.80367
0.769 1.80645
0.77 1.80923
0.771 1.81202
0.772 1.81482
0.773 1.81762
0.774 1.82044
0.775 1.82326
0.776 1.82609
0.777 1.82893
0.778 1.83177
0.779 1.83463
0.78 1.83749
0.781 1.84036
0.782 1.84324
0.783 1.84613
0.784 1.84902
0.785 1.85192
0.786 1.85484
0.787 1.85776
0.788 1.86068
0.789 1.86362
0.79 1.86657
0.791 1.86952
0.792 1.87248
0.793 1.87545
0.794 1.87843
0.795 1.88142
0.796 1.88441
0.797 1.88742
0.798 1.89043
0.799 1.89345
0.8 1.89648
0.801 1.89952
0.802 1.90257
0.803 1.90562
0.804 1.90869
0.805 1.91176
0.806 1.91484
0.807 1.91793
0.808 1.92103
0.809 1.92414
0.81 1.92726
0.811 1.93039
0.812 1.93352
0.813 1.93667
0.814 1.93982
0.815 1.94298
0.816 1.94616
0.817 1.94934
0.818 1.95253
0.819 1.95572
0.82 1.95893
0.821 1.96215
0.822 1.96538
0.823 1.96861
0.824 1.97186
0.825 1.97511
0.826 1.97837
0.827 1.98165
0.828 1.98493
0.829 1.98822
0.83 1.99152
0.831 1.99483
0.832 1.99815
0.833 2.00148
0.834 2.00482
0.835 2.00817
0.836 2.01153
0.837 2.0149
0.838 2.01828
0.839 2.02166
0.84 2.02506
0.841 2.02847
0.842 2.03188
0.843 2.03531
0.844 2.03875
0.845 2.04219
0.846 2.04565
0.847 2.04912
0.848 2.05259
0.849 2.05608
0.85 2.05957
0.851 2.06308
0.852 2.0666
0.853 2.07012
0.854 2.07366
0.855 2.07721
0.856 2.08076
0.857 2.08433
0.858 2.08791
0.859 2.0915
0.86 2.0951
0.861 2.0987
0.862 2.10232
0.863 2.10595
0.864 2.10959
0.865 2.11324
0.866 2.11691
0.867 2.12058
0.868 2.12426
0.869 2.12795
0.87 2.13166
0.871 2.13537
0.872 2.1391
0.873 2.14283
0.874 2.14658
0.875 2.15034
0.876 2.15411
0.877 2.15788
0.878 2.16168
0.879 2.16548
0.88 2.16929
0.881 2.17311
0.882 2.17695
0.883 2.18079
0.884 2.18465
0.885 2.18852
0.886 2.1924
0.887 2.19629
0.888 2.20019
0.889 2.2041
0.89 2.20803
0.891 2.21196
0.892 2.21591
0.893 2.21987
0.894 2.22384
0.895 2.22782
0.896 2.23182
0.897 2.23582
0.898 2.23984
0.899 2.24387
0.9 2.24791
0.901 2.25196
0.902 2.25602
0.903 2.2601
0.904 2.26419
0.905 2.26829
0.906 2.2724
0.907 2.27652
0.908 2.28066
0.909 2.28481
0.91 2.28897
0.911 2.29314
0.912 2.29732
0.913 2.30152
0.914 2.30573
0.915 2.30995
0.916 2.31418
0.917 2.31843
0.918 2.32269
0.919 2.32696
0.92 2.33124
0.921 2.33553
0.922 2.33984
0.923 2.34416
0.924 2.3485
0.925 2.35284
0.926 2.3572
0.927 2.36158
0.928 2.36596
0.929 2.37036
0.93 2.37477
0.931 2.37919
0.932 2.38363
0.933 2.38808
0.934 2.39254
0.935 2.39702
0.936 2.40151
0.937 2.40601
0.938 2.41052
0.939 2.41505
0.94 2.4196
0.941 2.42415
0.942 2.42872
0.943 2.4333
0.944 2.4379
0.945 2.44251
0.946 2.44713
0.947 2.45177
0.948 2.45642
0.949 2.46108
0.95 2.46576
0.951 2.47045
0.952 2.47516
0.953 2.47988
0.954 2.48461
0.955 2.48936
0.956 2.49412
0.957 2.4989
0.958 2.50369
0.959 2.50849
0.96 2.51331
0.961 2.51814
0.962 2.52299
0.963 2.52785
0.964 2.53273
0.965 2.53762
0.966 2.54252
0.967 2.54744
0.968 2.55238
0.969 2.55732
0.97 2.56229
0.971 2.56727
0.972 2.57226
0.973 2.57727
0.974 2.58229
0.975 2.58733
0.976 2.59238
0.977 2.59745
0.978 2.60253
0.979 2.60763
0.98 2.61274
0.981 2.61787
0.982 2.62301
0.983 2.62817
0.984 2.63335
0.985 2.63854
0.986 2.64374
0.987 2.64897
0.988 2.6542
0.989 2.65945
0.99 2.66472
0.991 2.67001
0.992 2.67531
0.993 2.68062
0.994 2.68595
0.995 2.6913
0.996 2.69666
0.997 2.70204
0.998 2.70744
0.999 2.71285
1 2.71828
