-1 1.99505
-0.999 1.99132
-0.998 1.98759
-0.997 1.98386
-0.996 1.98013
-0.995 1.97641
-0.994 1.9727
-0.993 1.96898
-0.992 1.96527
-0.991 1.96157
-0.99 1.95787
-0.989 1.95417
-0.988 1.95048
-0.987 1.94678
-0.986 1.9431
-0.985 1.93941
-0.984 1.93574
-0.983 1.93206
-0.982 1.92839
-0.981 1.92472
-0.98 1.92105
-0.979 1.91739
-0.978 1.91374
-0.977 1.91008
-0.976 1.90643
-0.975 1.90279
-0.974 1.89915
-0.973 1.89551
-0.972 1.89187
-0.971 1.88824
-0.97 1.88462
-0.969 1.88099
-0.968 1.87737
-0.967 1.87376
-0.966 1.87014
-0.965 1.86654
-0.964 1.86293
-0.963 1.85933
-0.962 1.85573
-0.961 1.85214
-0.96 1.84855
-0.959 1.84496
-0.958 1.84138
-0.957 1.8378
-0.956 1.83423
-0.955 1.83066
-0.954 1.82709
-0.953 1.82353
-0.952 1.81997
-0.951 1.81641
-0.95 1.81286
-0.949 1.80931
-0.948 1.80577
-0.947 1.80222
-0.946 1.79869
-0.945 1.79515
-0.944 1.79162
-0.943 1.7881
-0.942 1.78458
-0.941 1.78106
-0.94 1.77754
-0.939 1.77403
-0.938 1.77052
-0.937 1.76702
-0.936 1.76352
-0.935 1.76002
-0.934 1.75653
-0.933 1.75304
-0.932 1.74956
-0.931 1.74607
-0.93 1.7426
-0.929 1.73912
-0.928 1.73565
-0.927 1.73219
-0.926 1.72872
-0.925 1.72527
-0.924 1.72181
-0.923 1.71836
-0.922 1.71491
-0.921 1.71147
-0.92 1.70803
-0.919 1.70459
-0.918 1.70116
-0.917 1.69773
-0.916 1.6943
-0.915 1.69088
-0.914 1.68746
-0.913 1.68405
-0.912 1.68064
-0.911 1.67723
-0.91 1.67383
-0.909 1.67043
-0.908 1.66704
-0.907 1.66364
-0.906 1.66026
-0.905 1.65687
-0.904 1.65349
-0.903 1.65012
-0.902 1.64674
-0.901 1.64337
-0.9 1.64001
-0.899 1.63665
-0.898 1.63329
-0.897 1.62993
-0.896 1.62658
-0.895 1.62324
-0.894 1.61989
-0.893 1.61655
-0.892 1.61322
-0.891 1.60989
-0.89 1.60656
-0.889 1.60323
-0.888 1.59991
-0.887 1.5966
-0.886 1.59328
-0.885 1.58997
-0.884 1.58667
-0.883 1.58337
-0.882 1.58007
-0.881 1.57677
-0.88 1.57348
-0.879 1.5702
-0.878 1.56691
-0.877 1.56363
-0.876 1.56036
-0.875 1.55709
-0.874 1.55382
-0.873 1.55055
-0.872 1.54729
-0.871 1.54403
-0.87 1.54078
-0.869 1.53753
-0.868 1.53429
-0.867 1.53104
-0.866 1.52781
-0.865 1.52457
-0.864 1.52134
-0.863 1.51811
-0.862 1.51489
-0.861 1.51167
-0.86 1.50845
-0.859 1.50524
-0.858 1.50203
-0.857 1.49883
-0.856 1.49563
-0.855 1.49243
-0.854 1.48924
-0.853 1.48605
-0.852 1.48286
-0.851 1.47968
-0.85 1.4765
-0.849 1.47332
-0.848 1.47015
-0.847 1.46699
-0.846 1.46382
-0.845 1.46066
-0.844 1.45751
-0.843 1.45435
-0.842 1.45121
-0.841 1.44806
-0.84 1.44492
-0.839 1.44178
-0.838 1.43865
-0.837 1.43552
-0.836 1.43239
-0.835 1.42927
-0.834 1.42615
-0.833 1.42304
-0.832 1.41992
-0.831 1.41682
-0.83 1.41371
-0.829 1.41061
-0.828 1.40752
-0.827 1.40442
-0.826 1.40133
-0.825 1.39825
-0.824 1.39517
-0.823 1.39209
-0.822 1.38902
-0.821 1.38595
-0.82 1.38288
-0.819 1.37982
-0.818 1.37676
-0.817 1.3737
-0.816 1.37065
-0.815 1.3676
-0.814 1.36456
-0.813 1.36152
-0.812 1.35848
-0.811 1.35545
-0.81 1.35242
-0.809 1.34939
-0.808 1.34637
-0.807 1.34336
-0.806 1.34034
-0.805 1.33733
-0.804 1.33432
-0.803 1.33132
-0.802 1.32832
-0.801 1.32533
-0.8 1.32233
-0.799 1.31935
-0.798 1.31636
-0.797 1.31338
-0.796 1.31041
-0.795 1.30743
-0.794 1.30446
-0.793 1.3015
-0.792 1.29854
-0.791 1.29558
-0.79 1.29262
-0.789 1.28967
-0.788 1.28673
-0.787 1.28378
-0.786 1.28084
-0.785 1.27791
-0.784 1.27498
-0.783 1.27205
-0.782 1.26912
-0.781 1.2662
-0.78 1.26328
-0.779 1.26037
-0.778 1.25746
-0.777 1.25456
-0.776 1.25165
-0.775 1.24876
-0.774 1.24586
-0.773 1.24297
-0.772 1.24008
-0.771 1.2372
-0.77 1.23432
-0.769 1.23144
-0.768 1.22857
-0.767 1.2257
-0.766 1.22284
-0.765 1.21998
-0.764 1.21712
-0.763 1.21427
-0.762 1.21142
-0.761 1.20857
-0.76 1.20573
-0.759 1.20289
-0.758 1.20006
-0.757 1.19723
-0.756 1.1944
-0.755 1.19157
-0.754 1.18876
-0.753 1.18594
-0.752 1.18313
-0.751 1.18032
-0.75 1.17751
-0.749 1.17471
-0.748 1.17191
-0.747 1.16912
-0.746 1.16633
-0.745 1.16354
-0.744 1.16076
-0.743 1.15798
-0.742 1.15521
-0.741 1.15244
-0.74 1.14967
-0.739 1.14691
-0.738 1.14415
-0.737 1.14139
-0.736 1.13864
-0.735 1.13589
-0.734 1.13314
-0.733 1.1304
-0.732 1.12766
-0.731 1.12493
-0.73 1.1222
-0.729 1.11947
-0.728 1.11675
-0.727 1.11403
-0.726 1.11132
-0.725 1.10861
-0.724 1.1059
-0.723 1.10319
-0.722 1.10049
-0.721 1.0978
-0.72 1.09511
-0.719 1.09242
-0.718 1.08973
-0.717 1.08705
-0.716 1.08437
-0.715 1.0817
-0.714 1.07903
-0.713 1.07636
-0.712 1.0737
-0.711 1.07104
-0.71 1.06838
-0.709 1.06573
-0.708 1.06308
-0.707 1.06044
-0.706 1.0578
-0.705 1.05516
-0.704 1.05253
-0.703 1.0499
-0.702 1.04727
-0.701 1.04465
-0.7 1.04203
-0.699 1.03942
-0.698 1.03681
-0.697 1.0342
-0.696 1.0316
-0.695 1.029
-0.694 1.02641
-0.693 1.02381
-0.692 1.02123
-0.691 1.01864
-0.69 1.01606
-0.689 1.01348
-0.688 1.01091
-0.687 1.00834
-0.686 1.00578
-0.685 1.00321
-0.684 1.00066
-0.683 0.998101
-0.682 0.99555
-0.681 0.993003
-0.68 0.99046
-0.679 0.98792
-0.678 0.985385
-0.677 0.982852
-0.676 0.980324
-0.675 0.9778
-0.674 0.975279
-0.673 0.972762
-0.672 0.970248
-0.671 0.967739
-0.67 0.965233
-0.669 0.962731
-0.668 0.960232
-0.667 0.957738
-0.666 0.955247
-0.665 0.95276
-0.664 0.950276
-0.663 0.947796
-0.662 0.94532
-0.661 0.942848
-0.66 0.94038
-0.659 0.937915
-0.658 0.935454
-0.657 0.932997
-0.656 0.930543
-0.655 0.928093
-0.654 0.925647
-0.653 0.923205
-0.652 0.920766
-0.651 0.918331
-0.65 0.9159
-0.649 0.913473
-0.648 0.911049
-0.647 0.908629
-0.646 0.906213
-0.645 0.903801
-0.644 0.901392
-0.643 0.898987
-0.642 0.896586
-0.641 0.894188
-0.64 0.891794
-0.639 0.889404
-0.638 0.887018
-0.637 0.884635
-0.636 0.882257
-0.635 0.879882
-0.634 0.87751
-0.633 0.875143
-0.632 0.872779
-0.631 0.870419
-0.63 0.868062
-0.629 0.86571
-0.628 0.863361
-0.627 0.861016
-0.626 0.858674
-0.625 0.856336
-0.624 0.854002
-0.623 0.851672
-0.622 0.849346
-0.621 0.847023
-0.62 0.844704
-0.619 0.842389
-0.618 0.840077
-0.617 0.837769
-0.616 0.835465
-0.615 0.833165
-0.614 0.830868
-0.613 0.828576
-0.612 0.826286
-0.611 0.824001
-0.61 0.821719
-0.609 0.819441
-0.608 0.817167
-0.607 0.814897
-0.606 0.81263
-0.605 0.810367
-0.604 0.808108
-0.603 0.805853
-0.602 0.803601
-0.601 0.801353
-0.6 0.799109
-0.599 0.796868
-0.598 0.794631
-0.597 0.792398
-0.596 0.790169
-0.595 0.787943
-0.594 0.785721
-0.593 0.783503
-0.592 0.781289
-0.591 0.779078
-0.59 0.776871
-0.589 0.774668
-0.588 0.772469
-0.587 0.770273
-0.586 0.768081
-0.585 0.765893
-0.584 0.763709
-0.583 0.761528
-0.582 0.759351
-0.581 0.757178
-0.58 0.755008
-0.579 0.752842
-0.578 0.75068
-0.577 0.748522
-0.576 0.746367
-0.575 0.744217
-0.574 0.742069
-0.573 0.739926
-0.572 0.737786
-0.571 0.735651
-0.57 0.733518
-0.569 0.73139
-0.568 0.729265
-0.567 0.727144
-0.566 0.725027
-0.565 0.722914
-0.564 0.720804
-0.563 0.718698
-0.562 0.716596
-0.561 0.714497
-0.56 0.712403
-0.559 0.710311
-0.558 0.708224
-0.557 0.706141
-0.556 0.704061
-0.555 0.701985
-0.554 0.699912
-0.553 0.697844
-0.552 0.695779
-0.551 0.693718
-0.55 0.69166
-0.549 0.689607
-0.548 0.687557
-0.547 0.685511
-0.546 0.683468
-0.545 0.681429
-0.544 0.679394
-0.543 0.677363
-0.542 0.675336
-0.541 0.673312
-0.54 0.671292
-0.539 0.669276
-0.538 0.667263
-0.537 0.665254
-0.536 0.663249
-0.535 0.661248
-0.534 0.65925
-0.533 0.657256
-0.532 0.655266
-0.531 0.65328
-0.53 0.651297
-0.529 0.649318
-0.528 0.647343
-0.527 0.645372
-0.526 0.643404
-0.525 0.64144
-0.524 0.63948
-0.523 0.637523
-0.522 0.63557
-0.521 0.633621
-0.52 0.631676
-0.519 0.629735
-0.518 0.627797
-0.517 0.625863
-0.516 0.623932
-0.515 0.622006
-0.514 0.620083
-0.513 0.618164
-0.512 0.616248
-0.511 0.614337
-0.51 0.612429
-0.509 0.610525
-0.508 0.608624
-0.507 0.606728
-0.506 0.604835
-0.505 0.602945
-0.504 0.60106
-0.503 0.599178
-0.502 0.5973
-0.501 0.595426
-0.5 0.593555
-0.499 0.591689
-0.498 0.589826
-0.497 0.587966
-0.496 0.586111
-0.495 0.584259
-0.494 0.582411
-0.493 0.580566
-0.492 0.578726
-0.491 0.576889
-0.49 0.575056
-0.489 0.573226
-0.488 0.571401
-0.487 0.569579
-0.486 0.56776
-0.485 0.565946
-0.484 0.564135
-0.483 0.562328
-0.482 0.560525
-0.481 0.558725
-0.48 0.55693
-0.479 0.555138
-0.478 0.553349
-0.477 0.551565
-0.476 0.549784
-0.475 0.548007
-0.474 0.546233
-0.473 0.544464
-0.472 0.542698
-0.471 0.540936
-0.47 0.539177
-0.469 0.537423
-0.468 0.535672
-0.467 0.533924
-0.466 0.532181
-0.465 0.530441
-0.464 0.528705
-0.463 0.526973
-0.462 0.525245
-0.461 0.52352
-0.46 0.521799
-0.459 0.520081
-0.458 0.518368
-0.457 0.516658
-0.456 0.514952
-0.455 0.51325
-0.454 0.511551
-0.453 0.509856
-0.452 0.508165
-0.451 0.506478
-0.45 0.504794
-0.449 0.503114
-0.448 0.501438
-0.447 0.499765
-0.446 0.498097
-0.445 0.496432
-0.444 0.49477
-0.443 0.493113
-0.442 0.491459
-0.441 0.489809
-0.44 0.488163
-0.439 0.48652
-0.438 0.484881
-0.437 0.483246
-0.436 0.481615
-0.435 0.479987
-0.434 0.478363
-0.433 0.476743
-0.432 0.475127
-0.431 0.473514
-0.43 0.471905
-0.429 0.4703
-0.428 0.468699
-0.427 0.467101
-0.426 0.465507
-0.425 0.463917
-0.424 0.46233
-0.423 0.460748
-0.422 0.459169
-0.421 0.457593
-0.42 0.456022
-0.419 0.454454
-0.418 0.45289
-0.417 0.451329
-0.416 0.449773
-0.415 0.44822
-0.414 0.446671
-0.413 0.445126
-0.412 0.443584
-0.411 0.442046
-0.41 0.440512
-0.409 0.438981
-0.408 0.437455
-0.407 0.435932
-0.406 0.434412
-0.405 0.432897
-0.404 0.431385
-0.403 0.429877
-0.402 0.428373
-0.401 0.426872
-0.4 0.425376
-0.399 0.423883
-0.398 0.422393
-0.397 0.420908
-0.396 0.419426
-0.395 0.417948
-0.394 0.416473
-0.393 0.415003
-0.392 0.413536
-0.391 0.412073
-0.39 0.410613
-0.389 0.409157
-0.388 0.407706
-0.387 0.406257
-0.386 0.404813
-0.385 0.403372
-0.384 0.401935
-0.383 0.400502
-0.382 0.399072
-0.381 0.397646
-0.38 0.396224
-0.379 0.394806
-0.378 0.393392
-0.377 0.391981
-0.376 0.390574
-0.375 0.38917
-0.374 0.387771
-0.373 0.386375
-0.372 0.384983
-0.371 0.383594
-0.37 0.382209
-0.369 0.380829
-0.368 0.379451
-0.367 0.378078
-0.366 0.376708
-0.365 0.375342
-0.364 0.37398
-0.363 0.372621
-0.362 0.371267
-0.361 0.369916
-0.36 0.368568
-0.359 0.367225
-0.358 0.365885
-0.357 0.364549
-0.356 0.363216
-0.355 0.361888
-0.354 0.360563
-0.353 0.359242
-0.352 0.357924
-0.351 0.356611
-0.35 0.355301
-0.349 0.353994
-0.348 0.352692
-0.347 0.351393
-0.346 0.350098
-0.345 0.348807
-0.344 0.34752
-0.343 0.346236
-0.342 0.344956
-0.341 0.343679
-0.34 0.342407
-0.339 0.341138
-0.338 0.339873
-0.337 0.338612
-0.336 0.337354
-0.335 0.3361
-0.334 0.33485
-0.333 0.333604
-0.332 0.332361
-0.331 0.331122
-0.33 0.329887
-0.329 0.328655
-0.328 0.327428
-0.327 0.326204
-0.326 0.324983
-0.325 0.323767
-0.324 0.322554
-0.323 0.321345
-0.322 0.32014
-0.321 0.318938
-0.32 0.317741
-0.319 0.316546
-0.318 0.315356
-0.317 0.314169
-0.316 0.312987
-0.315 0.311808
-0.314 0.310632
-0.313 0.30946
-0.312 0.308293
-0.311 0.307128
-0.31 0.305968
-0.309 0.304811
-0.308 0.303658
-0.307 0.302509
-0.306 0.301364
-0.305 0.300222
-0.304 0.299084
-0.303 0.297949
-0.302 0.296819
-0.301 0.295692
-0.3 0.294569
-0.299 0.29345
-0.298 0.292334
-0.297 0.291222
-0.296 0.290114
-0.295 0.28901
-0.294 0.287909
-0.293 0.286812
-0.292 0.285719
-0.291 0.28463
-0.29 0.283544
-0.289 0.282462
-0.288 0.281384
-0.287 0.280309
-0.286 0.279239
-0.285 0.278172
-0.284 0.277108
-0.283 0.276049
-0.282 0.274993
-0.281 0.273941
-0.28 0.272893
-0.279 0.271848
-0.278 0.270807
-0.277 0.26977
-0.276 0.268737
-0.275 0.267707
-0.274 0.266681
-0.273 0.265659
-0.272 0.264641
-0.271 0.263626
-0.27 0.262615
-0.269 0.261608
-0.268 0.260604
-0.267 0.259604
-0.266 0.258608
-0.265 0.257616
-0.264 0.256628
-0.263 0.255643
-0.262 0.254662
-0.261 0.253685
-0.26 0.252711
-0.259 0.251741
-0.258 0.250775
-0.257 0.249813
-0.256 0.248854
-0.255 0.247899
-0.254 0.246948
-0.253 0.246001
-0.252 0.245057
-0.251 0.244117
-0.25 0.243181
-0.249 0.242248
-0.248 0.24132
-0.247 0.240395
-0.246 0.239473
-0.245 0.238556
-0.244 0.237642
-0.243 0.236732
-0.242 0.235826
-0.241 0.234923
-0.24 0.234024
-0.239 0.233129
-0.238 0.232238
-0.237 0.23135
-0.236 0.230466
-0.235 0.229586
-0.234 0.22871
-0.233 0.227837
-0.232 0.226968
-0.231 0.226103
-0.23 0.225242
-0.229 0.224384
-0.228 0.22353
-0.227 0.22268
-0.226 0.221833
-0.225 0.22099
-0.224 0.220151
-0.223 0.219316
-0.222 0.218485
-0.221 0.217657
-0.22 0.216833
-0.219 0.216012
-0.218 0.215196
-0.217 0.214383
-0.216 0.213574
-0.215 0.212768
-0.214 0.211967
-0.213 0.211169
-0.212 0.210375
-0.211 0.209584
-0.21 0.208797
-0.209 0.208014
-0.208 0.207235
-0.207 0.20646
-0.206 0.205688
-0.205 0.20492
-0.204 0.204156
-0.203 0.203395
-0.202 0.202638
-0.201 0.201885
-0.2 0.201136
-0.199 0.20039
-0.198 0.199648
-0.197 0.19891
-0.196 0.198176
-0.195 0.197445
-0.194 0.196718
-0.193 0.195995
-0.192 0.195276
-0.191 0.19456
-0.19 0.193848
-0.189 0.19314
-0.188 0.192435
-0.187 0.191735
-0.186 0.191038
-0.185 0.190344
-0.184 0.189655
-0.183 0.188969
-0.182 0.188287
-0.181 0.187609
-0.18 0.186934
-0.179 0.186263
-0.178 0.185596
-0.177 0.184933
-0.176 0.184273
-0.175 0.183617
-0.174 0.182965
-0.173 0.182317
-0.172 0.181672
-0.171 0.181031
-0.17 0.180394
-0.169 0.17976
-0.168 0.17913
-0.167 0.178504
-0.166 0.177882
-0.165 0.177264
-0.164 0.176649
-0.163 0.176038
-0.162 0.17543
-0.161 0.174827
-0.16 0.174227
-0.159 0.173631
-0.158 0.173039
-0.157 0.17245
-0.156 0.171865
-0.155 0.171284
-0.154 0.170706
-0.153 0.170133
-0.152 0.169563
-0.151 0.168997
-0.15 0.168434
-0.149 0.167875
-0.148 0.16732
-0.147 0.166769
-0.146 0.166222
-0.145 0.165678
-0.144 0.165138
-0.143 0.164602
-0.142 0.164069
-0.141 0.16354
-0.14 0.163015
-0.139 0.162494
-0.138 0.161976
-0.137 0.161462
-0.136 0.160952
-0.135 0.160446
-0.134 0.159943
-0.133 0.159444
-0.132 0.158949
-0.131 0.158457
-0.13 0.15797
-0.129 0.157486
-0.128 0.157005
-0.127 0.156529
-0.126 0.156056
-0.125 0.155587
-0.124 0.155122
-0.123 0.15466
-0.122 0.154202
-0.121 0.153748
-0.12 0.153298
-0.119 0.152851
-0.118 0.152409
-0.117 0.151969
-0.116 0.151534
-0.115 0.151102
-0.114 0.150674
-0.113 0.15025
-0.112 0.14983
-0.111 0.149413
-0.11 0.149
-0.109 0.148591
-0.108 0.148185
-0.107 0.147784
-0.106 0.147386
-0.105 0.146991
-0.104 0.146601
-0.103 0.146214
-0.102 0.145831
-0.101 0.145451
-0.1 0.145076
-0.099 0.144704
-0.098 0.144336
-0.097 0.143972
-0.096 0.143611
-0.095 0.143254
-0.094 0.142901
-0.093 0.142551
-0.092 0.142206
-0.091 0.141864
-0.09 0.141525
-0.089 0.141191
-0.088 0.14086
-0.087 0.140533
-0.086 0.14021
-0.085 0.13989
-0.084 0.139575
-0.083 0.139262
-0.082 0.138954
-0.081 0.13865
-0.08 0.138349
-0.079 0.138052
-0.078 0.137758
-0.077 0.137469
-0.076 0.137183
-0.075 0.1369
-0.074 0.136622
-0.073 0.136347
-0.072 0.136076
-0.071 0.135809
-0.07 0.135546
-0.069 0.135286
-0.068 0.13503
-0.067 0.134778
-0.066 0.134529
-0.065 0.134284
-0.064 0.134043
-0.063 0.133806
-0.062 0.133572
-0.061 0.133343
-0.06 0.133116
-0.059 0.132894
-0.058 0.132675
-0.057 0.132461
-0.056 0.132249
-0.055 0.132042
-0.054 0.131838
-0.053 0.131638
-0.052 0.131442
-0.051 0.13125
-0.05 0.131061
-0.049 0.130876
-0.048 0.130695
-0.047 0.130517
-0.046 0.130343
-0.045 0.130173
-0.044 0.130007
-0.043 0.129844
-0.042 0.129686
-0.041 0.12953
-0.04 0.129379
-0.039 0.129231
-0.038 0.129088
-0.037 0.128947
-0.036 0.128811
-0.035 0.128678
-0.034 0.128549
-0.033 0.128424
-0.032 0.128303
-0.031 0.128185
-0.03 0.128071
-0.029 0.127961
-0.028 0.127854
-0.027 0.127751
-0.026 0.127652
-0.025 0.127557
-0.024 0.127466
-0.023 0.127378
-0.022 0.127294
-0.021 0.127213
-0.02 0.127137
-0.019 0.127064
-0.018 0.126995
-0.017 0.126929
-0.016 0.126868
-0.015 0.12681
-0.014 0.126755
-0.013 0.126705
-0.012 0.126658
-0.011 0.126615
-0.01 0.126576
-0.009 0.126541
-0.008 0.126509
-0.007 0.126481
-0.006 0.126457
-0.005 0.126436
-0.004 0.126419
-0.003 0.126406
-0.002 0.126397
-0.001 0.126391
0 0.126389
0.001 0.126391
0.002 0.126397
0.003 0.126406
0.004 0.126419
0.005 0.126436
0.006 0.126457
0.007 0.126481
0.008 0.126509
0.009 0.126541
0.01 0.126576
0.011 0.126615
0.012 0.126658
0.013 0.126705
0.014 0.126755
0.015 0.12681
0.016 0.126868
0.017 0.126929
0.018 0.126995
0.019 0.127064
0.02 0.127137
0.021 0.127213
0.022 0.127294
0.023 0.127378
0.024 0.127466
0.025 0.127557
0.026 0.127652
0.027 0.127751
0.028 0.127854
0.029 0.127961
0.03 0.128071
0.031 0.128185
0.032 0.128303
0.033 0.128424
0.034 0.128549
0.035 0.128678
0.036 0.128811
0.037 0.128947
0.038 0.129088
0.039 0.129231
0.04 0.129379
0.041 0.12953
0.042 0.129686
0.043 0.129844
0.044 0.130007
0.045 0.130173
0.046 0.130343
0.047 0.130517
0.048 0.130695
0.049 0.130876
0.05 0.131061
0.051 0.13125
0.052 0.131442
0.053 0.131638
0.054 0.131838
0.055 0.132042
0.056 0.132249
0.057 0.132461
0.058 0.132675
0.059 0.132894
0.06 0.133116
0.061 0.133343
0.062 0.133572
0.063 0.133806
0.064 0.134043
0.065 0.134284
0.066 0.134529
0.067 0.134778
0.068 0.13503
0.069 0.135286
0.07 0.135546
0.071 0.135809
0.072 0.136076
0.073 0.136347
0.074 0.136622
0.075 0.1369
0.076 0.137183
0.077 0.137469
0.078 0.137758
0.079 0.138052
0.08 0.138349
0.081 0.13865
0.082 0.138954
0.083 0.139262
0.084 0.139575
0.085 0.13989
0.086 0.14021
0.087 0.140533
0.088 0.14086
0.089 0.141191
0.09 0.141525
0.091 0.141864
0.092 0.142206
0.093 0.142551
0.094 0.142901
0.095 0.143254
0.096 0.143611
0.097 0.143972
0.098 0.144336
0.099 0.144704
0.1 0.145076
0.101 0.145451
0.102 0.145831
0.103 0.146214
0.104 0.146601
0.105 0.146991
0.106 0.147386
0.107 0.147784
0.108 0.148185
0.109 0.148591
0.11 0.149
0.111 0.149413
0.112 0.14983
0.113 0.15025
0.114 0.150674
0.115 0.151102
0.116 0.151534
0.117 0.151969
0.118 0.152409
0.119 0.152851
0.12 0.153298
0.121 0.153748
0.122 0.154202
0.123 0.15466
0.124 0.155122
0.125 0.155587
0.126 0.156056
0.127 0.156529
0.128 0.157005
0.129 0.157486
0.13 0.15797
0.131 0.158457
0.132 0.158949
0.133 0.159444
0.134 0.159943
0.135 0.160446
0.136 0.160952
0.137 0.161462
0.138 0.161976
0.139 0.162494
0.14 0.163015
0.141 0.16354
0.142 0.164069
0.143 0.164602
0.144 0.165138
0.145 0.165678
0.146 0.166222
0.147 0.166769
0.148 0.16732
0.149 0.167875
0.15 0.168434
0.151 0.168997
0.152 0.169563
0.153 0.170133
0.154 0.170706
0.155 0.171284
0.156 0.171865
0.157 0.17245
0.158 0.173039
0.159 0.173631
0.16 0.174227
0.161 0.174827
0.162 0.17543
0.163 0.176038
0.164 0.176649
0.165 0.177264
0.166 0.177882
0.167 0.178504
0.168 0.17913
0.169 0.17976
0.17 0.180394
0.171 0.181031
0.172 0.181672
0.173 0.182317
0.174 0.182965
0.175 0.183617
0.176 0.184273
0.177 0.184933
0.178 0.185596
0.179 0.186263
0.18 0.186934
0.181 0.187609
0.182 0.188287
0.183 0.188969
0.184 0.189655
0.185 0.190344
0.186 0.191038
0.187 0.191735
0.188 0.192435
0.189 0.19314
0.19 0.193848
0.191 0.19456
0.192 0.195276
0.193 0.195995
0.194 0.196718
0.195 0.197445
0.196 0.198176
0.197 0.19891
0.198 0.199648
0.199 0.20039
0.2 0.201136
0.201 0.201885
0.202 0.202638
0.203 0.203395
0.204 0.204156
0.205 0.20492
0.206 0.205688
0.207 0.20646
0.208 0.207235
0.209 0.208014
0.21 0.208797
0.211 0.209584
0.212 0.210375
0.213 0.211169
0.214 0.211967
0.215 0.212768
0.216 0.213574
0.217 0.214383
0.218 0.215196
0.219 0.216012
0.22 0.216833
0.221 0.217657
0.222 0.218485
0.223 0.219316
0.224 0.220151
0.225 0.22099
0.226 0.221833
0.227 0.22268
0.228 0.22353
0.229 0.224384
0.23 0.225242
0.231 0.226103
0.232 0.226968
0.233 0.227837
0.234 0.22871
0.235 0.229586
0.236 0.230466
0.237 0.23135
0.238 0.232238
0.239 0.233129
0.24 0.234024
0.241 0.234923
0.242 0.235826
0.243 0.236732
0.244 0.237642
0.245 0.238556
0.246 0.239473
0.247 0.240395
0.248 0.24132
0.249 0.242248
0.25 0.243181
0.251 0.244117
0.252 0.245057
0.253 0.246001
0.254 0.246948
0.255 0.247899
0.256 0.248854
0.257 0.249813
0.258 0.250775
0.259 0.251741
0.26 0.252711
0.261 0.253685
0.262 0.254662
0.263 0.255643
0.264 0.256628
0.265 0.257616
0.266 0.258608
0.267 0.259604
0.268 0.260604
0.269 0.261608
0.27 0.262615
0.271 0.263626
0.272 0.264641
0.273 0.265659
0.274 0.266681
0.275 0.267707
0.276 0.268737
0.277 0.26977
0.278 0.270807
0.279 0.271848
0.28 0.272893
0.281 0.273941
0.282 0.274993
0.283 0.276049
0.284 0.277108
0.285 0.278172
0.286 0.279239
0.287 0.280309
0.288 0.281384
0.289 0.282462
0.29 0.283544
0.291 0.28463
0.292 0.285719
0.293 0.286812
0.294 0.287909
0.295 0.28901
0.296 0.290114
0.297 0.291222
0.298 0.292334
0.299 0.29345
0.3 0.294569
0.301 0.295692
0.302 0.296819
0.303 0.297949
0.304 0.299084
0.305 0.300222
0.306 0.301364
0.307 0.302509
0.308 0.303658
0.309 0.304811
0.31 0.305968
0.311 0.307128
0.312 0.308293
0.313 0.30946
0.314 0.310632
0.315 0.311808
0.316 0.312987
0.317 0.314169
0.318 0.315356
0.319 0.316546
0.32 0.317741
0.321 0.318938
0.322 0.32014
0.323 0.321345
0.324 0.322554
0.325 0.323767
0.326 0.324983
0.327 0.326204
0.328 0.327428
0.329 0.328655
0.33 0.329887
0.331 0.331122
0.332 0.332361
0.333 0.333604
0.334 0.33485
0.335 0.3361
0.336 0.337354
0.337 0.338612
0.338 0.339873
0.339 0.341138
0.34 0.342407
0.341 0.343679
0.342 0.344956
0.343 0.346236
0.344 0.34752
0.345 0.348807
0.346 0.350098
0.347 0.351393
0.348 0.352692
0.349 0.353994
0.35 0.355301
0.351 0.356611
0.352 0.357924
0.353 0.359242
0.354 0.360563
0.355 0.361888
0.356 0.363216
0.357 0.364549
0.358 0.365885
0.359 0.367225
0.36 0.368568
0.361 0.369916
0.362 0.371267
0.363 0.372621
0.364 0.37398
0.365 0.375342
0.366 0.376708
0.367 0.378078
0.368 0.379451
0.369 0.380829
0.37 0.382209
0.371 0.383594
0.372 0.384983
0.373 0.386375
0.374 0.387771
0.375 0.38917
0.376 0.390574
0.377 0.391981
0.378 0.393392
0.379 0.394806
0.38 0.396224
0.381 0.397646
0.382 0.399072
0.383 0.400502
0.384 0.401935
0.385 0.403372
0.386 0.404813
0.387 0.406257
0.388 0.407706
0.389 0.409157
0.39 0.410613
0.391 0.412073
0.392 0.413536
0.393 0.415003
0.394 0.416473
0.395 0.417948
0.396 0.419426
0.397 0.420908
0.398 0.422393
0.399 0.423883
0.4 0.425376
0.401 0.426872
0.402 0.428373
0.403 0.429877
0.404 0.431385
0.405 0.432897
0.406 0.434412
0.407 0.435932
0.408 0.437455
0.409 0.438981
0.41 0.440512
0.411 0.442046
0.412 0.443584
0.413 0.445126
0.414 0.446671
0.415 0.44822
0.416 0.449773
0.417 0.451329
0.418 0.45289
0.419 0.454454
0.42 0.456022
0.421 0.457593
0.422 0.459169
0.423 0.460748
0.424 0.46233
0.425 0.463917
0.426 0.465507
0.427 0.467101
0.428 0.468699
0.429 0.4703
0.43 0.471905
0.431 0.473514
0.432 0.475127
0.433 0.476743
0.434 0.478363
0.435 0.479987
0.436 0.481615
0.437 0.483246
0.438 0.484881
0.439 0.48652
0.44 0.488163
0.441 0.489809
0.442 0.491459
0.443 0.493113
0.444 0.49477
0.445 0.496432
0.446 0.498097
0.447 0.499765
0.448 0.501438
0.449 0.503114
0.45 0.504794
0.451 0.506478
0.452 0.508165
0.453 0.509856
0.454 0.511551
0.455 0.51325
0.456 0.514952
0.457 0.516658
0.458 0.518368
0.459 0.520081
0.46 0.521799
0.461 0.52352
0.462 0.525245
0.463 0.526973
0.464 0.528705
0.465 0.530441
0.466 0.532181
0.467 0.533924
0.468 0.535672
0.469 0.537423
0.47 0.539177
0.471 0.540936
0.472 0.542698
0.473 0.544464
0.474 0.546233
0.475 0.548007
0.476 0.549784
0.477 0.551565
0.478 0.553349
0.479 0.555138
0.48 0.55693
0.481 0.558725
0.482 0.560525
0.483 0.562328
0.484 0.564135
0.485 0.565946
0.486 0.56776
0.487 0.569579
0.488 0.571401
0.489 0.573226
0.49 0.575056
0.491 0.576889
0.492 0.578726
0.493 0.580566
0.494 0.582411
0.495 0.584259
0.496 0.586111
0.497 0.587966
0.498 0.589826
0.499 0.591689
0.5 0.593555
0.501 0.595426
0.502 0.5973
0.503 0.599178
0.504 0.60106
0.505 0.602945
0.506 0.604835
0.507 0.606728
0.508 0.608624
0.509 0.610525
0.51 0.612429
0.511 0.614337
0.512 0.616248
0.513 0.618164
0.514 0.620083
0.515 0.622006
0.516 0.623932
0.517 0.625863
0.518 0.627797
0.519 0.629735
0.52 0.631676
0.521 0.633621
0.522 0.63557
0.523 0.637523
0.524 0.63948
0.525 0.64144
0.526 0.643404
0.527 0.645372
0.528 0.647343
0.529 0.649318
0.53 0.651297
0.531 0.65328
0.532 0.655266
0.533 0.657256
0.534 0.65925
0.535 0.661248
0.536 0.663249
0.537 0.665254
0.538 0.667263
0.539 0.669276
0.54 0.671292
0.541 0.673312
0.542 0.675336
0.543 0.677363
0.544 0.679394
0.545 0.681429
0.546 0.683468
0.547 0.685511
0.548 0.687557
0.549 0.689607
0.55 0.69166
0.551 0.693718
0.552 0.695779
0.553 0.697844
0.554 0.699912
0.555 0.701985
0.556 0.704061
0.557 0.706141
0.558 0.708224
0.559 0.710311
0.56 0.712403
0.561 0.714497
0.562 0.716596
0.563 0.718698
0.564 0.720804
0.565 0.722914
0.566 0.725027
0.567 0.727144
0.568 0.729265
0.569 0.73139
0.57 0.733518
0.571 0.735651
0.572 0.737786
0.573 0.739926
0.574 0.742069
0.575 0.744217
0.576 0.746367
0.577 0.748522
0.578 0.75068
0.579 0.752842
0.58 0.755008
0.581 0.757178
0.582 0.759351
0.583 0.761528
0.584 0.763709
0.585 0.765893
0.586 0.768081
0.587 0.770273
0.588 0.772469
0.589 0.774668
0.59 0.776871
0.591 0.779078
0.592 0.781289
0.593 0.783503
0.594 0.785721
0.595 0.787943
0.596 0.790169
0.597 0.792398
0.598 0.794631
0.599 0.796868
0.6 0.799109
0.601 0.801353
0.602 0.803601
0.603 0.805853
0.604 0.808108
0.605 0.810367
0.606 0.81263
0.607 0.814897
0.608 0.817167
0.609 0.819441
0.61 0.821719
0.611 0.824001
0.612 0.826286
0.613 0.828576
0.614 0.830868
0.615 0.833165
0.616 0.835465
0.617 0.837769
0.618 0.840077
0.619 0.842389
0.62 0.844704
0.621 0.847023
0.622 0.849346
0.623 0.851672
0.624 0.854002
0.625 0.856336
0.626 0.858674
0.627 0.861016
0.628 0.863361
0.629 0.86571
0.63 0.868062
0.631 0.870419
0.632 0.872779
0.633 0.875143
0.634 0.87751
0.635 0.879882
0.636 0.882257
0.637 0.884635
0.638 0.887018
0.639 0.889404
0.64 0.891794
0.641 0.894188
0.642 0.896586
0.643 0.898987
0.644 0.901392
0.645 0.903801
0.646 0.906213
0.647 0.908629
0.648 0.911049
0.649 0.913473
0.65 0.9159
0.651 0.918331
0.652 0.920766
0.653 0.923205
0.654 0.925647
0.655 0.928093
0.656 0.930543
0.657 0.932997
0.658 0.935454
0.659 0.937915
0.66 0.94038
0.661 0.942848
0.662 0.94532
0.663 0.947796
0.664 0.950276
0.665 0.95276
0.666 0.955247
0.667 0.957738
0.668 0.960232
0.669 0.962731
0.67 0.965233
0.671 0.967739
0.672 0.970248
0.673 0.972762
0.674 0.975279
0.675 0.9778
0.676 0.980324
0.677 0.982852
0.678 0.985385
0.679 0.98792
0.68 0.99046
0.681 0.993003
0.682 0.99555
0.683 0.998101
0.684 1.00066
0.685 1.00321
0.686 1.00578
0.687 1.00834
0.688 1.01091
0.689 1.01348
0.69 1.01606
0.691 1.01864
0.692 1.02123
0.693 1.02381
0.694 1.02641
0.695 1.029
0.696 1.0316
0.697 1.0342
0.698 1.03681
0.699 1.03942
0.7 1.04203
0.701 1.04465
0.702 1.04727
0.703 1.0499
0.704 1.05253
0.705 1.05516
0.706 1.0578
0.707 1.06044
0.708 1.06308
0.709 1.06573
0.71 1.06838
0.711 1.07104
0.712 1.0737
0.713 1.07636
0.714 1.07903
0.715 1.0817
0.716 1.08437
0.717 1.08705
0.718 1.08973
0.719 1.09242
0.72 1.09511
0.721 1.0978
0.722 1.10049
0.723 1.10319
0.724 1.1059
0.725 1.10861
0.726 1.11132
0.727 1.11403
0.728 1.11675
0.729 1.11947
0.73 1.1222
0.731 1.12493
0.732 1.12766
0.733 1.1304
0.734 1.13314
0.735 1.13589
0.736 1.13864
0.737 1.14139
0.738 1.14415
0.739 1.14691
0.74 1.14967
0.741 1.15244
0.742 1.15521
0.743 1.15798
0.744 1.16076
0.745 1.16354
0.746 1.16633
0.747 1.16912
0.748 1.17191
0.749 1.17471
0.75 1.17751
0.751 1.18032
0.752 1.18313
0.753 1.18594
0.754 1.18876
0.755 1.19157
0.756 1.1944
0.757 1.19723
0.758 1.20006
0.759 1.20289
0.76 1.20573
0.761 1.20857
0.762 1.21142
0.763 1.21427
0.764 1.21712
0.765 1.21998
0.766 1.22284
0.767 1.2257
0.768 1.22857
0.769 1.23144
0.77 1.23432
0.771 1.2372
0.772 1.24008
0.773 1.24297
0.774 1.24586
0.775 1.24876
0.776 1.25165
0.777 1.25456
0.778 1.25746
0.779 1.26037
0.78 1.26328
0.781 1.2662
0.782 1.26912
0.783 1.27205
0.784 1.27498
0.785 1.27791
0.786 1.28084
0.787 1.28378
0.788 1.28673
0.789 1.28967
0.79 1.29262
0.791 1.29558
0.792 1.29854
0.793 1.3015
0.794 1.30446
0.795 1.30743
0.796 1.31041
0.797 1.31338
0.798 1.31636
0.799 1.31935
0.8 1.32233
0.801 1.32533
0.802 1.32832
0.803 1.33132
0.804 1.33432
0.805 1.33733
0.806 1.34034
0.807 1.34336
0.808 1.34637
0.809 1.34939
0.81 1.35242
0.811 1.35545
0.812 1.35848
0.813 1.36152
0.814 1.36456
0.815 1.3676
0.816 1.37065
0.817 1.3737
0.818 1.37676
0.819 1.37982
0.82 1.38288
0.821 1.38595
0.822 1.38902
0.823 1.39209
0.824 1.39517
0.825 1.39825
0.826 1.40133
0.827 1.40442
0.828 1.40752
0.829 1.41061
0.83 1.41371
0.831 1.41682
0.832 1.41992
0.833 1.42304
0.834 1.42615
0.835 1.42927
0.836 1.43239
0.837 1.43552
0.838 1.43865
0.839 1.44178
0.84 1.44492
0.841 1.44806
0.842 1.45121
0.843 1.45435
0.844 1.45751
0.845 1.46066
0.846 1.46382
0.847 1.46699
0.848 1.47015
0.849 1.47332
0.85 1.4765
0.851 1.47968
0.852 1.48286
0.853 1.48605
0.854 1.48924
0.855 1.49243
0.856 1.49563
0.857 1.49883
0.858 1.50203
0.859 1.50524
0.86 1.50845
0.861 1.51167
0.862 1.51489
0.863 1.51811
0.864 1.52134
0.865 1.52457
0.866 1.52781
0.867 1.53104
0.868 1.53429
0.869 1.53753
0.87 1.54078
0.871 1.54403
0.872 1.54729
0.873 1.55055
0.874 1.55382
0.875 1.55709
0.876 1.56036
0.877 1.56363
0.878 1.56691
0.879 1.5702
0.88 1.57348
0.881 1.57677
0.882 1.58007
0.883 1.58337
0.884 1.58667
0.885 1.58997
0.886 1.59328
0.887 1.5966
0.888 1.59991
0.889 1.60323
0.89 1.60656
0.891 1.60989
0.892 1.61322
0.893 1.61655
0.894 1.61989
0.895 1.62324
0.896 1.62658
0.897 1.62993
0.898 1.63329
0.899 1.63665
0.9 1.64001
0.901 1.64337
0.902 1.64674
0.903 1.65012
0.904 1.65349
0.905 1.65687
0.906 1.66026
0.907 1.66364
0.908 1.66704
0.909 1.67043
0.91 1.67383
0.911 1.67723
0.912 1.68064
0.913 1.68405
0.914 1.68746
0.915 1.69088
0.916 1.6943
0.917 1.69773
0.918 1.70116
0.919 1.70459
0.92 1.70803
0.921 1.71147
0.922 1.71491
0.923 1.71836
0.924 1.72181
0.925 1.72527
0.926 1.72872
0.927 1.73219
0.928 1.73565
0.929 1.73912
0.93 1.7426
0.931 1.74607
0.932 1.74956
0.933 1.75304
0.934 1.75653
0.935 1.76002
0.936 1.76352
0.937 1.76702
0.938 1.77052
0.939 1.77403
0.94 1.77754
0.941 1.78106
0.942 1.78458
0.943 1.7881
0.944 1.79162
0.945 1.79515
0.946 1.79869
0.947 1.80222
0.948 1.80577
0.949 1.80931
0.95 1.81286
0.951 1.81641
0.952 1.81997
0.953 1.82353
0.954 1.82709
0.955 1.83066
0.956 1.83423
0.957 1.8378
0.958 1.84138
0.959 1.84496
0.96 1.84855
0.961 1.85214
0.962 1.85573
0.963 1.85933
0.964 1.86293
0.965 1.86654
0.966 1.87014
0.967 1.87376
0.968 1.87737
0.969 1.88099
0.97 1.88462
0.971 1.88824
0.972 1.89187
0.973 1.89551
0.974 1.89915
0.975 1.90279
0.976 1.90643
0.977 1.91008
0.978 1.91374
0.979 1.91739
0.98 1.92105
0.981 1.92472
0.982 1.92839
0.983 1.93206
0.984 1.93574
0.985 1.93941
0.986 1.9431
0.987 1.94678
0.988 1.95048
0.989 1.95417
0.99 1.95787
0.991 1.96157
0.992 1.96527
0.993 1.96898
0.994 1.9727
0.995 1.97641
0.996 1.98013
0.997 1.98386
0.998 1.98759
0.999 1.99132
1 1.99505
