-1 -1.29701
-0.999 -1.29554
-0.998 -1.29407
-0.997 -1.2926
-0.996 -1.29114
-0.995 -1.28967
-0.994 -1.2882
-0.993 -1.28674
-0.992 -1.28527
-0.991 -1.28381
-0.99 -1.28234
-0.989 -1.28087
-0.988 -1.27941
-0.987 -1.27794
-0.986 -1.27648
-0.985 -1.27501
-0.984 -1.27355
-0.983 -1.27208
-0.982 -1.27062
-0.981 -1.26915
-0.98 -1.26769
-0.979 -1.26623
-0.978 -1.26476
-0.977 -1.2633
-0.976 -1.26184
-0.975 -1.26037
-0.974 -1.25891
-0.973 -1.25745
-0.972 -1.25599
-0.971 -1.25452
-0.97 -1.25306
-0.969 -1.2516
-0.968 -1.25014
-0.967 -1.24868
-0.966 -1.24722
-0.965 -1.24576
-0.964 -1.24429
-0.963 -1.24283
-0.962 -1.24137
-0.961 -1.23991
-0.96 -1.23845
-0.959 -1.23699
-0.958 -1.23553
-0.957 -1.23407
-0.956 -1.23262
-0.955 -1.23116
-0.954 -1.2297
-0.953 -1.22824
-0.952 -1.22678
-0.951 -1.22532
-0.95 -1.22386
-0.949 -1.22241
-0.948 -1.22095
-0.947 -1.21949
-0.946 -1.21803
-0.945 -1.21658
-0.944 -1.21512
-0.943 -1.21366
-0.942 -1.21221
-0.941 -1.21075
-0.94 -1.20929
-0.939 -1.20784
-0.938 -1.20638
-0.937 -1.20493
-0.936 -1.20347
-0.935 -1.20202
-0.934 -1.20056
-0.933 -1.19911
-0.932 -1.19765
-0.931 -1.1962
-0.93 -1.19474
-0.929 -1.19329
-0.928 -1.19184
-0.927 -1.19038
-0.926 -1.18893
-0.925 -1.18748
-0.924 -1.18602
-0.923 -1.18457
-0.922 -1.18312
-0.921 -1.18166
-0.92 -1.18021
-0.919 -1.17876
-0.918 -1.17731
-0.917 -1.17586
-0.916 -1.17441
-0.915 -1.17295
-0.914 -1.1715
-0.913 -1.17005
-0.912 -1.1686
-0.911 -1.16715
-0.91 -1.1657
-0.909 -1.16425
-0.908 -1.1628
-0.907 -1.16135
-0.906 -1.1599
-0.905 -1.15845
-0.904 -1.157
-0.903 -1.15555
-0.902 -1.15411
-0.901 -1.15266
-0.9 -1.15121
-0.899 -1.14976
-0.898 -1.14831
-0.897 -1.14686
-0.896 -1.14542
-0.895 -1.14397
-0.894 -1.14252
-0.893 -1.14108
-0.892 -1.13963
-0.891 -1.13818
-0.89 -1.13674
-0.889 -1.13529
-0.888 -1.13384
-0.887 -1.1324
-0.886 -1.13095
-0.885 -1.12951
-0.884 -1.12806
-0.883 -1.12662
-0.882 -1.12517
-0.881 -1.12373
-0.88 -1.12228
-0.879 -1.12084
-0.878 -1.11939
-0.877 -1.11795
-0.876 -1.11651
-0.875 -1.11506
-0.874 -1.11362
-0.873 -1.11218
-0.872 -1.11073
-0.871 -1.10929
-0.87 -1.10785
-0.869 -1.10641
-0.868 -1.10497
-0.867 -1.10352
-0.866 -1.10208
-0.865 -1.10064
-0.864 -1.0992
-0.863 -1.09776
-0.862 -1.09632
-0.861 -1.09488
-0.86 -1.09344
-0.859 -1.092
-0.858 -1.09056
-0.857 -1.08912
-0.856 -1.08768
-0.855 -1.08624
-0.854 -1.0848
-0.853 -1.08336
-0.852 -1.08192
-0.851 -1.08048
-0.85 -1.07904
-0.849 -1.0776
-0.848 -1.07616
-0.847 -1.07473
-0.846 -1.07329
-0.845 -1.07185
-0.844 -1.07041
-0.843 -1.06898
-0.842 -1.06754
-0.841 -1.0661
-0.84 -1.06467
-0.839 -1.06323
-0.838 -1.06179
-0.837 -1.06036
-0.836 -1.05892
-0.835 -1.05749
-0.834 -1.05605
-0.833 -1.05462
-0.832 -1.05318
-0.831 -1.05175
-0.83 -1.05031
-0.829 -1.04888
-0.828 -1.04744
-0.827 -1.04601
-0.826 -1.04457
-0.825 -1.04314
-0.824 -1.04171
-0.823 -1.04027
-0.822 -1.03884
-0.821 -1.03741
-0.82 -1.03597
-0.819 -1.03454
-0.818 -1.03311
-0.817 -1.03168
-0.816 -1.03025
-0.815 -1.02881
-0.814 -1.02738
-0.813 -1.02595
-0.812 -1.02452
-0.811 -1.02309
-0.81 -1.02166
-0.809 -1.02023
-0.808 -1.0188
-0.807 -1.01737
-0.806 -1.01594
-0.805 -1.01451
-0.804 -1.01308
-0.803 -1.01165
-0.802 -1.01022
-0.801 -1.00879
-0.8 -1.00736
-0.799 -1.00593
-0.798 -1.0045
-0.797 -1.00308
-0.796 -1.00165
-0.795 -1.00022
-0.794 -0.998793
-0.793 -0.997365
-0.792 -0.995938
-0.791 -0.994511
-0.79 -0.993084
-0.789 -0.991657
-0.788 -0.990231
-0.787 -0.988805
-0.786 -0.987379
-0.785 -0.985953
-0.784 -0.984527
-0.783 -0.983102
-0.782 -0.981676
-0.781 -0.980251
-0.78 -0.978826
-0.779 -0.977402
-0.778 -0.975977
-0.777 -0.974553
-0.776 -0.973129
-0.775 -0.971705
-0.774 -0.970281
-0.773 -0.968857
-0.772 -0.967434
-0.771 -0.966011
-0.77 -0.964588
-0.769 -0.963165
-0.768 -0.961743
-0.767 -0.96032
-0.766 -0.958898
-0.765 -0.957476
-0.764 -0.956054
-0.763 -0.954633
-0.762 -0.953211
-0.761 -0.95179
-0.76 -0.950369
-0.759 -0.948948
-0.758 -0.947528
-0.757 -0.946107
-0.756 -0.944687
-0.755 -0.943267
-0.754 -0.941847
-0.753 -0.940427
-0.752 -0.939008
-0.751 -0.937589
-0.75 -0.93617
-0.749 -0.934751
-0.748 -0.933332
-0.747 -0.931914
-0.746 -0.930495
-0.745 -0.929077
-0.744 -0.927659
-0.743 -0.926242
-0.742 -0.924824
-0.741 -0.923407
-0.74 -0.92199
-0.739 -0.920573
-0.738 -0.919156
-0.737 -0.91774
-0.736 -0.916323
-0.735 -0.914907
-0.734 -0.913491
-0.733 -0.912076
-0.732 -0.91066
-0.731 -0.909245
-0.73 -0.90783
-0.729 -0.906415
-0.728 -0.905
-0.727 -0.903585
-0.726 -0.902171
-0.725 -0.900757
-0.724 -0.899343
-0.723 -0.897929
-0.722 -0.896515
-0.721 -0.895102
-0.72 -0.893689
-0.719 -0.892276
-0.718 -0.890863
-0.717 -0.88945
-0.716 -0.888038
-0.715 -0.886626
-0.714 -0.885214
-0.713 -0.883802
-0.712 -0.88239
-0.711 -0.880979
-0.71 -0.879567
-0.709 -0.878156
-0.708 -0.876746
-0.707 -0.875335
-0.706 -0.873924
-0.705 -0.872514
-0.704 -0.871104
-0.703 -0.869694
-0.702 -0.868285
-0.701 -0.866875
-0.7 -0.865466
-0.699 -0.864057
-0.698 -0.862648
-0.697 -0.861239
-0.696 -0.85983
-0.695 -0.858422
-0.694 -0.857014
-0.693 -0.855606
-0.692 -0.854198
-0.691 -0.852791
-0.69 -0.851383
-0.689 -0.849976
-0.688 -0.848569
-0.687 -0.847163
-0.686 -0.845756
-0.685 -0.84435
-0.684 -0.842943
-0.683 -0.841537
-0.682 -0.840132
-0.681 -0.838726
-0.68 -0.837321
-0.679 -0.835915
-0.678 -0.83451
-0.677 -0.833106
-0.676 -0.831701
-0.675 -0.830297
-0.674 -0.828892
-0.673 -0.827488
-0.672 -0.826085
-0.671 -0.824681
-0.67 -0.823277
-0.669 -0.821874
-0.668 -0.820471
-0.667 -0.819068
-0.666 -0.817666
-0.665 -0.816263
-0.664 -0.814861
-0.663 -0.813459
-0.662 -0.812057
-0.661 -0.810655
-0.66 -0.809254
-0.659 -0.807852
-0.658 -0.806451
-0.657 -0.80505
-0.656 -0.80365
-0.655 -0.802249
-0.654 -0.800849
-0.653 -0.799449
-0.652 -0.798049
-0.651 -0.796649
-0.65 -0.79525
-0.649 -0.79385
-0.648 -0.792451
-0.647 -0.791052
-0.646 -0.789653
-0.645 -0.788255
-0.644 -0.786856
-0.643 -0.785458
-0.642 -0.78406
-0.641 -0.782662
-0.64 -0.781265
-0.639 -0.779867
-0.638 -0.77847
-0.637 -0.777073
-0.636 -0.775676
-0.635 -0.77428
-0.634 -0.772883
-0.633 -0.771487
-0.632 -0.770091
-0.631 -0.768695
-0.63 -0.7673
-0.629 -0.765904
-0.628 -0.764509
-0.627 -0.763114
-0.626 -0.761719
-0.625 -0.760324
-0.624 -0.75893
-0.623 -0.757536
-0.622 -0.756142
-0.621 -0.754748
-0.62 -0.753354
-0.619 -0.75196
-0.618 -0.750567
-0.617 -0.749174
-0.616 -0.747781
-0.615 -0.746388
-0.614 -0.744996
-0.613 -0.743604
-0.612 -0.742211
-0.611 -0.74082
-0.61 -0.739428
-0.609 -0.738036
-0.608 -0.736645
-0.607 -0.735254
-0.606 -0.733863
-0.605 -0.732472
-0.604 -0.731081
-0.603 -0.729691
-0.602 -0.728301
-0.601 -0.726911
-0.6 -0.725521
-0.599 -0.724132
-0.598 -0.722742
-0.597 -0.721353
-0.596 -0.719964
-0.595 -0.718575
-0.594 -0.717187
-0.593 -0.715798
-0.592 -0.71441
-0.591 -0.713022
-0.59 -0.711634
-0.589 -0.710246
-0.588 -0.708859
-0.587 -0.707472
-0.586 -0.706085
-0.585 -0.704698
-0.584 -0.703311
-0.583 -0.701925
-0.582 -0.700538
-0.581 -0.699152
-0.58 -0.697766
-0.579 -0.696381
-0.578 -0.694995
-0.577 -0.69361
-0.576 -0.692225
-0.575 -0.69084
-0.574 -0.689455
-0.573 -0.688071
-0.572 -0.686686
-0.571 -0.685302
-0.57 -0.683918
-0.569 -0.682535
-0.568 -0.681151
-0.567 -0.679768
-0.566 -0.678384
-0.565 -0.677002
-0.564 -0.675619
-0.563 -0.674236
-0.562 -0.672854
-0.561 -0.671472
-0.56 -0.67009
-0.559 -0.668708
-0.558 -0.667326
-0.557 -0.665945
-0.556 -0.664564
-0.555 -0.663183
-0.554 -0.661802
-0.553 -0.660421
-0.552 -0.659041
-0.551 -0.657661
-0.55 -0.656281
-0.549 -0.654901
-0.548 -0.653521
-0.547 -0.652142
-0.546 -0.650762
-0.545 -0.649383
-0.544 -0.648004
-0.543 -0.646626
-0.542 -0.645247
-0.541 -0.643869
-0.54 -0.642491
-0.539 -0.641113
-0.538 -0.639735
-0.537 -0.638358
-0.536 -0.636981
-0.535 -0.635603
-0.534 -0.634227
-0.533 -0.63285
-0.532 -0.631473
-0.531 -0.630097
-0.53 -0.628721
-0.529 -0.627345
-0.528 -0.625969
-0.527 -0.624594
-0.526 -0.623218
-0.525 -0.621843
-0.524 -0.620468
-0.523 -0.619093
-0.522 -0.617719
-0.521 -0.616345
-0.52 -0.61497
-0.519 -0.613596
-0.518 -0.612223
-0.517 -0.610849
-0.516 -0.609476
-0.515 -0.608102
-0.514 -0.606729
-0.513 -0.605357
-0.512 -0.603984
-0.511 -0.602612
-0.51 -0.601239
-0.509 -0.599867
-0.508 -0.598495
-0.507 -0.597124
-0.506 -0.595752
-0.505 -0.594381
-0.504 -0.59301
-0.503 -0.591639
-0.502 -0.590269
-0.501 -0.588898
-0.5 -0.587528
-0.499 -0.586158
-0.498 -0.584788
-0.497 -0.583418
-0.496 -0.582049
-0.495 -0.580679
-0.494 -0.57931
-0.493 -0.577941
-0.492 -0.576573
-0.491 -0.575204
-0.49 -0.573836
-0.489 -0.572468
-0.488 -0.5711
-0.487 -0.569732
-0.486 -0.568364
-0.485 -0.566997
-0.484 -0.56563
-0.483 -0.564263
-0.482 -0.562896
-0.481 -0.56153
-0.48 -0.560163
-0.479 -0.558797
-0.478 -0.557431
-0.477 -0.556065
-0.476 -0.5547
-0.475 -0.553334
-0.474 -0.551969
-0.473 -0.550604
-0.472 -0.549239
-0.471 -0.547875
-0.47 -0.54651
-0.469 -0.545146
-0.468 -0.543782
-0.467 -0.542418
-0.466 -0.541055
-0.465 -0.539691
-0.464 -0.538328
-0.463 -0.536965
-0.462 -0.535602
-0.461 -0.534239
-0.46 -0.532877
-0.459 -0.531514
-0.458 -0.530152
-0.457 -0.528791
-0.456 -0.527429
-0.455 -0.526067
-0.454 -0.524706
-0.453 -0.523345
-0.452 -0.521984
-0.451 -0.520623
-0.45 -0.519263
-0.449 -0.517902
-0.448 -0.516542
-0.447 -0.515182
-0.446 -0.513823
-0.445 -0.512463
-0.444 -0.511104
-0.443 -0.509745
-0.442 -0.508386
-0.441 -0.507027
-0.44 -0.505668
-0.439 -0.50431
-0.438 -0.502952
-0.437 -0.501594
-0.436 -0.500236
-0.435 -0.498878
-0.434 -0.497521
-0.433 -0.496164
-0.432 -0.494807
-0.431 -0.49345
-0.43 -0.492093
-0.429 -0.490737
-0.428 -0.489381
-0.427 -0.488025
-0.426 -0.486669
-0.425 -0.485313
-0.424 -0.483958
-0.423 -0.482603
-0.422 -0.481247
-0.421 -0.479893
-0.42 -0.478538
-0.419 -0.477183
-0.418 -0.475829
-0.417 -0.474475
-0.416 -0.473121
-0.415 -0.471768
-0.414 -0.470414
-0.413 -0.469061
-0.412 -0.467708
-0.411 -0.466355
-0.41 -0.465002
-0.409 -0.46365
-0.408 -0.462297
-0.407 -0.460945
-0.406 -0.459593
-0.405 -0.458241
-0.404 -0.45689
-0.403 -0.455539
-0.402 -0.454187
-0.401 -0.452836
-0.4 -0.451486
-0.399 -0.450135
-0.398 -0.448785
-0.397 -0.447435
-0.396 -0.446085
-0.395 -0.444735
-0.394 -0.443385
-0.393 -0.442036
-0.392 -0.440687
-0.391 -0.439338
-0.39 -0.437989
-0.389 -0.43664
-0.388 -0.435292
-0.387 -0.433943
-0.386 -0.432595
-0.385 -0.431248
-0.384 -0.4299
-0.383 -0.428553
-0.382 -0.427205
-0.381 -0.425858
-0.38 -0.424511
-0.379 -0.423165
-0.378 -0.421818
-0.377 -0.420472
-0.376 -0.419126
-0.375 -0.41778
-0.374 -0.416434
-0.373 -0.415089
-0.372 -0.413743
-0.371 -0.412398
-0.37 -0.411053
-0.369 -0.409709
-0.368 -0.408364
-0.367 -0.40702
-0.366 -0.405676
-0.365 -0.404332
-0.364 -0.402988
-0.363 -0.401645
-0.362 -0.400301
-0.361 -0.398958
-0.36 -0.397615
-0.359 -0.396272
-0.358 -0.39493
-0.357 -0.393587
-0.356 -0.392245
-0.355 -0.390903
-0.354 -0.389561
-0.353 -0.38822
-0.352 -0.386878
-0.351 -0.385537
-0.35 -0.384196
-0.349 -0.382855
-0.348 -0.381515
-0.347 -0.380174
-0.346 -0.378834
-0.345 -0.377494
-0.344 -0.376154
-0.343 -0.374815
-0.342 -0.373475
-0.341 -0.372136
-0.34 -0.370797
-0.339 -0.369458
-0.338 -0.368119
-0.337 -0.366781
-0.336 -0.365443
-0.335 -0.364105
-0.334 -0.362767
-0.333 -0.361429
-0.332 -0.360092
-0.331 -0.358754
-0.33 -0.357417
-0.329 -0.35608
-0.328 -0.354743
-0.327 -0.353407
-0.326 -0.352071
-0.325 -0.350735
-0.324 -0.349399
-0.323 -0.348063
-0.322 -0.346727
-0.321 -0.345392
-0.32 -0.344057
-0.319 -0.342722
-0.318 -0.341387
-0.317 -0.340053
-0.316 -0.338718
-0.315 -0.337384
-0.314 -0.33605
-0.313 -0.334716
-0.312 -0.333383
-0.311 -0.332049
-0.31 -0.330716
-0.309 -0.329383
-0.308 -0.32805
-0.307 -0.326718
-0.306 -0.325385
-0.305 -0.324053
-0.304 -0.322721
-0.303 -0.321389
-0.302 -0.320057
-0.301 -0.318726
-0.3 -0.317395
-0.299 -0.316064
-0.298 -0.314733
-0.297 -0.313402
-0.296 -0.312072
-0.295 -0.310741
-0.294 -0.309411
-0.293 -0.308081
-0.292 -0.306752
-0.291 -0.305422
-0.29 -0.304093
-0.289 -0.302764
-0.288 -0.301435
-0.287 -0.300106
-0.286 -0.298778
-0.285 -0.297449
-0.284 -0.296121
-0.283 -0.294793
-0.282 -0.293466
-0.281 -0.292138
-0.28 -0.290811
-0.279 -0.289484
-0.278 -0.288157
-0.277 -0.28683
-0.276 -0.285503
-0.275 -0.284177
-0.274 -0.282851
-0.273 -0.281525
-0.272 -0.280199
-0.271 -0.278873
-0.27 -0.277548
-0.269 -0.276223
-0.268 -0.274898
-0.267 -0.273573
-0.266 -0.272248
-0.265 -0.270924
-0.264 -0.2696
-0.263 -0.268276
-0.262 -0.266952
-0.261 -0.265628
-0.26 -0.264305
-0.259 -0.262981
-0.258 -0.261658
-0.257 -0.260336
-0.256 -0.259013
-0.255 -0.25769
-0.254 -0.256368
-0.253 -0.255046
-0.252 -0.253724
-0.251 -0.252402
-0.25 -0.251081
-0.249 -0.24976
-0.248 -0.248439
-0.247 -0.247118
-0.246 -0.245797
-0.245 -0.244476
-0.244 -0.243156
-0.243 -0.241836
-0.242 -0.240516
-0.241 -0.239196
-0.24 -0.237877
-0.239 -0.236557
-0.238 -0.235238
-0.237 -0.233919
-0.236 -0.232601
-0.235 -0.231282
-0.234 -0.229964
-0.233 -0.228645
-0.232 -0.227327
-0.231 -0.22601
-0.23 -0.224692
-0.229 -0.223375
-0.228 -0.222057
-0.227 -0.22074
-0.226 -0.219424
-0.225 -0.218107
-0.224 -0.216791
-0.223 -0.215474
-0.222 -0.214158
-0.221 -0.212842
-0.22 -0.211527
-0.219 -0.210211
-0.218 -0.208896
-0.217 -0.207581
-0.216 -0.206266
-0.215 -0.204952
-0.214 -0.203637
-0.213 -0.202323
-0.212 -0.201009
-0.211 -0.199695
-0.21 -0.198381
-0.209 -0.197068
-0.208 -0.195754
-0.207 -0.194441
-0.206 -0.193128
-0.205 -0.191816
-0.204 -0.190503
-0.203 -0.189191
-0.202 -0.187879
-0.201 -0.186567
-0.2 -0.185255
-0.199 -0.183943
-0.198 -0.182632
-0.197 -0.181321
-0.196 -0.18001
-0.195 -0.178699
-0.194 -0.177389
-0.193 -0.176078
-0.192 -0.174768
-0.191 -0.173458
-0.19 -0.172148
-0.189 -0.170839
-0.188 -0.169529
-0.187 -0.16822
-0.186 -0.166911
-0.185 -0.165602
-0.184 -0.164294
-0.183 -0.162985
-0.182 -0.161677
-0.181 -0.160369
-0.18 -0.159061
-0.179 -0.157754
-0.178 -0.156446
-0.177 -0.155139
-0.176 -0.153832
-0.175 -0.152525
-0.174 -0.151218
-0.173 -0.149912
-0.172 -0.148606
-0.171 -0.147299
-0.17 -0.145994
-0.169 -0.144688
-0.168 -0.143382
-0.167 -0.142077
-0.166 -0.140772
-0.165 -0.139467
-0.164 -0.138162
-0.163 -0.136858
-0.162 -0.135554
-0.161 -0.134249
-0.16 -0.132945
-0.159 -0.131642
-0.158 -0.130338
-0.157 -0.129035
-0.156 -0.127732
-0.155 -0.126429
-0.154 -0.125126
-0.153 -0.123823
-0.152 -0.122521
-0.151 -0.121219
-0.15 -0.119917
-0.149 -0.118615
-0.148 -0.117313
-0.147 -0.116012
-0.146 -0.114711
-0.145 -0.11341
-0.144 -0.112109
-0.143 -0.110808
-0.142 -0.109508
-0.141 -0.108208
-0.14 -0.106908
-0.139 -0.105608
-0.138 -0.104308
-0.137 -0.103009
-0.136 -0.10171
-0.135 -0.100411
-0.134 -0.0991117
-0.133 -0.097813
-0.132 -0.0965146
-0.131 -0.0952163
-0.13 -0.0939182
-0.129 -0.0926203
-0.128 -0.0913226
-0.127 -0.0900251
-0.126 -0.0887278
-0.125 -0.0874307
-0.124 -0.0861338
-0.123 -0.0848371
-0.122 -0.0835406
-0.121 -0.0822443
-0.12 -0.0809481
-0.119 -0.0796522
-0.118 -0.0783565
-0.117 -0.0770609
-0.116 -0.0757656
-0.115 -0.0744704
-0.114 -0.0731755
-0.113 -0.0718807
-0.112 -0.0705861
-0.111 -0.0692918
-0.11 -0.0679976
-0.109 -0.0667036
-0.108 -0.0654098
-0.107 -0.0641162
-0.106 -0.0628228
-0.105 -0.0615296
-0.104 -0.0602366
-0.103 -0.0589438
-0.102 -0.0576512
-0.101 -0.0563588
-0.1 -0.0550665
-0.099 -0.0537745
-0.098 -0.0524827
-0.097 -0.051191
-0.096 -0.0498996
-0.095 -0.0486083
-0.094 -0.0473173
-0.093 -0.0460264
-0.092 -0.0447357
-0.091 -0.0434453
-0.09 -0.042155
-0.089 -0.0408649
-0.088 -0.039575
-0.087 -0.0382853
-0.086 -0.0369959
-0.085 -0.0357066
-0.084 -0.0344174
-0.083 -0.0331285
-0.082 -0.0318398
-0.081 -0.0305513
-0.08 -0.029263
-0.079 -0.0279749
-0.078 -0.0266869
-0.077 -0.0253992
-0.076 -0.0241116
-0.075 -0.0228243
-0.074 -0.0215371
-0.073 -0.0202502
-0.072 -0.0189634
-0.071 -0.0176768
-0.07 -0.0163905
-0.069 -0.0151043
-0.068 -0.0138183
-0.067 -0.0125325
-0.066 -0.0112469
-0.065 -0.00996154
-0.064 -0.00867634
-0.063 -0.00739133
-0.062 -0.00610652
-0.061 -0.0048219
-0.06 -0.00353748
-0.059 -0.00225325
-0.058 -0.000969222
-0.057 0.000314614
-0.056 0.00159826
-0.055 0.0028817
-0.054 0.00416495
-0.053 0.00544801
-0.052 0.00673087
-0.051 0.00801353
-0.05 0.009296
-0.049 0.0105783
-0.048 0.0118604
-0.047 0.0131422
-0.046 0.0144239
-0.045 0.0157054
-0.044 0.0169867
-0.043 0.0182678
-0.042 0.0195487
-0.041 0.0208295
-0.04 0.02211
-0.039 0.0233903
-0.038 0.0246704
-0.037 0.0259504
-0.036 0.0272301
-0.035 0.0285096
-0.034 0.029789
-0.033 0.0310681
-0.032 0.0323471
-0.031 0.0336259
-0.03 0.0349044
-0.029 0.0361828
-0.028 0.037461
-0.027 0.038739
-0.026 0.0400168
-0.025 0.0412943
-0.024 0.0425717
-0.023 0.0438489
-0.022 0.0451259
-0.021 0.0464028
-0.02 0.0476794
-0.019 0.0489558
-0.018 0.050232
-0.017 0.0515081
-0.016 0.0527839
-0.015 0.0540595
-0.014 0.055335
-0.013 0.0566102
-0.012 0.0578853
-0.011 0.0591601
-0.01 0.0604348
-0.009 0.0617093
-0.008 0.0629836
-0.007 0.0642576
-0.006 0.0655315
-0.005 0.0668052
-0.004 0.0680787
-0.003 0.069352
-0.002 0.0706251
-0.001 0.071898
0 0.0731707
0.001 0.0744433
0.002 0.0757156
0.003 0.0769877
0.004 0.0782596
0.005 0.0795314
0.006 0.0808029
0.007 0.0820743
0.008 0.0833454
0.009 0.0846164
0.01 0.0858871
0.011 0.0871577
0.012 0.0884281
0.013 0.0896983
0.014 0.0909682
0.015 0.092238
0.016 0.0935076
0.017 0.094777
0.018 0.0960462
0.019 0.0973152
0.02 0.098584
0.021 0.0998527
0.022 0.101121
0.023 0.102389
0.024 0.103657
0.025 0.104925
0.026 0.106193
0.027 0.10746
0.028 0.108728
0.029 0.109995
0.03 0.111261
0.031 0.112528
0.032 0.113795
0.033 0.115061
0.034 0.116327
0.035 0.117593
0.036 0.118858
0.037 0.120124
0.038 0.121389
0.039 0.122654
0.04 0.123919
0.041 0.125184
0.042 0.126449
0.043 0.127713
0.044 0.128977
0.045 0.130241
0.046 0.131505
0.047 0.132768
0.048 0.134032
0.049 0.135295
0.05 0.136558
0.051 0.13782
0.052 0.139083
0.053 0.140345
0.054 0.141608
0.055 0.14287
0.056 0.144131
0.057 0.145393
0.058 0.146654
0.059 0.147915
0.06 0.149177
0.061 0.150437
0.062 0.151698
0.063 0.152958
0.064 0.154219
0.065 0.155479
0.066 0.156738
0.067 0.157998
0.068 0.159258
0.069 0.160517
0.07 0.161776
0.071 0.163035
0.072 0.164293
0.073 0.165552
0.074 0.16681
0.075 0.168068
0.076 0.169326
0.077 0.170584
0.078 0.171841
0.079 0.173099
0.08 0.174356
0.081 0.175613
0.082 0.176869
0.083 0.178126
0.084 0.179382
0.085 0.180638
0.086 0.181894
0.087 0.18315
0.088 0.184405
0.089 0.185661
0.09 0.186916
0.091 0.188171
0.092 0.189426
0.093 0.19068
0.094 0.191935
0.095 0.193189
0.096 0.194443
0.097 0.195697
0.098 0.19695
0.099 0.198204
0.1 0.199457
0.101 0.20071
0.102 0.201963
0.103 0.203215
0.104 0.204468
0.105 0.20572
0.106 0.206972
0.107 0.208224
0.108 0.209475
0.109 0.210727
0.11 0.211978
0.111 0.213229
0.112 0.21448
0.113 0.215731
0.114 0.216981
0.115 0.218231
0.116 0.219481
0.117 0.220731
0.118 0.221981
0.119 0.223231
0.12 0.22448
0.121 0.225729
0.122 0.226978
0.123 0.228227
0.124 0.229475
0.125 0.230723
0.126 0.231972
0.127 0.233219
0.128 0.234467
0.129 0.235715
0.13 0.236962
0.131 0.238209
0.132 0.239456
0.133 0.240703
0.134 0.24195
0.135 0.243196
0.136 0.244442
0.137 0.245688
0.138 0.246934
0.139 0.248179
0.14 0.249425
0.141 0.25067
0.142 0.251915
0.143 0.25316
0.144 0.254404
0.145 0.255649
0.146 0.256893
0.147 0.258137
0.148 0.259381
0.149 0.260625
0.15 0.261868
0.151 0.263111
0.152 0.264354
0.153 0.265597
0.154 0.26684
0.155 0.268082
0.156 0.269325
0.157 0.270567
0.158 0.271809
0.159 0.27305
0.16 0.274292
0.161 0.275533
0.162 0.276774
0.163 0.278015
0.164 0.279256
0.165 0.280496
0.166 0.281737
0.167 0.282977
0.168 0.284217
0.169 0.285456
0.17 0.286696
0.171 0.287935
0.172 0.289175
0.173 0.290413
0.174 0.291652
0.175 0.292891
0.176 0.294129
0.177 0.295367
0.178 0.296605
0.179 0.297843
0.18 0.299081
0.181 0.300318
0.182 0.301555
0.183 0.302792
0.184 0.304029
0.185 0.305266
0.186 0.306502
0.187 0.307738
0.188 0.308974
0.189 0.31021
0.19 0.311446
0.191 0.312681
0.192 0.313917
0.193 0.315152
0.194 0.316387
0.195 0.317621
0.196 0.318856
0.197 0.32009
0.198 0.321324
0.199 0.322558
0.2 0.323792
0.201 0.325025
0.202 0.326258
0.203 0.327491
0.204 0.328724
0.205 0.329957
0.206 0.33119
0.207 0.332422
0.208 0.333654
0.209 0.334886
0.21 0.336118
0.211 0.337349
0.212 0.338581
0.213 0.339812
0.214 0.341043
0.215 0.342274
0.216 0.343504
0.217 0.344734
0.218 0.345965
0.219 0.347195
0.22 0.348424
0.221 0.349654
0.222 0.350883
0.223 0.352113
0.224 0.353342
0.225 0.35457
0.226 0.355799
0.227 0.357027
0.228 0.358256
0.229 0.359484
0.23 0.360712
0.231 0.361939
0.232 0.363167
0.233 0.364394
0.234 0.365621
0.235 0.366848
0.236 0.368074
0.237 0.369301
0.238 0.370527
0.239 0.371753
0.24 0.372979
0.241 0.374205
0.242 0.37543
0.243 0.376656
0.244 0.377881
0.245 0.379106
0.246 0.38033
0.247 0.381555
0.248 0.382779
0.249 0.384003
0.25 0.385227
0.251 0.386451
0.252 0.387675
0.253 0.388898
0.254 0.390121
0.255 0.391344
0.256 0.392567
0.257 0.393789
0.258 0.395012
0.259 0.396234
0.26 0.397456
0.261 0.398678
0.262 0.399899
0.263 0.401121
0.264 0.402342
0.265 0.403563
0.266 0.404784
0.267 0.406004
0.268 0.407225
0.269 0.408445
0.27 0.409665
0.271 0.410885
0.272 0.412104
0.273 0.413324
0.274 0.414543
0.275 0.415762
0.276 0.416981
0.277 0.4182
0.278 0.419418
0.279 0.420636
0.28 0.421855
0.281 0.423072
0.282 0.42429
0.283 0.425508
0.284 0.426725
0.285 0.427942
0.286 0.429159
0.287 0.430376
0.288 0.431592
0.289 0.432809
0.29 0.434025
0.291 0.435241
0.292 0.436456
0.293 0.437672
0.294 0.438887
0.295 0.440102
0.296 0.441317
0.297 0.442532
0.298 0.443747
0.299 0.444961
0.3 0.446175
0.301 0.447389
0.302 0.448603
0.303 0.449817
0.304 0.45103
0.305 0.452243
0.306 0.453456
0.307 0.454669
0.308 0.455882
0.309 0.457094
0.31 0.458306
0.311 0.459518
0.312 0.46073
0.313 0.461942
0.314 0.463153
0.315 0.464364
0.316 0.465576
0.317 0.466786
0.318 0.467997
0.319 0.469208
0.32 0.470418
0.321 0.471628
0.322 0.472838
0.323 0.474047
0.324 0.475257
0.325 0.476466
0.326 0.477675
0.327 0.478884
0.328 0.480093
0.329 0.481301
0.33 0.48251
0.331 0.483718
0.332 0.484926
0.333 0.486134
0.334 0.487341
0.335 0.488548
0.336 0.489756
0.337 0.490963
0.338 0.492169
0.339 0.493376
0.34 0.494582
0.341 0.495788
0.342 0.496994
0.343 0.4982
0.344 0.499406
0.345 0.500611
0.346 0.501816
0.347 0.503021
0.348 0.504226
0.349 0.505431
0.35 0.506635
0.351 0.50784
0.352 0.509044
0.353 0.510247
0.354 0.511451
0.355 0.512654
0.356 0.513858
0.357 0.515061
0.358 0.516264
0.359 0.517466
0.36 0.518669
0.361 0.519871
0.362 0.521073
0.363 0.522275
0.364 0.523477
0.365 0.524678
0.366 0.52588
0.367 0.527081
0.368 0.528282
0.369 0.529482
0.37 0.530683
0.371 0.531883
0.372 0.533083
0.373 0.534283
0.374 0.535483
0.375 0.536682
0.376 0.537882
0.377 0.539081
0.378 0.54028
0.379 0.541479
0.38 0.542677
0.381 0.543876
0.382 0.545074
0.383 0.546272
0.384 0.54747
0.385 0.548667
0.386 0.549865
0.387 0.551062
0.388 0.552259
0.389 0.553456
0.39 0.554652
0.391 0.555849
0.392 0.557045
0.393 0.558241
0.394 0.559437
0.395 0.560632
0.396 0.561828
0.397 0.563023
0.398 0.564218
0.399 0.565413
0.4 0.566608
0.401 0.567802
0.402 0.568996
0.403 0.57019
0.404 0.571384
0.405 0.572578
0.406 0.573771
0.407 0.574965
0.408 0.576158
0.409 0.577351
0.41 0.578544
0.411 0.579736
0.412 0.580928
0.413 0.58212
0.414 0.583312
0.415 0.584504
0.416 0.585696
0.417 0.586887
0.418 0.588078
0.419 0.589269
0.42 0.59046
0.421 0.59165
0.422 0.592841
0.423 0.594031
0.424 0.595221
0.425 0.596411
0.426 0.5976
0.427 0.59879
0.428 0.599979
0.429 0.601168
0.43 0.602357
0.431 0.603545
0.432 0.604734
0.433 0.605922
0.434 0.60711
0.435 0.608298
0.436 0.609486
0.437 0.610673
0.438 0.61186
0.439 0.613047
0.44 0.614234
0.441 0.615421
0.442 0.616607
0.443 0.617794
0.444 0.61898
0.445 0.620166
0.446 0.621351
0.447 0.622537
0.448 0.623722
0.449 0.624907
0.45 0.626092
0.451 0.627277
0.452 0.628461
0.453 0.629646
0.454 0.63083
0.455 0.632014
0.456 0.633197
0.457 0.634381
0.458 0.635564
0.459 0.636747
0.46 0.63793
0.461 0.639113
0.462 0.640296
0.463 0.641478
0.464 0.64266
0.465 0.643842
0.466 0.645024
0.467 0.646206
0.468 0.647387
0.469 0.648568
0.47 0.649749
0.471 0.65093
0.472 0.652111
0.473 0.653291
0.474 0.654471
0.475 0.655651
0.476 0.656831
0.477 0.658011
0.478 0.65919
0.479 0.66037
0.48 0.661549
0.481 0.662727
0.482 0.663906
0.483 0.665085
0.484 0.666263
0.485 0.667441
0.486 0.668619
0.487 0.669797
0.488 0.670974
0.489 0.672151
0.49 0.673328
0.491 0.674505
0.492 0.675682
0.493 0.676859
0.494 0.678035
0.495 0.679211
0.496 0.680387
0.497 0.681563
0.498 0.682738
0.499 0.683914
0.5 0.685089
0.501 0.686264
0.502 0.687438
0.503 0.688613
0.504 0.689787
0.505 0.690962
0.506 0.692136
0.507 0.693309
0.508 0.694483
0.509 0.695656
0.51 0.69683
0.511 0.698003
0.512 0.699175
0.513 0.700348
0.514 0.70152
0.515 0.702693
0.516 0.703865
0.517 0.705036
0.518 0.706208
0.519 0.70738
0.52 0.708551
0.521 0.709722
0.522 0.710893
0.523 0.712063
0.524 0.713234
0.525 0.714404
0.526 0.715574
0.527 0.716744
0.528 0.717914
0.529 0.719083
0.53 0.720253
0.531 0.721422
0.532 0.722591
0.533 0.723759
0.534 0.724928
0.535 0.726096
0.536 0.727264
0.537 0.728432
0.538 0.7296
0.539 0.730768
0.54 0.731935
0.541 0.733102
0.542 0.734269
0.543 0.735436
0.544 0.736602
0.545 0.737769
0.546 0.738935
0.547 0.740101
0.548 0.741267
0.549 0.742432
0.55 0.743598
0.551 0.744763
0.552 0.745928
0.553 0.747093
0.554 0.748257
0.555 0.749422
0.556 0.750586
0.557 0.75175
0.558 0.752914
0.559 0.754077
0.56 0.755241
0.561 0.756404
0.562 0.757567
0.563 0.75873
0.564 0.759893
0.565 0.761055
0.566 0.762217
0.567 0.76338
0.568 0.764541
0.569 0.765703
0.57 0.766865
0.571 0.768026
0.572 0.769187
0.573 0.770348
0.574 0.771509
0.575 0.772669
0.576 0.773829
0.577 0.77499
0.578 0.77615
0.579 0.777309
0.58 0.778469
0.581 0.779628
0.582 0.780787
0.583 0.781946
0.584 0.783105
0.585 0.784264
0.586 0.785422
0.587 0.78658
0.588 0.787738
0.589 0.788896
0.59 0.790054
0.591 0.791211
0.592 0.792368
0.593 0.793525
0.594 0.794682
0.595 0.795839
0.596 0.796995
0.597 0.798151
0.598 0.799307
0.599 0.800463
0.6 0.801619
0.601 0.802774
0.602 0.803929
0.603 0.805084
0.604 0.806239
0.605 0.807394
0.606 0.808548
0.607 0.809703
0.608 0.810857
0.609 0.812011
0.61 0.813164
0.611 0.814318
0.612 0.815471
0.613 0.816624
0.614 0.817777
0.615 0.81893
0.616 0.820082
0.617 0.821235
0.618 0.822387
0.619 0.823539
0.62 0.824691
0.621 0.825842
0.622 0.826993
0.623 0.828145
0.624 0.829296
0.625 0.830446
0.626 0.831597
0.627 0.832747
0.628 0.833897
0.629 0.835047
0.63 0.836197
0.631 0.837347
0.632 0.838496
0.633 0.839645
0.634 0.840794
0.635 0.841943
0.636 0.843092
0.637 0.84424
0.638 0.845388
0.639 0.846536
0.64 0.847684
0.641 0.848832
0.642 0.849979
0.643 0.851127
0.644 0.852274
0.645 0.853421
0.646 0.854567
0.647 0.855714
0.648 0.85686
0.649 0.858006
0.65 0.859152
0.651 0.860298
0.652 0.861443
0.653 0.862588
0.654 0.863734
0.655 0.864878
0.656 0.866023
0.657 0.867168
0.658 0.868312
0.659 0.869456
0.66 0.8706
0.661 0.871744
0.662 0.872887
0.663 0.874031
0.664 0.875174
0.665 0.876317
0.666 0.87746
0.667 0.878602
0.668 0.879745
0.669 0.880887
0.67 0.882029
0.671 0.88317
0.672 0.884312
0.673 0.885453
0.674 0.886595
0.675 0.887736
0.676 0.888876
0.677 0.890017
0.678 0.891158
0.679 0.892298
0.68 0.893438
0.681 0.894578
0.682 0.895717
0.683 0.896857
0.684 0.897996
0.685 0.899135
0.686 0.900274
0.687 0.901413
0.688 0.902551
0.689 0.903689
0.69 0.904827
0.691 0.905965
0.692 0.907103
0.693 0.90824
0.694 0.909378
0.695 0.910515
0.696 0.911652
0.697 0.912788
0.698 0.913925
0.699 0.915061
0.7 0.916197
0.701 0.917333
0.702 0.918469
0.703 0.919605
0.704 0.92074
0.705 0.921875
0.706 0.92301
0.707 0.924145
0.708 0.925279
0.709 0.926414
0.71 0.927548
0.711 0.928682
0.712 0.929816
0.713 0.930949
0.714 0.932083
0.715 0.933216
0.716 0.934349
0.717 0.935482
0.718 0.936614
0.719 0.937747
0.72 0.938879
0.721 0.940011
0.722 0.941143
0.723 0.942275
0.724 0.943406
0.725 0.944537
0.726 0.945668
0.727 0.946799
0.728 0.94793
0.729 0.94906
0.73 0.950191
0.731 0.951321
0.732 0.952451
0.733 0.95358
0.734 0.95471
0.735 0.955839
0.736 0.956968
0.737 0.958097
0.738 0.959226
0.739 0.960354
0.74 0.961483
0.741 0.962611
0.742 0.963739
0.743 0.964866
0.744 0.965994
0.745 0.967121
0.746 0.968248
0.747 0.969375
0.748 0.970502
0.749 0.971629
0.75 0.972755
0.751 0.973881
0.752 0.975007
0.753 0.976133
0.754 0.977259
0.755 0.978384
0.756 0.979509
0.757 0.980634
0.758 0.981759
0.759 0.982884
0.76 0.984008
0.761 0.985132
0.762 0.986256
0.763 0.98738
0.764 0.988504
0.765 0.989627
0.766 0.990751
0.767 0.991874
0.768 0.992996
0.769 0.994119
0.77 0.995242
0.771 0.996364
0.772 0.997486
0.773 0.998608
0.774 0.999729
0.775 1.00085
0.776 1.00197
0.777 1.00309
0.778 1.00421
0.779 1.00534
0.78 1.00646
0.781 1.00758
0.782 1.0087
0.783 1.00982
0.784 1.01094
0.785 1.01206
0.786 1.01317
0.787 1.01429
0.788 1.01541
0.789 1.01653
0.79 1.01765
0.791 1.01877
0.792 1.01989
0.793 1.021
0.794 1.02212
0.795 1.02324
0.796 1.02436
0.797 1.02547
0.798 1.02659
0.799 1.02771
0.8 1.02882
0.801 1.02994
0.802 1.03106
0.803 1.03217
0.804 1.03329
0.805 1.03441
0.806 1.03552
0.807 1.03664
0.808 1.03775
0.809 1.03887
0.81 1.03998
0.811 1.04109
0.812 1.04221
0.813 1.04332
0.814 1.04444
0.815 1.04555
0.816 1.04666
0.817 1.04778
0.818 1.04889
0.819 1.05
0.82 1.05112
0.821 1.05223
0.822 1.05334
0.823 1.05445
0.824 1.05557
0.825 1.05668
0.826 1.05779
0.827 1.0589
0.828 1.06001
0.829 1.06112
0.83 1.06223
0.831 1.06334
0.832 1.06445
0.833 1.06556
0.834 1.06667
0.835 1.06778
0.836 1.06889
0.837 1.07
0.838 1.07111
0.839 1.07222
0.84 1.07333
0.841 1.07444
0.842 1.07555
0.843 1.07665
0.844 1.07776
0.845 1.07887
0.846 1.07998
0.847 1.08109
0.848 1.08219
0.849 1.0833
0.85 1.08441
0.851 1.08551
0.852 1.08662
0.853 1.08773
0.854 1.08883
0.855 1.08994
0.856 1.09104
0.857 1.09215
0.858 1.09325
0.859 1.09436
0.86 1.09546
0.861 1.09657
0.862 1.09767
0.863 1.09878
0.864 1.09988
0.865 1.10099
0.866 1.10209
0.867 1.10319
0.868 1.1043
0.869 1.1054
0.87 1.1065
0.871 1.10761
0.872 1.10871
0.873 1.10981
0.874 1.11091
0.875 1.11202
0.876 1.11312
0.877 1.11422
0.878 1.11532
0.879 1.11642
0.88 1.11752
0.881 1.11862
0.882 1.11972
0.883 1.12082
0.884 1.12192
0.885 1.12302
0.886 1.12412
0.887 1.12522
0.888 1.12632
0.889 1.12742
0.89 1.12852
0.891 1.12962
0.892 1.13072
0.893 1.13182
0.894 1.13292
0.895 1.13401
0.896 1.13511
0.897 1.13621
0.898 1.13731
0.899 1.1384
0.9 1.1395
0.901 1.1406
0.902 1.14169
0.903 1.14279
0.904 1.14389
0.905 1.14498
0.906 1.14608
0.907 1.14718
0.908 1.14827
0.909 1.14937
0.91 1.15046
0.911 1.15156
0.912 1.15265
0.913 1.15375
0.914 1.15484
0.915 1.15593
0.916 1.15703
0.917 1.15812
0.918 1.15922
0.919 1.16031
0.92 1.1614
0.921 1.1625
0.922 1.16359
0.923 1.16468
0.924 1.16577
0.925 1.16687
0.926 1.16796
0.927 1.16905
0.928 1.17014
0.929 1.17123
0.93 1.17232
0.931 1.17341
0.932 1.17451
0.933 1.1756
0.934 1.17669
0.935 1.17778
0.936 1.17887
0.937 1.17996
0.938 1.18105
0.939 1.18214
0.94 1.18323
0.941 1.18431
0.942 1.1854
0.943 1.18649
0.944 1.18758
0.945 1.18867
0.946 1.18976
0.947 1.19085
0.948 1.19193
0.949 1.19302
0.95 1.19411
0.951 1.19519
0.952 1.19628
0.953 1.19737
0.954 1.19846
0.955 1.19954
0.956 1.20063
0.957 1.20171
0.958 1.2028
0.959 1.20389
0.96 1.20497
0.961 1.20606
0.962 1.20714
0.963 1.20823
0.964 1.20931
0.965 1.21039
0.966 1.21148
0.967 1.21256
0.968 1.21365
0.969 1.21473
0.97 1.21581
0.971 1.2169
0.972 1.21798
0.973 1.21906
0.974 1.22015
0.975 1.22123
0.976 1.22231
0.977 1.22339
0.978 1.22447
0.979 1.22556
0.98 1.22664
0.981 1.22772
0.982 1.2288
0.983 1.22988
0.984 1.23096
0.985 1.23204
0.986 1.23312
0.987 1.2342
0.988 1.23528
0.989 1.23636
0.99 1.23744
0.991 1.23852
0.992 1.2396
0.993 1.24068
0.994 1.24176
0.995 1.24284
0.996 1.24391
0.997 1.24499
0.998 1.24607
0.999 1.24715
1 1.24823
