-1 1.99259
-0.999 1.9892
-0.998 1.9858
-0.997 1.9824
-0.996 1.97898
-0.995 1.97556
-0.994 1.97212
-0.993 1.96868
-0.992 1.96523
-0.991 1.96177
-0.99 1.9583
-0.989 1.95482
-0.988 1.95134
-0.987 1.94784
-0.986 1.94435
-0.985 1.94084
-0.984 1.93732
-0.983 1.9338
-0.982 1.93028
-0.981 1.92674
-0.98 1.9232
-0.979 1.91966
-0.978 1.91611
-0.977 1.91255
-0.976 1.90899
-0.975 1.90542
-0.974 1.90184
-0.973 1.89826
-0.972 1.89468
-0.971 1.89109
-0.97 1.8875
-0.969 1.8839
-0.968 1.8803
-0.967 1.8767
-0.966 1.87309
-0.965 1.86948
-0.964 1.86586
-0.963 1.86224
-0.962 1.85862
-0.961 1.85499
-0.96 1.85137
-0.959 1.84773
-0.958 1.8441
-0.957 1.84047
-0.956 1.83683
-0.955 1.83319
-0.954 1.82954
-0.953 1.8259
-0.952 1.82226
-0.951 1.81861
-0.95 1.81496
-0.949 1.81131
-0.948 1.80766
-0.947 1.80401
-0.946 1.80035
-0.945 1.7967
-0.944 1.79305
-0.943 1.78939
-0.942 1.78574
-0.941 1.78208
-0.94 1.77843
-0.939 1.77477
-0.938 1.77111
-0.937 1.76746
-0.936 1.7638
-0.935 1.76015
-0.934 1.7565
-0.933 1.75284
-0.932 1.74919
-0.931 1.74554
-0.93 1.74189
-0.929 1.73824
-0.928 1.7346
-0.927 1.73095
-0.926 1.72731
-0.925 1.72366
-0.924 1.72002
-0.923 1.71638
-0.922 1.71274
-0.921 1.70911
-0.92 1.70547
-0.919 1.70184
-0.918 1.69821
-0.917 1.69459
-0.916 1.69096
-0.915 1.68734
-0.914 1.68372
-0.913 1.68011
-0.912 1.67649
-0.911 1.67288
-0.91 1.66927
-0.909 1.66567
-0.908 1.66207
-0.907 1.65847
-0.906 1.65487
-0.905 1.65128
-0.904 1.64769
-0.903 1.64411
-0.902 1.64053
-0.901 1.63695
-0.9 1.63338
-0.899 1.62981
-0.898 1.62624
-0.897 1.62268
-0.896 1.61912
-0.895 1.61557
-0.894 1.61202
-0.893 1.60848
-0.892 1.60493
-0.891 1.6014
-0.89 1.59787
-0.889 1.59434
-0.888 1.59082
-0.887 1.5873
-0.886 1.58378
-0.885 1.58027
-0.884 1.57677
-0.883 1.57327
-0.882 1.56978
-0.881 1.56629
-0.88 1.5628
-0.879 1.55932
-0.878 1.55585
-0.877 1.55238
-0.876 1.54892
-0.875 1.54546
-0.874 1.542
-0.873 1.53856
-0.872 1.53511
-0.871 1.53168
-0.87 1.52824
-0.869 1.52482
-0.868 1.5214
-0.867 1.51798
-0.866 1.51457
-0.865 1.51117
-0.864 1.50777
-0.863 1.50438
-0.862 1.50099
-0.861 1.49761
-0.86 1.49424
-0.859 1.49087
-0.858 1.48751
-0.857 1.48415
-0.856 1.4808
-0.855 1.47746
-0.854 1.47412
-0.853 1.47079
-0.852 1.46746
-0.851 1.46414
-0.85 1.46083
-0.849 1.45752
-0.848 1.45422
-0.847 1.45092
-0.846 1.44763
-0.845 1.44435
-0.844 1.44107
-0.843 1.4378
-0.842 1.43454
-0.841 1.43128
-0.84 1.42803
-0.839 1.42479
-0.838 1.42155
-0.837 1.41832
-0.836 1.4151
-0.835 1.41188
-0.834 1.40867
-0.833 1.40546
-0.832 1.40226
-0.831 1.39907
-0.83 1.39589
-0.829 1.39271
-0.828 1.38954
-0.827 1.38637
-0.826 1.38321
-0.825 1.38006
-0.824 1.37692
-0.823 1.37378
-0.822 1.37065
-0.821 1.36752
-0.82 1.3644
-0.819 1.36129
-0.818 1.35819
-0.817 1.35509
-0.816 1.352
-0.815 1.34891
-0.814 1.34584
-0.813 1.34277
-0.812 1.3397
-0.811 1.33665
-0.81 1.33359
-0.809 1.33055
-0.808 1.32751
-0.807 1.32448
-0.806 1.32146
-0.805 1.31844
-0.804 1.31544
-0.803 1.31243
-0.802 1.30944
-0.801 1.30645
-0.8 1.30347
-0.799 1.30049
-0.798 1.29752
-0.797 1.29456
-0.796 1.2916
-0.795 1.28866
-0.794 1.28571
-0.793 1.28278
-0.792 1.27985
-0.791 1.27693
-0.79 1.27402
-0.789 1.27111
-0.788 1.26821
-0.787 1.26531
-0.786 1.26243
-0.785 1.25955
-0.784 1.25667
-0.783 1.25381
-0.782 1.25095
-0.781 1.24809
-0.78 1.24524
-0.779 1.2424
-0.778 1.23957
-0.777 1.23674
-0.776 1.23392
-0.775 1.23111
-0.774 1.2283
-0.773 1.2255
-0.772 1.22271
-0.771 1.21992
-0.77 1.21714
-0.769 1.21437
-0.768 1.2116
-0.767 1.20884
-0.766 1.20609
-0.765 1.20334
-0.764 1.2006
-0.763 1.19786
-0.762 1.19514
-0.761 1.19241
-0.76 1.1897
-0.759 1.18699
-0.758 1.18429
-0.757 1.18159
-0.756 1.1789
-0.755 1.17622
-0.754 1.17354
-0.753 1.17087
-0.752 1.16821
-0.751 1.16555
-0.75 1.1629
-0.749 1.16025
-0.748 1.15762
-0.747 1.15498
-0.746 1.15236
-0.745 1.14974
-0.744 1.14712
-0.743 1.14452
-0.742 1.14191
-0.741 1.13932
-0.74 1.13673
-0.739 1.13415
-0.738 1.13157
-0.737 1.129
-0.736 1.12643
-0.735 1.12387
-0.734 1.12132
-0.733 1.11877
-0.732 1.11623
-0.731 1.1137
-0.73 1.11117
-0.729 1.10865
-0.728 1.10613
-0.727 1.10362
-0.726 1.10111
-0.725 1.09861
-0.724 1.09612
-0.723 1.09363
-0.722 1.09114
-0.721 1.08867
-0.72 1.0862
-0.719 1.08373
-0.718 1.08127
-0.717 1.07882
-0.716 1.07637
-0.715 1.07392
-0.714 1.07149
-0.713 1.06906
-0.712 1.06663
-0.711 1.06421
-0.71 1.06179
-0.709 1.05938
-0.708 1.05698
-0.707 1.05458
-0.706 1.05218
-0.705 1.04979
-0.704 1.04741
-0.703 1.04503
-0.702 1.04266
-0.701 1.04029
-0.7 1.03793
-0.699 1.03557
-0.698 1.03322
-0.697 1.03087
-0.696 1.02853
-0.695 1.0262
-0.694 1.02386
-0.693 1.02154
-0.692 1.01922
-0.691 1.0169
-0.69 1.01459
-0.689 1.01228
-0.688 1.00998
-0.687 1.00768
-0.686 1.00539
-0.685 1.00311
-0.684 1.00082
-0.683 0.998546
-0.682 0.996273
-0.681 0.994005
-0.68 0.991742
-0.679 0.989483
-0.678 0.98723
-0.677 0.98498
-0.676 0.982736
-0.675 0.980496
-0.674 0.97826
-0.673 0.97603
-0.672 0.973803
-0.671 0.971581
-0.67 0.969364
-0.669 0.967151
-0.668 0.964942
-0.667 0.962738
-0.666 0.960538
-0.665 0.958343
-0.664 0.956152
-0.663 0.953965
-0.662 0.951782
-0.661 0.949604
-0.66 0.94743
-0.659 0.94526
-0.658 0.943094
-0.657 0.940932
-0.656 0.938775
-0.655 0.936621
-0.654 0.934472
-0.653 0.932327
-0.652 0.930185
-0.651 0.928048
-0.65 0.925914
-0.649 0.923785
-0.648 0.921659
-0.647 0.919537
-0.646 0.91742
-0.645 0.915305
-0.644 0.913195
-0.643 0.911089
-0.642 0.908986
-0.641 0.906887
-0.64 0.904792
-0.639 0.9027
-0.638 0.900612
-0.637 0.898528
-0.636 0.896448
-0.635 0.89437
-0.634 0.892297
-0.633 0.890227
-0.632 0.888161
-0.631 0.886098
-0.63 0.884038
-0.629 0.881982
-0.628 0.87993
-0.627 0.87788
-0.626 0.875834
-0.625 0.873792
-0.624 0.871753
-0.623 0.869717
-0.622 0.867684
-0.621 0.865655
-0.62 0.863629
-0.619 0.861606
-0.618 0.859586
-0.617 0.85757
-0.616 0.855556
-0.615 0.853546
-0.614 0.851539
-0.613 0.849535
-0.612 0.847534
-0.611 0.845536
-0.61 0.843541
-0.609 0.841549
-0.608 0.83956
-0.607 0.837574
-0.606 0.83559
-0.605 0.83361
-0.604 0.831633
-0.603 0.829658
-0.602 0.827686
-0.601 0.825717
-0.6 0.823751
-0.599 0.821788
-0.598 0.819827
-0.597 0.817869
-0.596 0.815914
-0.595 0.813962
-0.594 0.812012
-0.593 0.810065
-0.592 0.80812
-0.591 0.806178
-0.59 0.804239
-0.589 0.802302
-0.588 0.800368
-0.587 0.798436
-0.586 0.796507
-0.585 0.79458
-0.584 0.792656
-0.583 0.790734
-0.582 0.788815
-0.581 0.786898
-0.58 0.784984
-0.579 0.783071
-0.578 0.781162
-0.577 0.779254
-0.576 0.777349
-0.575 0.775446
-0.574 0.773545
-0.573 0.771647
-0.572 0.769751
-0.571 0.767857
-0.57 0.765966
-0.569 0.764076
-0.568 0.762189
-0.567 0.760304
-0.566 0.758421
-0.565 0.75654
-0.564 0.754662
-0.563 0.752785
-0.562 0.750911
-0.561 0.749038
-0.56 0.747168
-0.559 0.745299
-0.558 0.743433
-0.557 0.741569
-0.556 0.739706
-0.555 0.737846
-0.554 0.735988
-0.553 0.734131
-0.552 0.732277
-0.551 0.730424
-0.55 0.728573
-0.549 0.726724
-0.548 0.724877
-0.547 0.723032
-0.546 0.721189
-0.545 0.719347
-0.544 0.717508
-0.543 0.71567
-0.542 0.713834
-0.541 0.712
-0.54 0.710167
-0.539 0.708336
-0.538 0.706507
-0.537 0.70468
-0.536 0.702854
-0.535 0.70103
-0.534 0.699208
-0.533 0.697387
-0.532 0.695568
-0.531 0.693751
-0.53 0.691935
-0.529 0.690121
-0.528 0.688309
-0.527 0.686498
-0.526 0.684689
-0.525 0.682881
-0.524 0.681075
-0.523 0.679271
-0.522 0.677468
-0.521 0.675666
-0.52 0.673866
-0.519 0.672068
-0.518 0.670271
-0.517 0.668476
-0.516 0.666682
-0.515 0.664889
-0.514 0.663098
-0.513 0.661309
-0.512 0.659521
-0.511 0.657734
-0.51 0.655949
-0.509 0.654165
-0.508 0.652383
-0.507 0.650602
-0.506 0.648823
-0.505 0.647045
-0.504 0.645268
-0.503 0.643492
-0.502 0.641719
-0.501 0.639946
-0.5 0.638175
-0.499 0.636405
-0.498 0.634636
-0.497 0.632869
-0.496 0.631103
-0.495 0.629339
-0.494 0.627576
-0.493 0.625814
-0.492 0.624053
-0.491 0.622294
-0.49 0.620536
-0.489 0.618779
-0.488 0.617024
-0.487 0.61527
-0.486 0.613517
-0.485 0.611765
-0.484 0.610015
-0.483 0.608266
-0.482 0.606518
-0.481 0.604771
-0.48 0.603026
-0.479 0.601282
-0.478 0.599539
-0.477 0.597798
-0.476 0.596058
-0.475 0.594318
-0.474 0.592581
-0.473 0.590844
-0.472 0.589109
-0.471 0.587375
-0.47 0.585642
-0.469 0.58391
-0.468 0.582179
-0.467 0.58045
-0.466 0.578722
-0.465 0.576995
-0.464 0.57527
-0.463 0.573545
-0.462 0.571822
-0.461 0.5701
-0.46 0.568379
-0.459 0.566659
-0.458 0.564941
-0.457 0.563224
-0.456 0.561508
-0.455 0.559793
-0.454 0.558079
-0.453 0.556367
-0.452 0.554656
-0.451 0.552946
-0.45 0.551237
-0.449 0.54953
-0.448 0.547823
-0.447 0.546118
-0.446 0.544414
-0.445 0.542711
-0.444 0.54101
-0.443 0.53931
-0.442 0.537611
-0.441 0.535913
-0.44 0.534216
-0.439 0.532521
-0.438 0.530826
-0.437 0.529133
-0.436 0.527442
-0.435 0.525751
-0.434 0.524062
-0.433 0.522374
-0.432 0.520687
-0.431 0.519001
-0.43 0.517317
-0.429 0.515634
-0.428 0.513952
-0.427 0.512272
-0.426 0.510592
-0.425 0.508914
-0.424 0.507238
-0.423 0.505562
-0.422 0.503888
-0.421 0.502215
-0.42 0.500543
-0.419 0.498873
-0.418 0.497204
-0.417 0.495536
-0.416 0.49387
-0.415 0.492205
-0.414 0.490541
-0.413 0.488878
-0.412 0.487217
-0.411 0.485558
-0.41 0.483899
-0.409 0.482242
-0.408 0.480586
-0.407 0.478932
-0.406 0.477279
-0.405 0.475627
-0.404 0.473977
-0.403 0.472328
-0.402 0.47068
-0.401 0.469034
-0.4 0.46739
-0.399 0.465746
-0.398 0.464105
-0.397 0.462464
-0.396 0.460825
-0.395 0.459188
-0.394 0.457552
-0.393 0.455917
-0.392 0.454284
-0.391 0.452652
-0.39 0.451022
-0.389 0.449393
-0.388 0.447766
-0.387 0.44614
-0.386 0.444516
-0.385 0.442894
-0.384 0.441273
-0.383 0.439653
-0.382 0.438035
-0.381 0.436419
-0.38 0.434804
-0.379 0.433191
-0.378 0.431579
-0.377 0.429969
-0.376 0.428361
-0.375 0.426754
-0.374 0.425149
-0.373 0.423545
-0.372 0.421943
-0.371 0.420343
-0.37 0.418745
-0.369 0.417148
-0.368 0.415553
-0.367 0.413959
-0.366 0.412368
-0.365 0.410778
-0.364 0.40919
-0.363 0.407603
-0.362 0.406018
-0.361 0.404436
-0.36 0.402854
-0.359 0.401275
-0.358 0.399698
-0.357 0.398122
-0.356 0.396548
-0.355 0.394976
-0.354 0.393406
-0.353 0.391838
-0.352 0.390271
-0.351 0.388707
-0.35 0.387144
-0.349 0.385583
-0.348 0.384025
-0.347 0.382468
-0.346 0.380913
-0.345 0.37936
-0.344 0.377809
-0.343 0.37626
-0.342 0.374714
-0.341 0.373169
-0.34 0.371626
-0.339 0.370085
-0.338 0.368546
-0.337 0.36701
-0.336 0.365475
-0.335 0.363943
-0.334 0.362412
-0.333 0.360884
-0.332 0.359358
-0.331 0.357834
-0.33 0.356313
-0.329 0.354793
-0.328 0.353276
-0.327 0.351761
-0.326 0.350248
-0.325 0.348737
-0.324 0.347229
-0.323 0.345723
-0.322 0.344219
-0.321 0.342717
-0.32 0.341218
-0.319 0.339721
-0.318 0.338226
-0.317 0.336734
-0.316 0.335244
-0.315 0.333757
-0.314 0.332272
-0.313 0.330789
-0.312 0.329309
-0.311 0.327831
-0.31 0.326356
-0.309 0.324883
-0.308 0.323413
-0.307 0.321945
-0.306 0.32048
-0.305 0.319017
-0.304 0.317557
-0.303 0.316099
-0.302 0.314644
-0.301 0.313192
-0.3 0.311742
-0.299 0.310295
-0.298 0.30885
-0.297 0.307408
-0.296 0.305969
-0.295 0.304533
-0.294 0.303099
-0.293 0.301668
-0.292 0.300239
-0.291 0.298814
-0.29 0.297391
-0.289 0.295971
-0.288 0.294554
-0.287 0.29314
-0.286 0.291728
-0.285 0.290319
-0.284 0.288914
-0.283 0.287511
-0.282 0.286111
-0.281 0.284714
-0.28 0.283319
-0.279 0.281928
-0.278 0.28054
-0.277 0.279155
-0.276 0.277773
-0.275 0.276393
-0.274 0.275017
-0.273 0.273644
-0.272 0.272274
-0.271 0.270907
-0.27 0.269543
-0.269 0.268182
-0.268 0.266825
-0.267 0.26547
-0.266 0.264119
-0.265 0.262771
-0.264 0.261426
-0.263 0.260084
-0.262 0.258746
-0.261 0.257411
-0.26 0.256079
-0.259 0.25475
-0.258 0.253425
-0.257 0.252103
-0.256 0.250784
-0.255 0.249469
-0.254 0.248157
-0.253 0.246848
-0.252 0.245543
-0.251 0.244242
-0.25 0.242943
-0.249 0.241648
-0.248 0.240357
-0.247 0.239069
-0.246 0.237785
-0.245 0.236504
-0.244 0.235227
-0.243 0.233953
-0.242 0.232683
-0.241 0.231416
-0.24 0.230153
-0.239 0.228894
-0.238 0.227638
-0.237 0.226386
-0.236 0.225138
-0.235 0.223893
-0.234 0.222652
-0.233 0.221415
-0.232 0.220182
-0.231 0.218952
-0.23 0.217726
-0.229 0.216504
-0.228 0.215285
-0.227 0.214071
-0.226 0.21286
-0.225 0.211653
-0.224 0.21045
-0.223 0.209251
-0.222 0.208056
-0.221 0.206865
-0.22 0.205678
-0.219 0.204495
-0.218 0.203315
-0.217 0.20214
-0.216 0.200969
-0.215 0.199801
-0.214 0.198638
-0.213 0.197479
-0.212 0.196324
-0.211 0.195173
-0.21 0.194026
-0.209 0.192883
-0.208 0.191745
-0.207 0.19061
-0.206 0.18948
-0.205 0.188354
-0.204 0.187232
-0.203 0.186115
-0.202 0.185001
-0.201 0.183892
-0.2 0.182787
-0.199 0.181687
-0.198 0.180591
-0.197 0.179499
-0.196 0.178411
-0.195 0.177328
-0.194 0.176249
-0.193 0.175175
-0.192 0.174105
-0.191 0.173039
-0.19 0.171978
-0.189 0.170921
-0.188 0.169869
-0.187 0.168821
-0.186 0.167778
-0.185 0.166739
-0.184 0.165705
-0.183 0.164676
-0.182 0.16365
-0.181 0.16263
-0.18 0.161614
-0.179 0.160603
-0.178 0.159596
-0.177 0.158594
-0.176 0.157597
-0.175 0.156604
-0.174 0.155616
-0.173 0.154633
-0.172 0.153654
-0.171 0.15268
-0.17 0.151711
-0.169 0.150747
-0.168 0.149787
-0.167 0.148832
-0.166 0.147883
-0.165 0.146937
-0.164 0.145997
-0.163 0.145062
-0.162 0.144131
-0.161 0.143205
-0.16 0.142285
-0.159 0.141369
-0.158 0.140458
-0.157 0.139552
-0.156 0.138651
-0.155 0.137755
-0.154 0.136863
-0.153 0.135977
-0.152 0.135096
-0.151 0.13422
-0.15 0.133349
-0.149 0.132483
-0.148 0.131622
-0.147 0.130766
-0.146 0.129916
-0.145 0.12907
-0.144 0.128229
-0.143 0.127394
-0.142 0.126564
-0.141 0.125739
-0.14 0.124919
-0.139 0.124104
-0.138 0.123295
-0.137 0.12249
-0.136 0.121691
-0.135 0.120898
-0.134 0.120109
-0.133 0.119326
-0.132 0.118548
-0.131 0.117775
-0.13 0.117007
-0.129 0.116245
-0.128 0.115489
-0.127 0.114737
-0.126 0.113991
-0.125 0.11325
-0.124 0.112515
-0.123 0.111785
-0.122 0.11106
-0.121 0.110341
-0.12 0.109628
-0.119 0.108919
-0.118 0.108217
-0.117 0.107519
-0.116 0.106827
-0.115 0.106141
-0.114 0.10546
-0.113 0.104785
-0.112 0.104115
-0.111 0.10345
-0.11 0.102791
-0.109 0.102138
-0.108 0.10149
-0.107 0.100848
-0.106 0.100212
-0.105 0.0995808
-0.104 0.0989555
-0.103 0.0983358
-0.102 0.0977216
-0.101 0.0971132
-0.1 0.0965103
-0.099 0.0959132
-0.098 0.0953217
-0.097 0.0947358
-0.096 0.0941557
-0.095 0.0935812
-0.094 0.0930125
-0.093 0.0924494
-0.092 0.0918921
-0.091 0.0913406
-0.09 0.0907947
-0.089 0.0902546
-0.088 0.0897203
-0.087 0.0891918
-0.086 0.088669
-0.085 0.088152
-0.084 0.0876408
-0.083 0.0871355
-0.082 0.0866359
-0.081 0.0861421
-0.08 0.0856542
-0.079 0.0851721
-0.078 0.0846959
-0.077 0.0842255
-0.076 0.083761
-0.075 0.0833024
-0.074 0.0828496
-0.073 0.0824028
-0.072 0.0819618
-0.071 0.0815267
-0.07 0.0810975
-0.069 0.0806743
-0.068 0.080257
-0.067 0.0798456
-0.066 0.0794401
-0.065 0.0790406
-0.064 0.078647
-0.063 0.0782594
-0.062 0.0778778
-0.061 0.0775021
-0.06 0.0771325
-0.059 0.0767688
-0.058 0.076411
-0.057 0.0760593
-0.056 0.0757136
-0.055 0.0753739
-0.054 0.0750402
-0.053 0.0747126
-0.052 0.0743909
-0.051 0.0740753
-0.05 0.0737657
-0.049 0.0734622
-0.048 0.0731647
-0.047 0.0728733
-0.046 0.0725879
-0.045 0.0723086
-0.044 0.0720354
-0.043 0.0717682
-0.042 0.0715071
-0.041 0.0712521
-0.04 0.0710032
-0.039 0.0707603
-0.038 0.0705236
-0.037 0.070293
-0.036 0.0700684
-0.035 0.06985
-0.034 0.0696377
-0.033 0.0694314
-0.032 0.0692314
-0.031 0.0690374
-0.03 0.0688495
-0.029 0.0686678
-0.028 0.0684922
-0.027 0.0683228
-0.026 0.0681595
-0.025 0.0680023
-0.024 0.0678512
-0.023 0.0677063
-0.022 0.0675676
-0.021 0.067435
-0.02 0.0673086
-0.019 0.0671883
-0.018 0.0670741
-0.017 0.0669662
-0.016 0.0668643
-0.015 0.0667687
-0.014 0.0666792
-0.013 0.0665959
-0.012 0.0665187
-0.011 0.0664477
-0.01 0.0663829
-0.009 0.0663242
-0.008 0.0662718
-0.007 0.0662254
-0.006 0.0661853
-0.005 0.0661513
-0.004 0.0661236
-0.003 0.0661019
-0.002 0.0660865
-0.001 0.0660772
0 0.0660742
0.001 0.0660772
0.002 0.0660865
0.003 0.0661019
0.004 0.0661236
0.005 0.0661513
0.006 0.0661853
0.007 0.0662254
0.008 0.0662718
0.009 0.0663242
0.01 0.0663829
0.011 0.0664477
0.012 0.0665187
0.013 0.0665959
0.014 0.0666792
0.015 0.0667687
0.016 0.0668643
0.017 0.0669662
0.018 0.0670741
0.019 0.0671883
0.02 0.0673086
0.021 0.067435
0.022 0.0675676
0.023 0.0677063
0.024 0.0678512
0.025 0.0680023
0.026 0.0681595
0.027 0.0683228
0.028 0.0684922
0.029 0.0686678
0.03 0.0688495
0.031 0.0690374
0.032 0.0692314
0.033 0.0694314
0.034 0.0696377
0.035 0.06985
0.036 0.0700684
0.037 0.070293
0.038 0.0705236
0.039 0.0707603
0.04 0.0710032
0.041 0.0712521
0.042 0.0715071
0.043 0.0717682
0.044 0.0720354
0.045 0.0723086
0.046 0.0725879
0.047 0.0728733
0.048 0.0731647
0.049 0.0734622
0.05 0.0737657
0.051 0.0740753
0.052 0.0743909
0.053 0.0747126
0.054 0.0750402
0.055 0.0753739
0.056 0.0757136
0.057 0.0760593
0.058 0.076411
0.059 0.0767688
0.06 0.0771325
0.061 0.0775021
0.062 0.0778778
0.063 0.0782594
0.064 0.078647
0.065 0.0790406
0.066 0.0794401
0.067 0.0798456
0.068 0.080257
0.069 0.0806743
0.07 0.0810975
0.071 0.0815267
0.072 0.0819618
0.073 0.0824028
0.074 0.0828496
0.075 0.0833024
0.076 0.083761
0.077 0.0842255
0.078 0.0846959
0.079 0.0851721
0.08 0.0856542
0.081 0.0861421
0.082 0.0866359
0.083 0.0871355
0.084 0.0876408
0.085 0.088152
0.086 0.088669
0.087 0.0891918
0.088 0.0897203
0.089 0.0902546
0.09 0.0907947
0.091 0.0913406
0.092 0.0918921
0.093 0.0924494
0.094 0.0930125
0.095 0.0935812
0.096 0.0941557
0.097 0.0947358
0.098 0.0953217
0.099 0.0959132
0.1 0.0965103
0.101 0.0971132
0.102 0.0977216
0.103 0.0983358
0.104 0.0989555
0.105 0.0995808
0.106 0.100212
0.107 0.100848
0.108 0.10149
0.109 0.102138
0.11 0.102791
0.111 0.10345
0.112 0.104115
0.113 0.104785
0.114 0.10546
0.115 0.106141
0.116 0.106827
0.117 0.107519
0.118 0.108217
0.119 0.108919
0.12 0.109628
0.121 0.110341
0.122 0.11106
0.123 0.111785
0.124 0.112515
0.125 0.11325
0.126 0.113991
0.127 0.114737
0.128 0.115489
0.129 0.116245
0.13 0.117007
0.131 0.117775
0.132 0.118548
0.133 0.119326
0.134 0.120109
0.135 0.120898
0.136 0.121691
0.137 0.12249
0.138 0.123295
0.139 0.124104
0.14 0.124919
0.141 0.125739
0.142 0.126564
0.143 0.127394
0.144 0.128229
0.145 0.12907
0.146 0.129916
0.147 0.130766
0.148 0.131622
0.149 0.132483
0.15 0.133349
0.151 0.13422
0.152 0.135096
0.153 0.135977
0.154 0.136863
0.155 0.137755
0.156 0.138651
0.157 0.139552
0.158 0.140458
0.159 0.141369
0.16 0.142285
0.161 0.143205
0.162 0.144131
0.163 0.145062
0.164 0.145997
0.165 0.146937
0.166 0.147883
0.167 0.148832
0.168 0.149787
0.169 0.150747
0.17 0.151711
0.171 0.15268
0.172 0.153654
0.173 0.154633
0.174 0.155616
0.175 0.156604
0.176 0.157597
0.177 0.158594
0.178 0.159596
0.179 0.160603
0.18 0.161614
0.181 0.16263
0.182 0.16365
0.183 0.164676
0.184 0.165705
0.185 0.166739
0.186 0.167778
0.187 0.168821
0.188 0.169869
0.189 0.170921
0.19 0.171978
0.191 0.173039
0.192 0.174105
0.193 0.175175
0.194 0.176249
0.195 0.177328
0.196 0.178411
0.197 0.179499
0.198 0.180591
0.199 0.181687
0.2 0.182787
0.201 0.183892
0.202 0.185001
0.203 0.186115
0.204 0.187232
0.205 0.188354
0.206 0.18948
0.207 0.19061
0.208 0.191745
0.209 0.192883
0.21 0.194026
0.211 0.195173
0.212 0.196324
0.213 0.197479
0.214 0.198638
0.215 0.199801
0.216 0.200969
0.217 0.20214
0.218 0.203315
0.219 0.204495
0.22 0.205678
0.221 0.206865
0.222 0.208056
0.223 0.209251
0.224 0.21045
0.225 0.211653
0.226 0.21286
0.227 0.214071
0.228 0.215285
0.229 0.216504
0.23 0.217726
0.231 0.218952
0.232 0.220182
0.233 0.221415
0.234 0.222652
0.235 0.223893
0.236 0.225138
0.237 0.226386
0.238 0.227638
0.239 0.228894
0.24 0.230153
0.241 0.231416
0.242 0.232683
0.243 0.233953
0.244 0.235227
0.245 0.236504
0.246 0.237785
0.247 0.239069
0.248 0.240357
0.249 0.241648
0.25 0.242943
0.251 0.244242
0.252 0.245543
0.253 0.246848
0.254 0.248157
0.255 0.249469
0.256 0.250784
0.257 0.252103
0.258 0.253425
0.259 0.25475
0.26 0.256079
0.261 0.257411
0.262 0.258746
0.263 0.260084
0.264 0.261426
0.265 0.262771
0.266 0.264119
0.267 0.26547
0.268 0.266825
0.269 0.268182
0.27 0.269543
0.271 0.270907
0.272 0.272274
0.273 0.273644
0.274 0.275017
0.275 0.276393
0.276 0.277773
0.277 0.279155
0.278 0.28054
0.279 0.281928
0.28 0.283319
0.281 0.284714
0.282 0.286111
0.283 0.287511
0.284 0.288914
0.285 0.290319
0.286 0.291728
0.287 0.29314
0.288 0.294554
0.289 0.295971
0.29 0.297391
0.291 0.298814
0.292 0.300239
0.293 0.301668
0.294 0.303099
0.295 0.304533
0.296 0.305969
0.297 0.307408
0.298 0.30885
0.299 0.310295
0.3 0.311742
0.301 0.313192
0.302 0.314644
0.303 0.316099
0.304 0.317557
0.305 0.319017
0.306 0.32048
0.307 0.321945
0.308 0.323413
0.309 0.324883
0.31 0.326356
0.311 0.327831
0.312 0.329309
0.313 0.330789
0.314 0.332272
0.315 0.333757
0.316 0.335244
0.317 0.336734
0.318 0.338226
0.319 0.339721
0.32 0.341218
0.321 0.342717
0.322 0.344219
0.323 0.345723
0.324 0.347229
0.325 0.348737
0.326 0.350248
0.327 0.351761
0.328 0.353276
0.329 0.354793
0.33 0.356313
0.331 0.357834
0.332 0.359358
0.333 0.360884
0.334 0.362412
0.335 0.363943
0.336 0.365475
0.337 0.36701
0.338 0.368546
0.339 0.370085
0.34 0.371626
0.341 0.373169
0.342 0.374714
0.343 0.37626
0.344 0.377809
0.345 0.37936
0.346 0.380913
0.347 0.382468
0.348 0.384025
0.349 0.385583
0.35 0.387144
0.351 0.388707
0.352 0.390271
0.353 0.391838
0.354 0.393406
0.355 0.394976
0.356 0.396548
0.357 0.398122
0.358 0.399698
0.359 0.401275
0.36 0.402854
0.361 0.404436
0.362 0.406018
0.363 0.407603
0.364 0.40919
0.365 0.410778
0.366 0.412368
0.367 0.413959
0.368 0.415553
0.369 0.417148
0.37 0.418745
0.371 0.420343
0.372 0.421943
0.373 0.423545
0.374 0.425149
0.375 0.426754
0.376 0.428361
0.377 0.429969
0.378 0.431579
0.379 0.433191
0.38 0.434804
0.381 0.436419
0.382 0.438035
0.383 0.439653
0.384 0.441273
0.385 0.442894
0.386 0.444516
0.387 0.44614
0.388 0.447766
0.389 0.449393
0.39 0.451022
0.391 0.452652
0.392 0.454284
0.393 0.455917
0.394 0.457552
0.395 0.459188
0.396 0.460825
0.397 0.462464
0.398 0.464105
0.399 0.465746
0.4 0.46739
0.401 0.469034
0.402 0.47068
0.403 0.472328
0.404 0.473977
0.405 0.475627
0.406 0.477279
0.407 0.478932
0.408 0.480586
0.409 0.482242
0.41 0.483899
0.411 0.485558
0.412 0.487217
0.413 0.488878
0.414 0.490541
0.415 0.492205
0.416 0.49387
0.417 0.495536
0.418 0.497204
0.419 0.498873
0.42 0.500543
0.421 0.502215
0.422 0.503888
0.423 0.505562
0.424 0.507238
0.425 0.508914
0.426 0.510592
0.427 0.512272
0.428 0.513952
0.429 0.515634
0.43 0.517317
0.431 0.519001
0.432 0.520687
0.433 0.522374
0.434 0.524062
0.435 0.525751
0.436 0.527442
0.437 0.529133
0.438 0.530826
0.439 0.532521
0.44 0.534216
0.441 0.535913
0.442 0.537611
0.443 0.53931
0.444 0.54101
0.445 0.542711
0.446 0.544414
0.447 0.546118
0.448 0.547823
0.449 0.54953
0.45 0.551237
0.451 0.552946
0.452 0.554656
0.453 0.556367
0.454 0.558079
0.455 0.559793
0.456 0.561508
0.457 0.563224
0.458 0.564941
0.459 0.566659
0.46 0.568379
0.461 0.5701
0.462 0.571822
0.463 0.573545
0.464 0.57527
0.465 0.576995
0.466 0.578722
0.467 0.58045
0.468 0.582179
0.469 0.58391
0.47 0.585642
0.471 0.587375
0.472 0.589109
0.473 0.590844
0.474 0.592581
0.475 0.594318
0.476 0.596058
0.477 0.597798
0.478 0.599539
0.479 0.601282
0.48 0.603026
0.481 0.604771
0.482 0.606518
0.483 0.608266
0.484 0.610015
0.485 0.611765
0.486 0.613517
0.487 0.61527
0.488 0.617024
0.489 0.618779
0.49 0.620536
0.491 0.622294
0.492 0.624053
0.493 0.625814
0.494 0.627576
0.495 0.629339
0.496 0.631103
0.497 0.632869
0.498 0.634636
0.499 0.636405
0.5 0.638175
0.501 0.639946
0.502 0.641719
0.503 0.643492
0.504 0.645268
0.505 0.647045
0.506 0.648823
0.507 0.650602
0.508 0.652383
0.509 0.654165
0.51 0.655949
0.511 0.657734
0.512 0.659521
0.513 0.661309
0.514 0.663098
0.515 0.664889
0.516 0.666682
0.517 0.668476
0.518 0.670271
0.519 0.672068
0.52 0.673866
0.521 0.675666
0.522 0.677468
0.523 0.679271
0.524 0.681075
0.525 0.682881
0.526 0.684689
0.527 0.686498
0.528 0.688309
0.529 0.690121
0.53 0.691935
0.531 0.693751
0.532 0.695568
0.533 0.697387
0.534 0.699208
0.535 0.70103
0.536 0.702854
0.537 0.70468
0.538 0.706507
0.539 0.708336
0.54 0.710167
0.541 0.712
0.542 0.713834
0.543 0.71567
0.544 0.717508
0.545 0.719347
0.546 0.721189
0.547 0.723032
0.548 0.724877
0.549 0.726724
0.55 0.728573
0.551 0.730424
0.552 0.732277
0.553 0.734131
0.554 0.735988
0.555 0.737846
0.556 0.739706
0.557 0.741569
0.558 0.743433
0.559 0.745299
0.56 0.747168
0.561 0.749038
0.562 0.750911
0.563 0.752785
0.564 0.754662
0.565 0.75654
0.566 0.758421
0.567 0.760304
0.568 0.762189
0.569 0.764076
0.57 0.765966
0.571 0.767857
0.572 0.769751
0.573 0.771647
0.574 0.773545
0.575 0.775446
0.576 0.777349
0.577 0.779254
0.578 0.781162
0.579 0.783071
0.58 0.784984
0.581 0.786898
0.582 0.788815
0.583 0.790734
0.584 0.792656
0.585 0.79458
0.586 0.796507
0.587 0.798436
0.588 0.800368
0.589 0.802302
0.59 0.804239
0.591 0.806178
0.592 0.80812
0.593 0.810065
0.594 0.812012
0.595 0.813962
0.596 0.815914
0.597 0.817869
0.598 0.819827
0.599 0.821788
0.6 0.823751
0.601 0.825717
0.602 0.827686
0.603 0.829658
0.604 0.831633
0.605 0.83361
0.606 0.83559
0.607 0.837574
0.608 0.83956
0.609 0.841549
0.61 0.843541
0.611 0.845536
0.612 0.847534
0.613 0.849535
0.614 0.851539
0.615 0.853546
0.616 0.855556
0.617 0.85757
0.618 0.859586
0.619 0.861606
0.62 0.863629
0.621 0.865655
0.622 0.867684
0.623 0.869717
0.624 0.871753
0.625 0.873792
0.626 0.875834
0.627 0.87788
0.628 0.87993
0.629 0.881982
0.63 0.884038
0.631 0.886098
0.632 0.888161
0.633 0.890227
0.634 0.892297
0.635 0.89437
0.636 0.896448
0.637 0.898528
0.638 0.900612
0.639 0.9027
0.64 0.904792
0.641 0.906887
0.642 0.908986
0.643 0.911089
0.644 0.913195
0.645 0.915305
0.646 0.91742
0.647 0.919537
0.648 0.921659
0.649 0.923785
0.65 0.925914
0.651 0.928048
0.652 0.930185
0.653 0.932327
0.654 0.934472
0.655 0.936621
0.656 0.938775
0.657 0.940932
0.658 0.943094
0.659 0.94526
0.66 0.94743
0.661 0.949604
0.662 0.951782
0.663 0.953965
0.664 0.956152
0.665 0.958343
0.666 0.960538
0.667 0.962738
0.668 0.964942
0.669 0.967151
0.67 0.969364
0.671 0.971581
0.672 0.973803
0.673 0.97603
0.674 0.97826
0.675 0.980496
0.676 0.982736
0.677 0.98498
0.678 0.98723
0.679 0.989483
0.68 0.991742
0.681 0.994005
0.682 0.996273
0.683 0.998546
0.684 1.00082
0.685 1.00311
0.686 1.00539
0.687 1.00768
0.688 1.00998
0.689 1.01228
0.69 1.01459
0.691 1.0169
0.692 1.01922
0.693 1.02154
0.694 1.02386
0.695 1.0262
0.696 1.02853
0.697 1.03087
0.698 1.03322
0.699 1.03557
0.7 1.03793
0.701 1.04029
0.702 1.04266
0.703 1.04503
0.704 1.04741
0.705 1.04979
0.706 1.05218
0.707 1.05458
0.708 1.05698
0.709 1.05938
0.71 1.06179
0.711 1.06421
0.712 1.06663
0.713 1.06906
0.714 1.07149
0.715 1.07392
0.716 1.07637
0.717 1.07882
0.718 1.08127
0.719 1.08373
0.72 1.0862
0.721 1.08867
0.722 1.09114
0.723 1.09363
0.724 1.09612
0.725 1.09861
0.726 1.10111
0.727 1.10362
0.728 1.10613
0.729 1.10865
0.73 1.11117
0.731 1.1137
0.732 1.11623
0.733 1.11877
0.734 1.12132
0.735 1.12387
0.736 1.12643
0.737 1.129
0.738 1.13157
0.739 1.13415
0.74 1.13673
0.741 1.13932
0.742 1.14191
0.743 1.14452
0.744 1.14712
0.745 1.14974
0.746 1.15236
0.747 1.15498
0.748 1.15762
0.749 1.16025
0.75 1.1629
0.751 1.16555
0.752 1.16821
0.753 1.17087
0.754 1.17354
0.755 1.17622
0.756 1.1789
0.757 1.18159
0.758 1.18429
0.759 1.18699
0.76 1.1897
0.761 1.19241
0.762 1.19514
0.763 1.19786
0.764 1.2006
0.765 1.20334
0.766 1.20609
0.767 1.20884
0.768 1.2116
0.769 1.21437
0.77 1.21714
0.771 1.21992
0.772 1.22271
0.773 1.2255
0.774 1.2283
0.775 1.23111
0.776 1.23392
0.777 1.23674
0.778 1.23957
0.779 1.2424
0.78 1.24524
0.781 1.24809
0.782 1.25095
0.783 1.25381
0.784 1.25667
0.785 1.25955
0.786 1.26243
0.787 1.26531
0.788 1.26821
0.789 1.27111
0.79 1.27402
0.791 1.27693
0.792 1.27985
0.793 1.28278
0.794 1.28571
0.795 1.28866
0.796 1.2916
0.797 1.29456
0.798 1.29752
0.799 1.30049
0.8 1.30347
0.801 1.30645
0.802 1.30944
0.803 1.31243
0.804 1.31544
0.805 1.31844
0.806 1.32146
0.807 1.32448
0.808 1.32751
0.809 1.33055
0.81 1.33359
0.811 1.33665
0.812 1.3397
0.813 1.34277
0.814 1.34584
0.815 1.34891
0.816 1.352
0.817 1.35509
0.818 1.35819
0.819 1.36129
0.82 1.3644
0.821 1.36752
0.822 1.37065
0.823 1.37378
0.824 1.37692
0.825 1.38006
0.826 1.38321
0.827 1.38637
0.828 1.38954
0.829 1.39271
0.83 1.39589
0.831 1.39907
0.832 1.40226
0.833 1.40546
0.834 1.40867
0.835 1.41188
0.836 1.4151
0.837 1.41832
0.838 1.42155
0.839 1.42479
0.84 1.42803
0.841 1.43128
0.842 1.43454
0.843 1.4378
0.844 1.44107
0.845 1.44435
0.846 1.44763
0.847 1.45092
0.848 1.45422
0.849 1.45752
0.85 1.46083
0.851 1.46414
0.852 1.46746
0.853 1.47079
0.854 1.47412
0.855 1.47746
0.856 1.4808
0.857 1.48415
0.858 1.48751
0.859 1.49087
0.86 1.49424
0.861 1.49761
0.862 1.50099
0.863 1.50438
0.864 1.50777
0.865 1.51117
0.866 1.51457
0.867 1.51798
0.868 1.5214
0.869 1.52482
0.87 1.52824
0.871 1.53168
0.872 1.53511
0.873 1.53856
0.874 1.542
0.875 1.54546
0.876 1.54892
0.877 1.55238
0.878 1.55585
0.879 1.55932
0.88 1.5628
0.881 1.56629
0.882 1.56978
0.883 1.57327
0.884 1.57677
0.885 1.58027
0.886 1.58378
0.887 1.5873
0.888 1.59082
0.889 1.59434
0.89 1.59787
0.891 1.6014
0.892 1.60493
0.893 1.60848
0.894 1.61202
0.895 1.61557
0.896 1.61912
0.897 1.62268
0.898 1.62624
0.899 1.62981
0.9 1.63338
0.901 1.63695
0.902 1.64053
0.903 1.64411
0.904 1.64769
0.905 1.65128
0.906 1.65487
0.907 1.65847
0.908 1.66207
0.909 1.66567
0.91 1.66927
0.911 1.67288
0.912 1.67649
0.913 1.68011
0.914 1.68372
0.915 1.68734
0.916 1.69096
0.917 1.69459
0.918 1.69821
0.919 1.70184
0.92 1.70547
0.921 1.70911
0.922 1.71274
0.923 1.71638
0.924 1.72002
0.925 1.72366
0.926 1.72731
0.927 1.73095
0.928 1.7346
0.929 1.73824
0.93 1.74189
0.931 1.74554
0.932 1.74919
0.933 1.75284
0.934 1.7565
0.935 1.76015
0.936 1.7638
0.937 1.76746
0.938 1.77111
0.939 1.77477
0.94 1.77843
0.941 1.78208
0.942 1.78574
0.943 1.78939
0.944 1.79305
0.945 1.7967
0.946 1.80035
0.947 1.80401
0.948 1.80766
0.949 1.81131
0.95 1.81496
0.951 1.81861
0.952 1.82226
0.953 1.8259
0.954 1.82954
0.955 1.83319
0.956 1.83683
0.957 1.84047
0.958 1.8441
0.959 1.84773
0.96 1.85137
0.961 1.85499
0.962 1.85862
0.963 1.86224
0.964 1.86586
0.965 1.86948
0.966 1.87309
0.967 1.8767
0.968 1.8803
0.969 1.8839
0.97 1.8875
0.971 1.89109
0.972 1.89468
0.973 1.89826
0.974 1.90184
0.975 1.90542
0.976 1.90899
0.977 1.91255
0.978 1.91611
0.979 1.91966
0.98 1.9232
0.981 1.92674
0.982 1.93028
0.983 1.9338
0.984 1.93732
0.985 1.94084
0.986 1.94435
0.987 1.94784
0.988 1.95134
0.989 1.95482
0.99 1.9583
0.991 1.96177
0.992 1.96523
0.993 1.96868
0.994 1.97212
0.995 1.97556
0.996 1.97898
0.997 1.9824
0.998 1.9858
0.999 1.9892
1 1.99259
