-1 -0.825684
-0.999 -0.828792
-0.998 -0.831887
-0.997 -0.834968
-0.996 -0.838036
-0.995 -0.841089
-0.994 -0.844129
-0.993 -0.847155
-0.992 -0.850167
-0.991 -0.853166
-0.99 -0.856151
-0.989 -0.859122
-0.988 -0.86208
-0.987 -0.865024
-0.986 -0.867954
-0.985 -0.870871
-0.984 -0.873774
-0.983 -0.876664
-0.982 -0.879541
-0.981 -0.882403
-0.98 -0.885253
-0.979 -0.888088
-0.978 -0.890911
-0.977 -0.89372
-0.976 -0.896515
-0.975 -0.899297
-0.974 -0.902066
-0.973 -0.904822
-0.972 -0.907564
-0.971 -0.910293
-0.97 -0.913008
-0.969 -0.915711
-0.968 -0.9184
-0.967 -0.921075
-0.966 -0.923738
-0.965 -0.926387
-0.964 -0.929024
-0.963 -0.931647
-0.962 -0.934257
-0.961 -0.936854
-0.96 -0.939437
-0.959 -0.942008
-0.958 -0.944566
-0.957 -0.94711
-0.956 -0.949642
-0.955 -0.95216
-0.954 -0.954666
-0.953 -0.957159
-0.952 -0.959638
-0.951 -0.962105
-0.95 -0.964559
-0.949 -0.967
-0.948 -0.969428
-0.947 -0.971843
-0.946 -0.974246
-0.945 -0.976635
-0.944 -0.979012
-0.943 -0.981376
-0.942 -0.983727
-0.941 -0.986066
-0.94 -0.988392
-0.939 -0.990705
-0.938 -0.993005
-0.937 -0.995293
-0.936 -0.997568
-0.935 -0.999831
-0.934 -1.00208
-0.933 -1.00432
-0.932 -1.00654
-0.931 -1.00876
-0.93 -1.01096
-0.929 -1.01314
-0.928 -1.01532
-0.927 -1.01748
-0.926 -1.01963
-0.925 -1.02177
-0.924 -1.02389
-0.923 -1.026
-0.922 -1.0281
-0.921 -1.03019
-0.92 -1.03227
-0.919 -1.03433
-0.918 -1.03638
-0.917 -1.03842
-0.916 -1.04045
-0.915 -1.04246
-0.914 -1.04446
-0.913 -1.04645
-0.912 -1.04843
-0.911 -1.0504
-0.91 -1.05235
-0.909 -1.05429
-0.908 -1.05622
-0.907 -1.05814
-0.906 -1.06004
-0.905 -1.06193
-0.904 -1.06381
-0.903 -1.06568
-0.902 -1.06754
-0.901 -1.06938
-0.9 -1.07122
-0.899 -1.07304
-0.898 -1.07485
-0.897 -1.07664
-0.896 -1.07843
-0.895 -1.0802
-0.894 -1.08196
-0.893 -1.08371
-0.892 -1.08545
-0.891 -1.08718
-0.89 -1.08889
-0.889 -1.09059
-0.888 -1.09228
-0.887 -1.09396
-0.886 -1.09563
-0.885 -1.09729
-0.884 -1.09893
-0.883 -1.10056
-0.882 -1.10218
-0.881 -1.10379
-0.88 -1.10539
-0.879 -1.10697
-0.878 -1.10855
-0.877 -1.11011
-0.876 -1.11166
-0.875 -1.1132
-0.874 -1.11473
-0.873 -1.11625
-0.872 -1.11775
-0.871 -1.11925
-0.87 -1.12073
-0.869 -1.1222
-0.868 -1.12366
-0.867 -1.12511
-0.866 -1.12654
-0.865 -1.12797
-0.864 -1.12938
-0.863 -1.13079
-0.862 -1.13218
-0.861 -1.13356
-0.86 -1.13493
-0.859 -1.13629
-0.858 -1.13763
-0.857 -1.13897
-0.856 -1.1403
-0.855 -1.14161
-0.854 -1.14291
-0.853 -1.1442
-0.852 -1.14548
-0.851 -1.14675
-0.85 -1.14801
-0.849 -1.14926
-0.848 -1.15049
-0.847 -1.15172
-0.846 -1.15293
-0.845 -1.15414
-0.844 -1.15533
-0.843 -1.15651
-0.842 -1.15768
-0.841 -1.15884
-0.84 -1.15999
-0.839 -1.16112
-0.838 -1.16225
-0.837 -1.16337
-0.836 -1.16447
-0.835 -1.16557
-0.834 -1.16665
-0.833 -1.16772
-0.832 -1.16879
-0.831 -1.16984
-0.83 -1.17088
-0.829 -1.17191
-0.828 -1.17293
-0.827 -1.17394
-0.826 -1.17494
-0.825 -1.17592
-0.824 -1.1769
-0.823 -1.17787
-0.822 -1.17882
-0.821 -1.17977
-0.82 -1.18071
-0.819 -1.18163
-0.818 -1.18254
-0.817 -1.18345
-0.816 -1.18434
-0.815 -1.18522
-0.814 -1.1861
-0.813 -1.18696
-0.812 -1.18781
-0.811 -1.18865
-0.81 -1.18948
-0.809 -1.1903
-0.808 -1.19111
-0.807 -1.19191
-0.806 -1.1927
-0.805 -1.19348
-0.804 -1.19425
-0.803 -1.19501
-0.802 -1.19576
-0.801 -1.1965
-0.8 -1.19723
-0.799 -1.19795
-0.798 -1.19866
-0.797 -1.19935
-0.796 -1.20004
-0.795 -1.20072
-0.794 -1.20139
-0.793 -1.20205
-0.792 -1.20269
-0.791 -1.20333
-0.79 -1.20396
-0.789 -1.20458
-0.788 -1.20519
-0.787 -1.20579
-0.786 -1.20637
-0.785 -1.20695
-0.784 -1.20752
-0.783 -1.20808
-0.782 -1.20863
-0.781 -1.20917
-0.78 -1.2097
-0.779 -1.21022
-0.778 -1.21073
-0.777 -1.21123
-0.776 -1.21172
-0.775 -1.2122
-0.774 -1.21267
-0.773 -1.21313
-0.772 -1.21358
-0.771 -1.21402
-0.77 -1.21446
-0.769 -1.21488
-0.768 -1.21529
-0.767 -1.21569
-0.766 -1.21609
-0.765 -1.21647
-0.764 -1.21685
-0.763 -1.21721
-0.762 -1.21757
-0.761 -1.21792
-0.76 -1.21825
-0.759 -1.21858
-0.758 -1.2189
-0.757 -1.21921
-0.756 -1.21951
-0.755 -1.2198
-0.754 -1.22008
-0.753 -1.22035
-0.752 -1.22061
-0.751 -1.22086
-0.75 -1.22111
-0.749 -1.22134
-0.748 -1.22157
-0.747 -1.22178
-0.746 -1.22199
-0.745 -1.22218
-0.744 -1.22237
-0.743 -1.22255
-0.742 -1.22272
-0.741 -1.22288
-0.74 -1.22303
-0.739 -1.22318
-0.738 -1.22331
-0.737 -1.22343
-0.736 -1.22355
-0.735 -1.22365
-0.734 -1.22375
-0.733 -1.22384
-0.732 -1.22392
-0.731 -1.22399
-0.73 -1.22405
-0.729 -1.2241
-0.728 -1.22415
-0.727 -1.22418
-0.726 -1.22421
-0.725 -1.22422
-0.724 -1.22423
-0.723 -1.22423
-0.722 -1.22422
-0.721 -1.2242
-0.72 -1.22418
-0.719 -1.22414
-0.718 -1.2241
-0.717 -1.22404
-0.716 -1.22398
-0.715 -1.22391
-0.714 -1.22383
-0.713 -1.22374
-0.712 -1.22365
-0.711 -1.22354
-0.71 -1.22343
-0.709 -1.2233
-0.708 -1.22317
-0.707 -1.22303
-0.706 -1.22289
-0.705 -1.22273
-0.704 -1.22256
-0.703 -1.22239
-0.702 -1.22221
-0.701 -1.22202
-0.7 -1.22182
-0.699 -1.22161
-0.698 -1.2214
-0.697 -1.22117
-0.696 -1.22094
-0.695 -1.2207
-0.694 -1.22045
-0.693 -1.22019
-0.692 -1.21992
-0.691 -1.21965
-0.69 -1.21937
-0.689 -1.21908
-0.688 -1.21878
-0.687 -1.21847
-0.686 -1.21816
-0.685 -1.21783
-0.684 -1.2175
-0.683 -1.21716
-0.682 -1.21681
-0.681 -1.21646
-0.68 -1.21609
-0.679 -1.21572
-0.678 -1.21534
-0.677 -1.21495
-0.676 -1.21456
-0.675 -1.21415
-0.674 -1.21374
-0.673 -1.21332
-0.672 -1.21289
-0.671 -1.21245
-0.67 -1.21201
-0.669 -1.21156
-0.668 -1.2111
-0.667 -1.21063
-0.666 -1.21015
-0.665 -1.20967
-0.664 -1.20918
-0.663 -1.20868
-0.662 -1.20817
-0.661 -1.20766
-0.66 -1.20713
-0.659 -1.2066
-0.658 -1.20606
-0.657 -1.20552
-0.656 -1.20496
-0.655 -1.2044
-0.654 -1.20383
-0.653 -1.20326
-0.652 -1.20267
-0.651 -1.20208
-0.65 -1.20148
-0.649 -1.20087
-0.648 -1.20026
-0.647 -1.19964
-0.646 -1.19901
-0.645 -1.19837
-0.644 -1.19772
-0.643 -1.19707
-0.642 -1.19641
-0.641 -1.19574
-0.64 -1.19507
-0.639 -1.19439
-0.638 -1.1937
-0.637 -1.193
-0.636 -1.1923
-0.635 -1.19158
-0.634 -1.19087
-0.633 -1.19014
-0.632 -1.18941
-0.631 -1.18866
-0.63 -1.18792
-0.629 -1.18716
-0.628 -1.1864
-0.627 -1.18563
-0.626 -1.18485
-0.625 -1.18406
-0.624 -1.18327
-0.623 -1.18247
-0.622 -1.18167
-0.621 -1.18085
-0.62 -1.18003
-0.619 -1.17921
-0.618 -1.17837
-0.617 -1.17753
-0.616 -1.17668
-0.615 -1.17583
-0.614 -1.17496
-0.613 -1.17409
-0.612 -1.17322
-0.611 -1.17233
-0.61 -1.17144
-0.609 -1.17054
-0.608 -1.16964
-0.607 -1.16873
-0.606 -1.16781
-0.605 -1.16688
-0.604 -1.16595
-0.603 -1.16501
-0.602 -1.16407
-0.601 -1.16311
-0.6 -1.16215
-0.599 -1.16119
-0.598 -1.16021
-0.597 -1.15923
-0.596 -1.15825
-0.595 -1.15725
-0.594 -1.15625
-0.593 -1.15525
-0.592 -1.15423
-0.591 -1.15321
-0.59 -1.15219
-0.589 -1.15115
-0.588 -1.15011
-0.587 -1.14906
-0.586 -1.14801
-0.585 -1.14695
-0.584 -1.14588
-0.583 -1.14481
-0.582 -1.14373
-0.581 -1.14265
-0.58 -1.14155
-0.579 -1.14045
-0.578 -1.13935
-0.577 -1.13824
-0.576 -1.13712
-0.575 -1.13599
-0.574 -1.13486
-0.573 -1.13373
-0.572 -1.13258
-0.571 -1.13143
-0.57 -1.13027
-0.569 -1.12911
-0.568 -1.12794
-0.567 -1.12677
-0.566 -1.12558
-0.565 -1.1244
-0.564 -1.1232
-0.563 -1.122
-0.562 -1.12079
-0.561 -1.11958
-0.56 -1.11836
-0.559 -1.11714
-0.558 -1.1159
-0.557 -1.11467
-0.556 -1.11342
-0.555 -1.11217
-0.554 -1.11092
-0.553 -1.10966
-0.552 -1.10839
-0.551 -1.10711
-0.55 -1.10583
-0.549 -1.10455
-0.548 -1.10325
-0.547 -1.10196
-0.546 -1.10065
-0.545 -1.09934
-0.544 -1.09802
-0.543 -1.0967
-0.542 -1.09537
-0.541 -1.09404
-0.54 -1.0927
-0.539 -1.09136
-0.538 -1.09
-0.537 -1.08865
-0.536 -1.08728
-0.535 -1.08591
-0.534 -1.08454
-0.533 -1.08316
-0.532 -1.08177
-0.531 -1.08038
-0.53 -1.07898
-0.529 -1.07758
-0.528 -1.07617
-0.527 -1.07476
-0.526 -1.07334
-0.525 -1.07191
-0.524 -1.07048
-0.523 -1.06904
-0.522 -1.0676
-0.521 -1.06615
-0.52 -1.06469
-0.519 -1.06323
-0.518 -1.06177
-0.517 -1.0603
-0.516 -1.05882
-0.515 -1.05734
-0.514 -1.05585
-0.513 -1.05436
-0.512 -1.05286
-0.511 -1.05136
-0.51 -1.04985
-0.509 -1.04833
-0.508 -1.04681
-0.507 -1.04529
-0.506 -1.04376
-0.505 -1.04222
-0.504 -1.04068
-0.503 -1.03913
-0.502 -1.03758
-0.501 -1.03602
-0.5 -1.03446
-0.499 -1.03289
-0.498 -1.03132
-0.497 -1.02974
-0.496 -1.02816
-0.495 -1.02657
-0.494 -1.02497
-0.493 -1.02338
-0.492 -1.02177
-0.491 -1.02016
-0.49 -1.01855
-0.489 -1.01693
-0.488 -1.0153
-0.487 -1.01367
-0.486 -1.01204
-0.485 -1.0104
-0.484 -1.00875
-0.483 -1.0071
-0.482 -1.00545
-0.481 -1.00379
-0.48 -1.00212
-0.479 -1.00045
-0.478 -0.998776
-0.477 -0.997096
-0.476 -0.995411
-0.475 -0.993721
-0.474 -0.992026
-0.473 -0.990327
-0.472 -0.988622
-0.471 -0.986913
-0.47 -0.985199
-0.469 -0.983479
-0.468 -0.981756
-0.467 -0.980027
-0.466 -0.978294
-0.465 -0.976555
-0.464 -0.974812
-0.463 -0.973065
-0.462 -0.971312
-0.461 -0.969555
-0.46 -0.967793
-0.459 -0.966027
-0.458 -0.964256
-0.457 -0.96248
-0.456 -0.960699
-0.455 -0.958914
-0.454 -0.957125
-0.453 -0.95533
-0.452 -0.953531
-0.451 -0.951728
-0.45 -0.94992
-0.449 -0.948108
-0.448 -0.946291
-0.447 -0.944469
-0.446 -0.942643
-0.445 -0.940812
-0.444 -0.938977
-0.443 -0.937138
-0.442 -0.935294
-0.441 -0.933446
-0.44 -0.931593
-0.439 -0.929736
-0.438 -0.927875
-0.437 -0.926009
-0.436 -0.924139
-0.435 -0.922264
-0.434 -0.920385
-0.433 -0.918502
-0.432 -0.916615
-0.431 -0.914723
-0.43 -0.912827
-0.429 -0.910927
-0.428 -0.909022
-0.427 -0.907114
-0.426 -0.905201
-0.425 -0.903284
-0.424 -0.901362
-0.423 -0.899437
-0.422 -0.897507
-0.421 -0.895574
-0.42 -0.893636
-0.419 -0.891694
-0.418 -0.889748
-0.417 -0.887798
-0.416 -0.885843
-0.415 -0.883885
-0.414 -0.881923
-0.413 -0.879956
-0.412 -0.877986
-0.411 -0.876012
-0.41 -0.874033
-0.409 -0.872051
-0.408 -0.870065
-0.407 -0.868075
-0.406 -0.866081
-0.405 -0.864083
-0.404 -0.862081
-0.403 -0.860075
-0.402 -0.858065
-0.401 -0.856052
-0.4 -0.854034
-0.399 -0.852013
-0.398 -0.849988
-0.397 -0.847959
-0.396 -0.845926
-0.395 -0.84389
-0.394 -0.84185
-0.393 -0.839806
-0.392 -0.837758
-0.391 -0.835707
-0.39 -0.833652
-0.389 -0.831593
-0.388 -0.829531
-0.387 -0.827465
-0.386 -0.825395
-0.385 -0.823322
-0.384 -0.821245
-0.383 -0.819164
-0.382 -0.81708
-0.381 -0.814992
-0.38 -0.812901
-0.379 -0.810806
-0.378 -0.808707
-0.377 -0.806605
-0.376 -0.8045
-0.375 -0.802391
-0.374 -0.800278
-0.373 -0.798162
-0.372 -0.796043
-0.371 -0.79392
-0.37 -0.791794
-0.369 -0.789664
-0.368 -0.787531
-0.367 -0.785394
-0.366 -0.783255
-0.365 -0.781111
-0.364 -0.778965
-0.363 -0.776815
-0.362 -0.774662
-0.361 -0.772505
-0.36 -0.770345
-0.359 -0.768182
-0.358 -0.766016
-0.357 -0.763846
-0.356 -0.761673
-0.355 -0.759497
-0.354 -0.757318
-0.353 -0.755135
-0.352 -0.752949
-0.351 -0.75076
-0.35 -0.748568
-0.349 -0.746373
-0.348 -0.744175
-0.347 -0.741973
-0.346 -0.739769
-0.345 -0.737561
-0.344 -0.73535
-0.343 -0.733136
-0.342 -0.73092
-0.341 -0.7287
-0.34 -0.726477
-0.339 -0.724251
-0.338 -0.722022
-0.337 -0.71979
-0.336 -0.717555
-0.335 -0.715317
-0.334 -0.713076
-0.333 -0.710832
-0.332 -0.708586
-0.331 -0.706336
-0.33 -0.704084
-0.329 -0.701828
-0.328 -0.69957
-0.327 -0.697309
-0.326 -0.695045
-0.325 -0.692778
-0.324 -0.690509
-0.323 -0.688236
-0.322 -0.685961
-0.321 -0.683683
-0.32 -0.681403
-0.319 -0.679119
-0.318 -0.676833
-0.317 -0.674544
-0.316 -0.672253
-0.315 -0.669958
-0.314 -0.667661
-0.313 -0.665362
-0.312 -0.663059
-0.311 -0.660754
-0.31 -0.658447
-0.309 -0.656137
-0.308 -0.653824
-0.307 -0.651508
-0.306 -0.64919
-0.305 -0.64687
-0.304 -0.644547
-0.303 -0.642221
-0.302 -0.639893
-0.301 -0.637562
-0.3 -0.635229
-0.299 -0.632893
-0.298 -0.630555
-0.297 -0.628215
-0.296 -0.625871
-0.295 -0.623526
-0.294 -0.621178
-0.293 -0.618828
-0.292 -0.616475
-0.291 -0.61412
-0.29 -0.611762
-0.289 -0.609403
-0.288 -0.60704
-0.287 -0.604676
-0.286 -0.602309
-0.285 -0.59994
-0.284 -0.597568
-0.283 -0.595195
-0.282 -0.592819
-0.281 -0.59044
-0.28 -0.58806
-0.279 -0.585677
-0.278 -0.583292
-0.277 -0.580905
-0.276 -0.578516
-0.275 -0.576124
-0.274 -0.57373
-0.273 -0.571335
-0.272 -0.568937
-0.271 -0.566536
-0.27 -0.564134
-0.269 -0.56173
-0.268 -0.559323
-0.267 -0.556915
-0.266 -0.554504
-0.265 -0.552092
-0.264 -0.549677
-0.263 -0.54726
-0.262 -0.544842
-0.261 -0.542421
-0.26 -0.539998
-0.259 -0.537574
-0.258 -0.535147
-0.257 -0.532718
-0.256 -0.530288
-0.255 -0.527855
-0.254 -0.525421
-0.253 -0.522985
-0.252 -0.520546
-0.251 -0.518106
-0.25 -0.515664
-0.249 -0.513221
-0.248 -0.510775
-0.247 -0.508328
-0.246 -0.505878
-0.245 -0.503427
-0.244 -0.500974
-0.243 -0.49852
-0.242 -0.496063
-0.241 -0.493605
-0.24 -0.491145
-0.239 -0.488684
-0.238 -0.48622
-0.237 -0.483755
-0.236 -0.481289
-0.235 -0.47882
-0.234 -0.47635
-0.233 -0.473878
-0.232 -0.471405
-0.231 -0.46893
-0.23 -0.466454
-0.229 -0.463975
-0.228 -0.461496
-0.227 -0.459014
-0.226 -0.456531
-0.225 -0.454047
-0.224 -0.451561
-0.223 -0.449073
-0.222 -0.446584
-0.221 -0.444093
-0.22 -0.441601
-0.219 -0.439108
-0.218 -0.436613
-0.217 -0.434116
-0.216 -0.431618
-0.215 -0.429119
-0.214 -0.426618
-0.213 -0.424116
-0.212 -0.421612
-0.211 -0.419107
-0.21 -0.416601
-0.209 -0.414093
-0.208 -0.411584
-0.207 -0.409073
-0.206 -0.406562
-0.205 -0.404049
-0.204 -0.401534
-0.203 -0.399019
-0.202 -0.396502
-0.201 -0.393984
-0.2 -0.391464
-0.199 -0.388943
-0.198 -0.386422
-0.197 -0.383898
-0.196 -0.381374
-0.195 -0.378849
-0.194 -0.376322
-0.193 -0.373794
-0.192 -0.371265
-0.191 -0.368735
-0.19 -0.366204
-0.189 -0.363671
-0.188 -0.361138
-0.187 -0.358603
-0.186 -0.356067
-0.185 -0.35353
-0.184 -0.350993
-0.183 -0.348454
-0.182 -0.345914
-0.181 -0.343373
-0.18 -0.340831
-0.179 -0.338288
-0.178 -0.335744
-0.177 -0.333199
-0.176 -0.330653
-0.175 -0.328106
-0.174 -0.325559
-0.173 -0.32301
-0.172 -0.32046
-0.171 -0.31791
-0.17 -0.315358
-0.169 -0.312806
-0.168 -0.310253
-0.167 -0.307699
-0.166 -0.305144
-0.165 -0.302588
-0.164 -0.300031
-0.163 -0.297474
-0.162 -0.294916
-0.161 -0.292357
-0.16 -0.289797
-0.159 -0.287236
-0.158 -0.284675
-0.157 -0.282113
-0.156 -0.27955
-0.155 -0.276987
-0.154 -0.274423
-0.153 -0.271858
-0.152 -0.269292
-0.151 -0.266726
-0.15 -0.264159
-0.149 -0.261592
-0.148 -0.259023
-0.147 -0.256455
-0.146 -0.253885
-0.145 -0.251315
-0.144 -0.248744
-0.143 -0.246173
-0.142 -0.243601
-0.141 -0.241029
-0.14 -0.238456
-0.139 -0.235883
-0.138 -0.233309
-0.137 -0.230734
-0.136 -0.228159
-0.135 -0.225584
-0.134 -0.223008
-0.133 -0.220432
-0.132 -0.217855
-0.131 -0.215277
-0.13 -0.2127
-0.129 -0.210122
-0.128 -0.207543
-0.127 -0.204964
-0.126 -0.202385
-0.125 -0.199805
-0.124 -0.197225
-0.123 -0.194644
-0.122 -0.192064
-0.121 -0.189482
-0.12 -0.186901
-0.119 -0.184319
-0.118 -0.181737
-0.117 -0.179155
-0.116 -0.176572
-0.115 -0.173989
-0.114 -0.171406
-0.113 -0.168823
-0.112 -0.166239
-0.111 -0.163655
-0.11 -0.161071
-0.109 -0.158487
-0.108 -0.155903
-0.107 -0.153318
-0.106 -0.150733
-0.105 -0.148148
-0.104 -0.145563
-0.103 -0.142978
-0.102 -0.140393
-0.101 -0.137808
-0.1 -0.135222
-0.099 -0.132637
-0.098 -0.130051
-0.097 -0.127465
-0.096 -0.124879
-0.095 -0.122294
-0.094 -0.119708
-0.093 -0.117122
-0.092 -0.114536
-0.091 -0.11195
-0.09 -0.109364
-0.089 -0.106778
-0.088 -0.104193
-0.087 -0.101607
-0.086 -0.0990212
-0.085 -0.0964356
-0.084 -0.0938501
-0.083 -0.0912646
-0.082 -0.0886793
-0.081 -0.086094
-0.08 -0.0835089
-0.079 -0.080924
-0.078 -0.0783391
-0.077 -0.0757545
-0.076 -0.07317
-0.075 -0.0705856
-0.074 -0.0680015
-0.073 -0.0654176
-0.072 -0.0628338
-0.071 -0.0602503
-0.07 -0.057667
-0.069 -0.055084
-0.068 -0.0525012
-0.067 -0.0499187
-0.066 -0.0473365
-0.065 -0.0447545
-0.064 -0.0421729
-0.063 -0.0395915
-0.062 -0.0370105
-0.061 -0.0344298
-0.06 -0.0318494
-0.059 -0.0292694
-0.058 -0.0266897
-0.057 -0.0241105
-0.056 -0.0215316
-0.055 -0.0189531
-0.054 -0.016375
-0.053 -0.0137973
-0.052 -0.01122
-0.051 -0.00864319
-0.05 -0.00606681
-0.049 -0.00349088
-0.048 -0.000915427
-0.047 0.00165955
-0.046 0.00423404
-0.045 0.00680803
-0.044 0.00938151
-0.043 0.0119545
-0.042 0.0145269
-0.041 0.0170988
-0.04 0.0196701
-0.039 0.0222409
-0.038 0.0248111
-0.037 0.0273807
-0.036 0.0299497
-0.035 0.0325182
-0.034 0.035086
-0.033 0.0376531
-0.032 0.0402197
-0.031 0.0427856
-0.03 0.0453508
-0.029 0.0479154
-0.028 0.0504793
-0.027 0.0530425
-0.026 0.055605
-0.025 0.0581668
-0.024 0.0607279
-0.023 0.0632882
-0.022 0.0658478
-0.021 0.0684067
-0.02 0.0709648
-0.019 0.0735221
-0.018 0.0760787
-0.017 0.0786344
-0.016 0.0811894
-0.015 0.0837435
-0.014 0.0862968
-0.013 0.0888493
-0.012 0.091401
-0.011 0.0939518
-0.01 0.0965017
-0.009 0.0990507
-0.008 0.101599
-0.007 0.104146
-0.006 0.106693
-0.005 0.109238
-0.004 0.111783
-0.003 0.114326
-0.002 0.116869
-0.001 0.11941
0 0.121951
0.001 0.124491
0.002 0.12703
0.003 0.129568
0.004 0.132104
0.005 0.13464
0.006 0.137175
0.007 0.139708
0.008 0.142241
0.009 0.144773
0.01 0.147303
0.011 0.149833
0.012 0.152361
0.013 0.154888
0.014 0.157414
0.015 0.159939
0.016 0.162463
0.017 0.164986
0.018 0.167508
0.019 0.170028
0.02 0.172548
0.021 0.175066
0.022 0.177583
0.023 0.180098
0.024 0.182613
0.025 0.185126
0.026 0.187638
0.027 0.190149
0.028 0.192659
0.029 0.195167
0.03 0.197674
0.031 0.20018
0.032 0.202685
0.033 0.205188
0.034 0.20769
0.035 0.21019
0.036 0.21269
0.037 0.215188
0.038 0.217684
0.039 0.220179
0.04 0.222673
0.041 0.225166
0.042 0.227657
0.043 0.230147
0.044 0.232635
0.045 0.235122
0.046 0.237608
0.047 0.240092
0.048 0.242574
0.049 0.245055
0.05 0.247535
0.051 0.250013
0.052 0.25249
0.053 0.254965
0.054 0.257439
0.055 0.259911
0.056 0.262382
0.057 0.264851
0.058 0.267319
0.059 0.269785
0.06 0.27225
0.061 0.274713
0.062 0.277174
0.063 0.279634
0.064 0.282092
0.065 0.284549
0.066 0.287004
0.067 0.289457
0.068 0.291909
0.069 0.294359
0.07 0.296808
0.071 0.299255
0.072 0.3017
0.073 0.304143
0.074 0.306585
0.075 0.309025
0.076 0.311463
0.077 0.3139
0.078 0.316335
0.079 0.318768
0.08 0.321199
0.081 0.323629
0.082 0.326057
0.083 0.328483
0.084 0.330907
0.085 0.33333
0.086 0.335751
0.087 0.33817
0.088 0.340587
0.089 0.343002
0.09 0.345415
0.091 0.347827
0.092 0.350237
0.093 0.352645
0.094 0.355051
0.095 0.357455
0.096 0.359857
0.097 0.362257
0.098 0.364656
0.099 0.367052
0.1 0.369446
0.101 0.371839
0.102 0.37423
0.103 0.376618
0.104 0.379005
0.105 0.38139
0.106 0.383772
0.107 0.386153
0.108 0.388532
0.109 0.390909
0.11 0.393283
0.111 0.395656
0.112 0.398026
0.113 0.400395
0.114 0.402761
0.115 0.405126
0.116 0.407488
0.117 0.409848
0.118 0.412207
0.119 0.414563
0.12 0.416916
0.121 0.419268
0.122 0.421618
0.123 0.423965
0.124 0.426311
0.125 0.428654
0.126 0.430995
0.127 0.433334
0.128 0.435671
0.129 0.438005
0.13 0.440337
0.131 0.442667
0.132 0.444995
0.133 0.447321
0.134 0.449644
0.135 0.451965
0.136 0.454284
0.137 0.456601
0.138 0.458915
0.139 0.461227
0.14 0.463537
0.141 0.465844
0.142 0.468149
0.143 0.470452
0.144 0.472752
0.145 0.47505
0.146 0.477346
0.147 0.47964
0.148 0.481931
0.149 0.484219
0.15 0.486506
0.151 0.488789
0.152 0.491071
0.153 0.49335
0.154 0.495627
0.155 0.497901
0.156 0.500173
0.157 0.502442
0.158 0.504709
0.159 0.506973
0.16 0.509235
0.161 0.511495
0.162 0.513752
0.163 0.516006
0.164 0.518258
0.165 0.520508
0.166 0.522755
0.167 0.524999
0.168 0.527241
0.169 0.529481
0.17 0.531717
0.171 0.533952
0.172 0.536183
0.173 0.538412
0.174 0.540639
0.175 0.542863
0.176 0.545084
0.177 0.547303
0.178 0.549519
0.179 0.551732
0.18 0.553943
0.181 0.556151
0.182 0.558357
0.183 0.560559
0.184 0.562759
0.185 0.564957
0.186 0.567152
0.187 0.569344
0.188 0.571533
0.189 0.57372
0.19 0.575904
0.191 0.578085
0.192 0.580263
0.193 0.582439
0.194 0.584612
0.195 0.586782
0.196 0.588949
0.197 0.591114
0.198 0.593276
0.199 0.595435
0.2 0.597591
0.201 0.599744
0.202 0.601895
0.203 0.604043
0.204 0.606187
0.205 0.60833
0.206 0.610469
0.207 0.612605
0.208 0.614738
0.209 0.616869
0.21 0.618997
0.211 0.621121
0.212 0.623243
0.213 0.625362
0.214 0.627478
0.215 0.629591
0.216 0.631701
0.217 0.633809
0.218 0.635913
0.219 0.638014
0.22 0.640112
0.221 0.642208
0.222 0.6443
0.223 0.646389
0.224 0.648476
0.225 0.650559
0.226 0.652639
0.227 0.654717
0.228 0.656791
0.229 0.658862
0.23 0.66093
0.231 0.662995
0.232 0.665057
0.233 0.667116
0.234 0.669172
0.235 0.671225
0.236 0.673275
0.237 0.675321
0.238 0.677365
0.239 0.679405
0.24 0.681442
0.241 0.683476
0.242 0.685507
0.243 0.687535
0.244 0.689559
0.245 0.691581
0.246 0.693599
0.247 0.695614
0.248 0.697626
0.249 0.699635
0.25 0.70164
0.251 0.703642
0.252 0.705641
0.253 0.707637
0.254 0.709629
0.255 0.711619
0.256 0.713605
0.257 0.715587
0.258 0.717567
0.259 0.719543
0.26 0.721516
0.261 0.723486
0.262 0.725452
0.263 0.727415
0.264 0.729375
0.265 0.731331
0.266 0.733284
0.267 0.735234
0.268 0.73718
0.269 0.739123
0.27 0.741063
0.271 0.742999
0.272 0.744932
0.273 0.746861
0.274 0.748787
0.275 0.75071
0.276 0.752629
0.277 0.754545
0.278 0.756457
0.279 0.758366
0.28 0.760272
0.281 0.762174
0.282 0.764073
0.283 0.765968
0.284 0.767859
0.285 0.769748
0.286 0.771632
0.287 0.773514
0.288 0.775391
0.289 0.777266
0.29 0.779136
0.291 0.781003
0.292 0.782867
0.293 0.784727
0.294 0.786584
0.295 0.788437
0.296 0.790286
0.297 0.792132
0.298 0.793975
0.299 0.795813
0.3 0.797648
0.301 0.79948
0.302 0.801308
0.303 0.803132
0.304 0.804953
0.305 0.80677
0.306 0.808584
0.307 0.810393
0.308 0.8122
0.309 0.814002
0.31 0.815801
0.311 0.817596
0.312 0.819388
0.313 0.821176
0.314 0.82296
0.315 0.82474
0.316 0.826517
0.317 0.82829
0.318 0.830059
0.319 0.831825
0.32 0.833587
0.321 0.835345
0.322 0.837099
0.323 0.83885
0.324 0.840597
0.325 0.84234
0.326 0.844079
0.327 0.845815
0.328 0.847546
0.329 0.849274
0.33 0.850998
0.331 0.852719
0.332 0.854435
0.333 0.856148
0.334 0.857857
0.335 0.859562
0.336 0.861263
0.337 0.86296
0.338 0.864653
0.339 0.866343
0.34 0.868029
0.341 0.86971
0.342 0.871388
0.343 0.873062
0.344 0.874732
0.345 0.876399
0.346 0.878061
0.347 0.879719
0.348 0.881374
0.349 0.883024
0.35 0.884671
0.351 0.886313
0.352 0.887952
0.353 0.889587
0.354 0.891217
0.355 0.892844
0.356 0.894467
0.357 0.896086
0.358 0.8977
0.359 0.899311
0.36 0.900918
0.361 0.90252
0.362 0.904119
0.363 0.905714
0.364 0.907304
0.365 0.908891
0.366 0.910473
0.367 0.912052
0.368 0.913626
0.369 0.915197
0.37 0.916763
0.371 0.918325
0.372 0.919883
0.373 0.921437
0.374 0.922987
0.375 0.924532
0.376 0.926074
0.377 0.927612
0.378 0.929145
0.379 0.930674
0.38 0.932199
0.381 0.93372
0.382 0.935237
0.383 0.936749
0.384 0.938258
0.385 0.939762
0.386 0.941262
0.387 0.942758
0.388 0.94425
0.389 0.945737
0.39 0.94722
0.391 0.948699
0.392 0.950174
0.393 0.951645
0.394 0.953111
0.395 0.954573
0.396 0.956031
0.397 0.957484
0.398 0.958934
0.399 0.960379
0.4 0.96182
0.401 0.963256
0.402 0.964688
0.403 0.966116
0.404 0.96754
0.405 0.968959
0.406 0.970374
0.407 0.971785
0.408 0.973191
0.409 0.974593
0.41 0.975991
0.411 0.977384
0.412 0.978773
0.413 0.980157
0.414 0.981538
0.415 0.982913
0.416 0.984285
0.417 0.985652
0.418 0.987015
0.419 0.988373
0.42 0.989727
0.421 0.991076
0.422 0.992422
0.423 0.993762
0.424 0.995098
0.425 0.99643
0.426 0.997758
0.427 0.99908
0.428 1.0004
0.429 1.00171
0.43 1.00302
0.431 1.00433
0.432 1.00563
0.433 1.00692
0.434 1.00822
0.435 1.0095
0.436 1.01079
0.437 1.01206
0.438 1.01334
0.439 1.01461
0.44 1.01587
0.441 1.01713
0.442 1.01839
0.443 1.01964
0.444 1.02088
0.445 1.02213
0.446 1.02336
0.447 1.0246
0.448 1.02582
0.449 1.02705
0.45 1.02827
0.451 1.02948
0.452 1.03069
0.453 1.0319
0.454 1.0331
0.455 1.03429
0.456 1.03548
0.457 1.03667
0.458 1.03785
0.459 1.03903
0.46 1.0402
0.461 1.04137
0.462 1.04253
0.463 1.04369
0.464 1.04485
0.465 1.046
0.466 1.04714
0.467 1.04828
0.468 1.04942
0.469 1.05055
0.47 1.05167
0.471 1.0528
0.472 1.05391
0.473 1.05502
0.474 1.05613
0.475 1.05723
0.476 1.05833
0.477 1.05942
0.478 1.06051
0.479 1.0616
0.48 1.06267
0.481 1.06375
0.482 1.06482
0.483 1.06588
0.484 1.06694
0.485 1.068
0.486 1.06905
0.487 1.07009
0.488 1.07113
0.489 1.07217
0.49 1.0732
0.491 1.07422
0.492 1.07525
0.493 1.07626
0.494 1.07727
0.495 1.07828
0.496 1.07928
0.497 1.08028
0.498 1.08127
0.499 1.08226
0.5 1.08324
0.501 1.08422
0.502 1.08519
0.503 1.08616
0.504 1.08712
0.505 1.08808
0.506 1.08903
0.507 1.08998
0.508 1.09092
0.509 1.09186
0.51 1.0928
0.511 1.09372
0.512 1.09465
0.513 1.09557
0.514 1.09648
0.515 1.09739
0.516 1.09829
0.517 1.09919
0.518 1.10008
0.519 1.10097
0.52 1.10186
0.521 1.10274
0.522 1.10361
0.523 1.10448
0.524 1.10534
0.525 1.1062
0.526 1.10706
0.527 1.1079
0.528 1.10875
0.529 1.10959
0.53 1.11042
0.531 1.11125
0.532 1.11207
0.533 1.11289
0.534 1.11371
0.535 1.11451
0.536 1.11532
0.537 1.11612
0.538 1.11691
0.539 1.1177
0.54 1.11848
0.541 1.11926
0.542 1.12003
0.543 1.1208
0.544 1.12156
0.545 1.12232
0.546 1.12307
0.547 1.12382
0.548 1.12456
0.549 1.1253
0.55 1.12603
0.551 1.12676
0.552 1.12748
0.553 1.1282
0.554 1.12891
0.555 1.12962
0.556 1.13032
0.557 1.13101
0.558 1.1317
0.559 1.13239
0.56 1.13307
0.561 1.13375
0.562 1.13442
0.563 1.13508
0.564 1.13574
0.565 1.13639
0.566 1.13704
0.567 1.13769
0.568 1.13833
0.569 1.13896
0.57 1.13959
0.571 1.14021
0.572 1.14083
0.573 1.14144
0.574 1.14205
0.575 1.14265
0.576 1.14325
0.577 1.14384
0.578 1.14443
0.579 1.14501
0.58 1.14558
0.581 1.14616
0.582 1.14672
0.583 1.14728
0.584 1.14784
0.585 1.14838
0.586 1.14893
0.587 1.14947
0.588 1.15
0.589 1.15053
0.59 1.15105
0.591 1.15157
0.592 1.15208
0.593 1.15259
0.594 1.15309
0.595 1.15359
0.596 1.15408
0.597 1.15456
0.598 1.15504
0.599 1.15552
0.6 1.15599
0.601 1.15645
0.602 1.15691
0.603 1.15736
0.604 1.15781
0.605 1.15825
0.606 1.15869
0.607 1.15912
0.608 1.15955
0.609 1.15997
0.61 1.16038
0.611 1.16079
0.612 1.1612
0.613 1.1616
0.614 1.16199
0.615 1.16238
0.616 1.16276
0.617 1.16314
0.618 1.16351
0.619 1.16388
0.62 1.16424
0.621 1.16459
0.622 1.16495
0.623 1.16529
0.624 1.16563
0.625 1.16596
0.626 1.16629
0.627 1.16661
0.628 1.16693
0.629 1.16724
0.63 1.16755
0.631 1.16785
0.632 1.16814
0.633 1.16843
0.634 1.16872
0.635 1.169
0.636 1.16927
0.637 1.16954
0.638 1.1698
0.639 1.17006
0.64 1.17031
0.641 1.17055
0.642 1.17079
0.643 1.17103
0.644 1.17126
0.645 1.17148
0.646 1.1717
0.647 1.17191
0.648 1.17211
0.649 1.17232
0.65 1.17251
0.651 1.1727
0.652 1.17288
0.653 1.17306
0.654 1.17324
0.655 1.1734
0.656 1.17356
0.657 1.17372
0.658 1.17387
0.659 1.17402
0.66 1.17416
0.661 1.17429
0.662 1.17442
0.663 1.17454
0.664 1.17466
0.665 1.17477
0.666 1.17487
0.667 1.17497
0.668 1.17507
0.669 1.17515
0.67 1.17524
0.671 1.17531
0.672 1.17539
0.673 1.17545
0.674 1.17551
0.675 1.17557
0.676 1.17561
0.677 1.17566
0.678 1.17569
0.679 1.17573
0.68 1.17575
0.681 1.17577
0.682 1.17579
0.683 1.1758
0.684 1.1758
0.685 1.1758
0.686 1.17579
0.687 1.17577
0.688 1.17575
0.689 1.17573
0.69 1.1757
0.691 1.17566
0.692 1.17562
0.693 1.17557
0.694 1.17551
0.695 1.17545
0.696 1.17539
0.697 1.17532
0.698 1.17524
0.699 1.17516
0.7 1.17507
0.701 1.17497
0.702 1.17487
0.703 1.17477
0.704 1.17465
0.705 1.17454
0.706 1.17441
0.707 1.17428
0.708 1.17415
0.709 1.17401
0.71 1.17386
0.711 1.17371
0.712 1.17355
0.713 1.17338
0.714 1.17321
0.715 1.17304
0.716 1.17286
0.717 1.17267
0.718 1.17247
0.719 1.17228
0.72 1.17207
0.721 1.17186
0.722 1.17164
0.723 1.17142
0.724 1.17119
0.725 1.17096
0.726 1.17072
0.727 1.17047
0.728 1.17022
0.729 1.16996
0.73 1.1697
0.731 1.16943
0.732 1.16915
0.733 1.16887
0.734 1.16858
0.735 1.16829
0.736 1.16799
0.737 1.16768
0.738 1.16737
0.739 1.16706
0.74 1.16673
0.741 1.1664
0.742 1.16607
0.743 1.16573
0.744 1.16538
0.745 1.16503
0.746 1.16467
0.747 1.16431
0.748 1.16394
0.749 1.16356
0.75 1.16318
0.751 1.16279
0.752 1.1624
0.753 1.162
0.754 1.16159
0.755 1.16118
0.756 1.16076
0.757 1.16034
0.758 1.15991
0.759 1.15947
0.76 1.15903
0.761 1.15858
0.762 1.15813
0.763 1.15767
0.764 1.1572
0.765 1.15673
0.766 1.15625
0.767 1.15577
0.768 1.15528
0.769 1.15479
0.77 1.15428
0.771 1.15378
0.772 1.15326
0.773 1.15274
0.774 1.15222
0.775 1.15169
0.776 1.15115
0.777 1.1506
0.778 1.15005
0.779 1.1495
0.78 1.14894
0.781 1.14837
0.782 1.14779
0.783 1.14721
0.784 1.14663
0.785 1.14604
0.786 1.14544
0.787 1.14483
0.788 1.14422
0.789 1.14361
0.79 1.14299
0.791 1.14236
0.792 1.14172
0.793 1.14108
0.794 1.14044
0.795 1.13978
0.796 1.13912
0.797 1.13846
0.798 1.13779
0.799 1.13711
0.8 1.13643
0.801 1.13574
0.802 1.13504
0.803 1.13434
0.804 1.13363
0.805 1.13292
0.806 1.1322
0.807 1.13148
0.808 1.13074
0.809 1.13001
0.81 1.12926
0.811 1.12851
0.812 1.12776
0.813 1.12699
0.814 1.12622
0.815 1.12545
0.816 1.12467
0.817 1.12388
0.818 1.12309
0.819 1.12229
0.82 1.12148
0.821 1.12067
0.822 1.11985
0.823 1.11903
0.824 1.1182
0.825 1.11736
0.826 1.11652
0.827 1.11567
0.828 1.11482
0.829 1.11396
0.83 1.11309
0.831 1.11222
0.832 1.11134
0.833 1.11045
0.834 1.10956
0.835 1.10866
0.836 1.10776
0.837 1.10685
0.838 1.10593
0.839 1.10501
0.84 1.10408
0.841 1.10315
0.842 1.10221
0.843 1.10126
0.844 1.10031
0.845 1.09935
0.846 1.09838
0.847 1.09741
0.848 1.09643
0.849 1.09544
0.85 1.09445
0.851 1.09346
0.852 1.09245
0.853 1.09144
0.854 1.09043
0.855 1.08941
0.856 1.08838
0.857 1.08734
0.858 1.0863
0.859 1.08526
0.86 1.0842
0.861 1.08315
0.862 1.08208
0.863 1.08101
0.864 1.07993
0.865 1.07885
0.866 1.07776
0.867 1.07666
0.868 1.07556
0.869 1.07445
0.87 1.07333
0.871 1.07221
0.872 1.07108
0.873 1.06995
0.874 1.06881
0.875 1.06766
0.876 1.06651
0.877 1.06535
0.878 1.06418
0.879 1.06301
0.88 1.06183
0.881 1.06065
0.882 1.05946
0.883 1.05826
0.884 1.05706
0.885 1.05585
0.886 1.05463
0.887 1.05341
0.888 1.05218
0.889 1.05095
0.89 1.04971
0.891 1.04846
0.892 1.04721
0.893 1.04595
0.894 1.04468
0.895 1.04341
0.896 1.04213
0.897 1.04085
0.898 1.03956
0.899 1.03826
0.9 1.03695
0.901 1.03564
0.902 1.03433
0.903 1.033
0.904 1.03168
0.905 1.03034
0.906 1.029
0.907 1.02765
0.908 1.0263
0.909 1.02494
0.91 1.02357
0.911 1.0222
0.912 1.02082
0.913 1.01943
0.914 1.01804
0.915 1.01664
0.916 1.01523
0.917 1.01382
0.918 1.0124
0.919 1.01098
0.92 1.00955
0.921 1.00811
0.922 1.00667
0.923 1.00522
0.924 1.00377
0.925 1.0023
0.926 1.00084
0.927 0.999361
0.928 0.99788
0.929 0.996392
0.93 0.994898
0.931 0.993398
0.932 0.991892
0.933 0.990379
0.934 0.98886
0.935 0.987334
0.936 0.985802
0.937 0.984264
0.938 0.982719
0.939 0.981168
0.94 0.97961
0.941 0.978047
0.942 0.976477
0.943 0.9749
0.944 0.973317
0.945 0.971728
0.946 0.970132
0.947 0.96853
0.948 0.966922
0.949 0.965307
0.95 0.963686
0.951 0.962058
0.952 0.960424
0.953 0.958784
0.954 0.957137
0.955 0.955484
0.956 0.953824
0.957 0.952159
0.958 0.950486
0.959 0.948808
0.96 0.947122
0.961 0.945431
0.962 0.943733
0.963 0.942029
0.964 0.940318
0.965 0.938601
0.966 0.936878
0.967 0.935148
0.968 0.933412
0.969 0.931669
0.97 0.92992
0.971 0.928164
0.972 0.926402
0.973 0.924634
0.974 0.922859
0.975 0.921078
0.976 0.919291
0.977 0.917497
0.978 0.915696
0.979 0.91389
0.98 0.912077
0.981 0.910257
0.982 0.908431
0.983 0.906598
0.984 0.90476
0.985 0.902914
0.986 0.901063
0.987 0.899204
0.988 0.89734
0.989 0.895469
0.99 0.893592
0.991 0.891708
0.992 0.889818
0.993 0.887921
0.994 0.886018
0.995 0.884108
0.996 0.882192
0.997 0.88027
0.998 0.878341
0.999 0.876406
1 0.874464
