-1 -0.8997
-0.999 -0.906517
-0.998 -0.913189
-0.997 -0.919716
-0.996 -0.926101
-0.995 -0.932344
-0.994 -0.938448
-0.993 -0.944415
-0.992 -0.950245
-0.991 -0.955941
-0.99 -0.961504
-0.989 -0.966936
-0.988 -0.972239
-0.987 -0.977413
-0.986 -0.982461
-0.985 -0.987383
-0.984 -0.992183
-0.983 -0.99686
-0.982 -1.00142
-0.981 -1.00586
-0.98 -1.01018
-0.979 -1.01438
-0.978 -1.01847
-0.977 -1.02245
-0.976 -1.02632
-0.975 -1.03007
-0.974 -1.03372
-0.973 -1.03726
-0.972 -1.0407
-0.971 -1.04403
-0.97 -1.04725
-0.969 -1.05038
-0.968 -1.05341
-0.967 -1.05633
-0.966 -1.05916
-0.965 -1.06189
-0.964 -1.06453
-0.963 -1.06708
-0.962 -1.06953
-0.961 -1.07189
-0.96 -1.07416
-0.959 -1.07635
-0.958 -1.07844
-0.957 -1.08045
-0.956 -1.08238
-0.955 -1.08422
-0.954 -1.08598
-0.953 -1.08766
-0.952 -1.08926
-0.951 -1.09078
-0.95 -1.09222
-0.949 -1.09359
-0.948 -1.09488
-0.947 -1.0961
-0.946 -1.09724
-0.945 -1.09831
-0.944 -1.09932
-0.943 -1.10025
-0.942 -1.10112
-0.941 -1.10191
-0.94 -1.10264
-0.939 -1.10331
-0.938 -1.10391
-0.937 -1.10445
-0.936 -1.10493
-0.935 -1.10535
-0.934 -1.1057
-0.933 -1.106
-0.932 -1.10624
-0.931 -1.10643
-0.93 -1.10655
-0.929 -1.10663
-0.928 -1.10665
-0.927 -1.10661
-0.926 -1.10653
-0.925 -1.10639
-0.924 -1.1062
-0.923 -1.10597
-0.922 -1.10568
-0.921 -1.10535
-0.92 -1.10498
-0.919 -1.10455
-0.918 -1.10409
-0.917 -1.10358
-0.916 -1.10302
-0.915 -1.10243
-0.914 -1.10179
-0.913 -1.10111
-0.912 -1.1004
-0.911 -1.09964
-0.91 -1.09885
-0.909 -1.09802
-0.908 -1.09716
-0.907 -1.09626
-0.906 -1.09532
-0.905 -1.09436
-0.904 -1.09335
-0.903 -1.09232
-0.902 -1.09126
-0.901 -1.09016
-0.9 -1.08904
-0.899 -1.08788
-0.898 -1.0867
-0.897 -1.08549
-0.896 -1.08426
-0.895 -1.08299
-0.894 -1.08171
-0.893 -1.08039
-0.892 -1.07906
-0.891 -1.0777
-0.89 -1.07631
-0.889 -1.07491
-0.888 -1.07348
-0.887 -1.07204
-0.886 -1.07057
-0.885 -1.06908
-0.884 -1.06758
-0.883 -1.06606
-0.882 -1.06452
-0.881 -1.06296
-0.88 -1.06138
-0.879 -1.0598
-0.878 -1.05819
-0.877 -1.05657
-0.876 -1.05494
-0.875 -1.05329
-0.874 -1.05164
-0.873 -1.04996
-0.872 -1.04828
-0.871 -1.04659
-0.87 -1.04488
-0.869 -1.04317
-0.868 -1.04145
-0.867 -1.03971
-0.866 -1.03797
-0.865 -1.03623
-0.864 -1.03447
-0.863 -1.03271
-0.862 -1.03094
-0.861 -1.02916
-0.86 -1.02738
-0.859 -1.0256
-0.858 -1.02381
-0.857 -1.02201
-0.856 -1.02022
-0.855 -1.01842
-0.854 -1.01661
-0.853 -1.01481
-0.852 -1.013
-0.851 -1.01119
-0.85 -1.00938
-0.849 -1.00758
-0.848 -1.00577
-0.847 -1.00396
-0.846 -1.00215
-0.845 -1.00034
-0.844 -0.998537
-0.843 -0.996734
-0.842 -0.994933
-0.841 -0.993135
-0.84 -0.99134
-0.839 -0.989548
-0.838 -0.98776
-0.837 -0.985977
-0.836 -0.984198
-0.835 -0.982424
-0.834 -0.980655
-0.833 -0.978892
-0.832 -0.977135
-0.831 -0.975384
-0.83 -0.97364
-0.829 -0.971902
-0.828 -0.970172
-0.827 -0.968449
-0.826 -0.966734
-0.825 -0.965028
-0.824 -0.963329
-0.823 -0.96164
-0.822 -0.959959
-0.821 -0.958288
-0.82 -0.956626
-0.819 -0.954974
-0.818 -0.953333
-0.817 -0.951701
-0.816 -0.95008
-0.815 -0.94847
-0.814 -0.946872
-0.813 -0.945284
-0.812 -0.943708
-0.811 -0.942144
-0.81 -0.940593
-0.809 -0.939053
-0.808 -0.937526
-0.807 -0.936012
-0.806 -0.93451
-0.805 -0.933022
-0.804 -0.931548
-0.803 -0.930086
-0.802 -0.928639
-0.801 -0.927206
-0.8 -0.925787
-0.799 -0.924382
-0.798 -0.922992
-0.797 -0.921616
-0.796 -0.920255
-0.795 -0.91891
-0.794 -0.91758
-0.793 -0.916265
-0.792 -0.914966
-0.791 -0.913682
-0.79 -0.912414
-0.789 -0.911163
-0.788 -0.909927
-0.787 -0.908708
-0.786 -0.907506
-0.785 -0.90632
-0.784 -0.90515
-0.783 -0.903998
-0.782 -0.902862
-0.781 -0.901744
-0.78 -0.900643
-0.779 -0.899559
-0.778 -0.898493
-0.777 -0.897444
-0.776 -0.896413
-0.775 -0.8954
-0.774 -0.894404
-0.773 -0.893427
-0.772 -0.892467
-0.771 -0.891526
-0.77 -0.890603
-0.769 -0.889698
-0.768 -0.888812
-0.767 -0.887944
-0.766 -0.887095
-0.765 -0.886264
-0.764 -0.885452
-0.763 -0.884659
-0.762 -0.883884
-0.761 -0.883129
-0.76 -0.882392
-0.759 -0.881674
-0.758 -0.880975
-0.757 -0.880296
-0.756 -0.879635
-0.755 -0.878994
-0.754 -0.878372
-0.753 -0.877769
-0.752 -0.877185
-0.751 -0.876621
-0.75 -0.876076
-0.749 -0.87555
-0.748 -0.875044
-0.747 -0.874557
-0.746 -0.874089
-0.745 -0.873641
-0.744 -0.873213
-0.743 -0.872804
-0.742 -0.872414
-0.741 -0.872044
-0.74 -0.871693
-0.739 -0.871362
-0.738 -0.87105
-0.737 -0.870757
-0.736 -0.870484
-0.735 -0.870231
-0.734 -0.869997
-0.733 -0.869782
-0.732 -0.869587
-0.731 -0.869411
-0.73 -0.869255
-0.729 -0.869118
-0.728 -0.869
-0.727 -0.868901
-0.726 -0.868822
-0.725 -0.868762
-0.724 -0.868721
-0.723 -0.8687
-0.722 -0.868697
-0.721 -0.868714
-0.72 -0.86875
-0.719 -0.868804
-0.718 -0.868878
-0.717 -0.868971
-0.716 -0.869082
-0.715 -0.869212
-0.714 -0.869361
-0.713 -0.869529
-0.712 -0.869715
-0.711 -0.86992
-0.71 -0.870144
-0.709 -0.870386
-0.708 -0.870647
-0.707 -0.870925
-0.706 -0.871222
-0.705 -0.871538
-0.704 -0.871871
-0.703 -0.872223
-0.702 -0.872592
-0.701 -0.87298
-0.7 -0.873385
-0.699 -0.873808
-0.698 -0.874249
-0.697 -0.874707
-0.696 -0.875183
-0.695 -0.875677
-0.694 -0.876188
-0.693 -0.876716
-0.692 -0.877261
-0.691 -0.877823
-0.69 -0.878403
-0.689 -0.878999
-0.688 -0.879612
-0.687 -0.880242
-0.686 -0.880888
-0.685 -0.881551
-0.684 -0.88223
-0.683 -0.882926
-0.682 -0.883638
-0.681 -0.884366
-0.68 -0.88511
-0.679 -0.88587
-0.678 -0.886646
-0.677 -0.887437
-0.676 -0.888245
-0.675 -0.889067
-0.674 -0.889905
-0.673 -0.890758
-0.672 -0.891627
-0.671 -0.89251
-0.67 -0.893408
-0.669 -0.894321
-0.668 -0.895249
-0.667 -0.896191
-0.666 -0.897148
-0.665 -0.898119
-0.664 -0.899104
-0.663 -0.900104
-0.662 -0.901117
-0.661 -0.902144
-0.66 -0.903185
-0.659 -0.904239
-0.658 -0.905307
-0.657 -0.906388
-0.656 -0.907482
-0.655 -0.90859
-0.654 -0.90971
-0.653 -0.910843
-0.652 -0.911989
-0.651 -0.913147
-0.65 -0.914318
-0.649 -0.9155
-0.648 -0.916695
-0.647 -0.917902
-0.646 -0.919121
-0.645 -0.920352
-0.644 -0.921594
-0.643 -0.922848
-0.642 -0.924112
-0.641 -0.925388
-0.64 -0.926675
-0.639 -0.927973
-0.638 -0.929282
-0.637 -0.930601
-0.636 -0.931931
-0.635 -0.93327
-0.634 -0.93462
-0.633 -0.935981
-0.632 -0.93735
-0.631 -0.93873
-0.63 -0.940119
-0.629 -0.941518
-0.628 -0.942926
-0.627 -0.944343
-0.626 -0.945769
-0.625 -0.947203
-0.624 -0.948647
-0.623 -0.950099
-0.622 -0.951559
-0.621 -0.953028
-0.62 -0.954505
-0.619 -0.955989
-0.618 -0.957482
-0.617 -0.958981
-0.616 -0.960489
-0.615 -0.962004
-0.614 -0.963526
-0.613 -0.965054
-0.612 -0.96659
-0.611 -0.968133
-0.61 -0.969682
-0.609 -0.971237
-0.608 -0.972799
-0.607 -0.974366
-0.606 -0.97594
-0.605 -0.977519
-0.604 -0.979104
-0.603 -0.980695
-0.602 -0.982291
-0.601 -0.983892
-0.6 -0.985497
-0.599 -0.987108
-0.598 -0.988724
-0.597 -0.990344
-0.596 -0.991968
-0.595 -0.993596
-0.594 -0.995229
-0.593 -0.996865
-0.592 -0.998505
-0.591 -1.00015
-0.59 -1.0018
-0.589 -1.00345
-0.588 -1.0051
-0.587 -1.00676
-0.586 -1.00842
-0.585 -1.01008
-0.584 -1.01174
-0.583 -1.01341
-0.582 -1.01508
-0.581 -1.01675
-0.58 -1.01842
-0.579 -1.0201
-0.578 -1.02177
-0.577 -1.02345
-0.576 -1.02513
-0.575 -1.02681
-0.574 -1.02849
-0.573 -1.03017
-0.572 -1.03185
-0.571 -1.03353
-0.57 -1.03522
-0.569 -1.0369
-0.568 -1.03858
-0.567 -1.04026
-0.566 -1.04195
-0.565 -1.04363
-0.564 -1.04531
-0.563 -1.04699
-0.562 -1.04867
-0.561 -1.05035
-0.56 -1.05202
-0.559 -1.0537
-0.558 -1.05537
-0.557 -1.05704
-0.556 -1.05871
-0.555 -1.06038
-0.554 -1.06205
-0.553 -1.06371
-0.552 -1.06537
-0.551 -1.06703
-0.55 -1.06869
-0.549 -1.07034
-0.548 -1.07199
-0.547 -1.07363
-0.546 -1.07528
-0.545 -1.07692
-0.544 -1.07855
-0.543 -1.08018
-0.542 -1.08181
-0.541 -1.08343
-0.54 -1.08505
-0.539 -1.08667
-0.538 -1.08828
-0.537 -1.08988
-0.536 -1.09149
-0.535 -1.09308
-0.534 -1.09467
-0.533 -1.09626
-0.532 -1.09784
-0.531 -1.09941
-0.53 -1.10098
-0.529 -1.10254
-0.528 -1.1041
-0.527 -1.10565
-0.526 -1.10719
-0.525 -1.10873
-0.524 -1.11026
-0.523 -1.11178
-0.522 -1.1133
-0.521 -1.11481
-0.52 -1.11631
-0.519 -1.1178
-0.518 -1.11929
-0.517 -1.12077
-0.516 -1.12225
-0.515 -1.12371
-0.514 -1.12517
-0.513 -1.12661
-0.512 -1.12805
-0.511 -1.12949
-0.51 -1.13091
-0.509 -1.13232
-0.508 -1.13373
-0.507 -1.13513
-0.506 -1.13651
-0.505 -1.13789
-0.504 -1.13926
-0.503 -1.14062
-0.502 -1.14197
-0.501 -1.14331
-0.5 -1.14464
-0.499 -1.14596
-0.498 -1.14727
-0.497 -1.14857
-0.496 -1.14986
-0.495 -1.15114
-0.494 -1.15241
-0.493 -1.15366
-0.492 -1.15491
-0.491 -1.15614
-0.49 -1.15737
-0.489 -1.15858
-0.488 -1.15978
-0.487 -1.16097
-0.486 -1.16215
-0.485 -1.16332
-0.484 -1.16447
-0.483 -1.16562
-0.482 -1.16675
-0.481 -1.16787
-0.48 -1.16897
-0.479 -1.17007
-0.478 -1.17115
-0.477 -1.17222
-0.476 -1.17327
-0.475 -1.17432
-0.474 -1.17535
-0.473 -1.17636
-0.472 -1.17737
-0.471 -1.17836
-0.47 -1.17933
-0.469 -1.1803
-0.468 -1.18125
-0.467 -1.18218
-0.466 -1.1831
-0.465 -1.18401
-0.464 -1.18491
-0.463 -1.18578
-0.462 -1.18665
-0.461 -1.1875
-0.46 -1.18834
-0.459 -1.18916
-0.458 -1.18997
-0.457 -1.19076
-0.456 -1.19154
-0.455 -1.1923
-0.454 -1.19304
-0.453 -1.19378
-0.452 -1.19449
-0.451 -1.19519
-0.45 -1.19588
-0.449 -1.19655
-0.448 -1.1972
-0.447 -1.19784
-0.446 -1.19847
-0.445 -1.19907
-0.444 -1.19966
-0.443 -1.20024
-0.442 -1.2008
-0.441 -1.20134
-0.44 -1.20186
-0.439 -1.20237
-0.438 -1.20287
-0.437 -1.20334
-0.436 -1.2038
-0.435 -1.20424
-0.434 -1.20467
-0.433 -1.20508
-0.432 -1.20547
-0.431 -1.20584
-0.43 -1.2062
-0.429 -1.20654
-0.428 -1.20686
-0.427 -1.20717
-0.426 -1.20745
-0.425 -1.20772
-0.424 -1.20797
-0.423 -1.20821
-0.422 -1.20842
-0.421 -1.20862
-0.42 -1.2088
-0.419 -1.20897
-0.418 -1.20911
-0.417 -1.20924
-0.416 -1.20934
-0.415 -1.20943
-0.414 -1.2095
-0.413 -1.20956
-0.412 -1.20959
-0.411 -1.20961
-0.41 -1.2096
-0.409 -1.20958
-0.408 -1.20954
-0.407 -1.20948
-0.406 -1.2094
-0.405 -1.20931
-0.404 -1.20919
-0.403 -1.20905
-0.402 -1.2089
-0.401 -1.20873
-0.4 -1.20853
-0.399 -1.20832
-0.398 -1.20809
-0.397 -1.20784
-0.396 -1.20757
-0.395 -1.20728
-0.394 -1.20697
-0.393 -1.20664
-0.392 -1.20629
-0.391 -1.20592
-0.39 -1.20553
-0.389 -1.20512
-0.388 -1.2047
-0.387 -1.20425
-0.386 -1.20378
-0.385 -1.20329
-0.384 -1.20279
-0.383 -1.20226
-0.382 -1.20171
-0.381 -1.20114
-0.38 -1.20055
-0.379 -1.19995
-0.378 -1.19932
-0.377 -1.19867
-0.376 -1.198
-0.375 -1.19731
-0.374 -1.1966
-0.373 -1.19587
-0.372 -1.19512
-0.371 -1.19435
-0.37 -1.19356
-0.369 -1.19275
-0.368 -1.19191
-0.367 -1.19106
-0.366 -1.19019
-0.365 -1.18929
-0.364 -1.18838
-0.363 -1.18744
-0.362 -1.18648
-0.361 -1.18551
-0.36 -1.18451
-0.359 -1.18349
-0.358 -1.18245
-0.357 -1.18139
-0.356 -1.18031
-0.355 -1.1792
-0.354 -1.17808
-0.353 -1.17694
-0.352 -1.17577
-0.351 -1.17459
-0.35 -1.17338
-0.349 -1.17215
-0.348 -1.1709
-0.347 -1.16963
-0.346 -1.16834
-0.345 -1.16703
-0.344 -1.1657
-0.343 -1.16435
-0.342 -1.16297
-0.341 -1.16157
-0.34 -1.16016
-0.339 -1.15872
-0.338 -1.15726
-0.337 -1.15578
-0.336 -1.15428
-0.335 -1.15276
-0.334 -1.15122
-0.333 -1.14965
-0.332 -1.14807
-0.331 -1.14646
-0.33 -1.14483
-0.329 -1.14319
-0.328 -1.14152
-0.327 -1.13983
-0.326 -1.13811
-0.325 -1.13638
-0.324 -1.13463
-0.323 -1.13285
-0.322 -1.13106
-0.321 -1.12924
-0.32 -1.1274
-0.319 -1.12555
-0.318 -1.12367
-0.317 -1.12177
-0.316 -1.11985
-0.315 -1.1179
-0.314 -1.11594
-0.313 -1.11396
-0.312 -1.11195
-0.311 -1.10993
-0.31 -1.10788
-0.309 -1.10581
-0.308 -1.10372
-0.307 -1.10162
-0.306 -1.09949
-0.305 -1.09734
-0.304 -1.09516
-0.303 -1.09297
-0.302 -1.09076
-0.301 -1.08853
-0.3 -1.08627
-0.299 -1.084
-0.298 -1.0817
-0.297 -1.07939
-0.296 -1.07705
-0.295 -1.07469
-0.294 -1.07232
-0.293 -1.06992
-0.292 -1.0675
-0.291 -1.06506
-0.29 -1.06261
-0.289 -1.06013
-0.288 -1.05763
-0.287 -1.05511
-0.286 -1.05257
-0.285 -1.05001
-0.284 -1.04743
-0.283 -1.04483
-0.282 -1.04221
-0.281 -1.03957
-0.28 -1.03691
-0.279 -1.03423
-0.278 -1.03153
-0.277 -1.02881
-0.276 -1.02607
-0.275 -1.02331
-0.274 -1.02053
-0.273 -1.01773
-0.272 -1.01491
-0.271 -1.01207
-0.27 -1.00921
-0.269 -1.00634
-0.268 -1.00344
-0.267 -1.00052
-0.266 -0.997587
-0.265 -0.994632
-0.264 -0.991658
-0.263 -0.988664
-0.262 -0.985651
-0.261 -0.982619
-0.26 -0.979568
-0.259 -0.976498
-0.258 -0.973409
-0.257 -0.970301
-0.256 -0.967175
-0.255 -0.964029
-0.254 -0.960865
-0.253 -0.957682
-0.252 -0.95448
-0.251 -0.95126
-0.25 -0.948021
-0.249 -0.944763
-0.248 -0.941488
-0.247 -0.938194
-0.246 -0.934881
-0.245 -0.931551
-0.244 -0.928202
-0.243 -0.924835
-0.242 -0.92145
-0.241 -0.918047
-0.24 -0.914626
-0.239 -0.911187
-0.238 -0.907731
-0.237 -0.904256
-0.236 -0.900765
-0.235 -0.897255
-0.234 -0.893728
-0.233 -0.890183
-0.232 -0.886621
-0.231 -0.883042
-0.23 -0.879446
-0.229 -0.875832
-0.228 -0.872201
-0.227 -0.868553
-0.226 -0.864888
-0.225 -0.861207
-0.224 -0.857508
-0.223 -0.853793
-0.222 -0.850061
-0.221 -0.846312
-0.22 -0.842547
-0.219 -0.838765
-0.218 -0.834967
-0.217 -0.831153
-0.216 -0.827322
-0.215 -0.823475
-0.214 -0.819613
-0.213 -0.815734
-0.212 -0.811839
-0.211 -0.807928
-0.21 -0.804002
-0.209 -0.80006
-0.208 -0.796102
-0.207 -0.792129
-0.206 -0.78814
-0.205 -0.784136
-0.204 -0.780117
-0.203 -0.776082
-0.202 -0.772032
-0.201 -0.767968
-0.2 -0.763888
-0.199 -0.759793
-0.198 -0.755684
-0.197 -0.75156
-0.196 -0.747421
-0.195 -0.743268
-0.194 -0.7391
-0.193 -0.734918
-0.192 -0.730722
-0.191 -0.726512
-0.19 -0.722287
-0.189 -0.718048
-0.188 -0.713796
-0.187 -0.70953
-0.186 -0.70525
-0.185 -0.700956
-0.184 -0.696649
-0.183 -0.692328
-0.182 -0.687994
-0.181 -0.683646
-0.18 -0.679285
-0.179 -0.674912
-0.178 -0.670525
-0.177 -0.666125
-0.176 -0.661713
-0.175 -0.657287
-0.174 -0.65285
-0.173 -0.648399
-0.172 -0.643936
-0.171 -0.639461
-0.17 -0.634973
-0.169 -0.630474
-0.168 -0.625962
-0.167 -0.621438
-0.166 -0.616902
-0.165 -0.612355
-0.164 -0.607796
-0.163 -0.603225
-0.162 -0.598643
-0.161 -0.594049
-0.16 -0.589444
-0.159 -0.584828
-0.158 -0.580201
-0.157 -0.575563
-0.156 -0.570914
-0.155 -0.566254
-0.154 -0.561583
-0.153 -0.556902
-0.152 -0.55221
-0.151 -0.547508
-0.15 -0.542796
-0.149 -0.538073
-0.148 -0.533341
-0.147 -0.528598
-0.146 -0.523845
-0.145 -0.519083
-0.144 -0.514311
-0.143 -0.509529
-0.142 -0.504738
-0.141 -0.499937
-0.14 -0.495128
-0.139 -0.490309
-0.138 -0.485481
-0.137 -0.480643
-0.136 -0.475798
-0.135 -0.470943
-0.134 -0.46608
-0.133 -0.461208
-0.132 -0.456327
-0.131 -0.451439
-0.13 -0.446542
-0.129 -0.441637
-0.128 -0.436724
-0.127 -0.431803
-0.126 -0.426874
-0.125 -0.421938
-0.124 -0.416994
-0.123 -0.412042
-0.122 -0.407083
-0.121 -0.402117
-0.12 -0.397144
-0.119 -0.392163
-0.118 -0.387176
-0.117 -0.382182
-0.116 -0.377181
-0.115 -0.372173
-0.114 -0.367159
-0.113 -0.362139
-0.112 -0.357112
-0.111 -0.352079
-0.11 -0.34704
-0.109 -0.341994
-0.108 -0.336943
-0.107 -0.331887
-0.106 -0.326824
-0.105 -0.321756
-0.104 -0.316683
-0.103 -0.311604
-0.102 -0.30652
-0.101 -0.301431
-0.1 -0.296337
-0.099 -0.291238
-0.098 -0.286134
-0.097 -0.281026
-0.096 -0.275913
-0.095 -0.270795
-0.094 -0.265674
-0.093 -0.260548
-0.092 -0.255418
-0.091 -0.250283
-0.09 -0.245145
-0.089 -0.240003
-0.088 -0.234858
-0.087 -0.229709
-0.086 -0.224556
-0.085 -0.2194
-0.084 -0.214241
-0.083 -0.209079
-0.082 -0.203914
-0.081 -0.198745
-0.08 -0.193574
-0.079 -0.188401
-0.078 -0.183224
-0.077 -0.178045
-0.076 -0.172864
-0.075 -0.167681
-0.074 -0.162495
-0.073 -0.157308
-0.072 -0.152118
-0.071 -0.146927
-0.07 -0.141734
-0.069 -0.136539
-0.068 -0.131343
-0.067 -0.126146
-0.066 -0.120947
-0.065 -0.115747
-0.064 -0.110546
-0.063 -0.105345
-0.062 -0.100142
-0.061 -0.0949385
-0.06 -0.0897346
-0.059 -0.0845301
-0.058 -0.0793253
-0.057 -0.0741202
-0.056 -0.0689149
-0.055 -0.0637096
-0.054 -0.0585043
-0.053 -0.0532992
-0.052 -0.0480944
-0.051 -0.0428899
-0.05 -0.037686
-0.049 -0.0324826
-0.048 -0.02728
-0.047 -0.0220782
-0.046 -0.0168773
-0.045 -0.0116774
-0.044 -0.00647873
-0.043 -0.00128128
-0.042 0.00391482
-0.041 0.00910945
-0.04 0.0143025
-0.039 0.0194939
-0.038 0.0246834
-0.037 0.0298711
-0.036 0.0350568
-0.035 0.0402404
-0.034 0.0454217
-0.033 0.0506007
-0.032 0.0557773
-0.031 0.0609513
-0.03 0.0661227
-0.029 0.0712913
-0.028 0.0764571
-0.027 0.0816199
-0.026 0.0867796
-0.025 0.0919362
-0.024 0.0970894
-0.023 0.102239
-0.022 0.107386
-0.021 0.112528
-0.02 0.117668
-0.019 0.122803
-0.018 0.127934
-0.017 0.133062
-0.016 0.138185
-0.015 0.143304
-0.014 0.148419
-0.013 0.153529
-0.012 0.158634
-0.011 0.163736
-0.01 0.168832
-0.009 0.173923
-0.008 0.17901
-0.007 0.184091
-0.006 0.189168
-0.005 0.194239
-0.004 0.199305
-0.003 0.204365
-0.002 0.20942
-0.001 0.214469
0 0.219512
0.001 0.22455
0.002 0.229581
0.003 0.234607
0.004 0.239626
0.005 0.244639
0.006 0.249646
0.007 0.254646
0.008 0.25964
0.009 0.264627
0.01 0.269607
0.011 0.274581
0.012 0.279547
0.013 0.284507
0.014 0.289459
0.015 0.294405
0.016 0.299342
0.017 0.304273
0.018 0.309196
0.019 0.314111
0.02 0.319019
0.021 0.323919
0.022 0.32881
0.023 0.333694
0.024 0.33857
0.025 0.343438
0.026 0.348297
0.027 0.353148
0.028 0.357991
0.029 0.362825
0.03 0.36765
0.031 0.372467
0.032 0.377275
0.033 0.382074
0.034 0.386864
0.035 0.391645
0.036 0.396417
0.037 0.401179
0.038 0.405932
0.039 0.410676
0.04 0.41541
0.041 0.420134
0.042 0.424849
0.043 0.429554
0.044 0.434249
0.045 0.438934
0.046 0.443609
0.047 0.448274
0.048 0.452929
0.049 0.457573
0.05 0.462208
0.051 0.466831
0.052 0.471444
0.053 0.476046
0.054 0.480638
0.055 0.485219
0.056 0.489789
0.057 0.494348
0.058 0.498895
0.059 0.503432
0.06 0.507958
0.061 0.512472
0.062 0.516975
0.063 0.521466
0.064 0.525946
0.065 0.530414
0.066 0.534871
0.067 0.539315
0.068 0.543748
0.069 0.548169
0.07 0.552578
0.071 0.556975
0.072 0.56136
0.073 0.565732
0.074 0.570092
0.075 0.57444
0.076 0.578776
0.077 0.583098
0.078 0.587409
0.079 0.591706
0.08 0.595991
0.081 0.600263
0.082 0.604522
0.083 0.608768
0.084 0.613001
0.085 0.617222
0.086 0.621428
0.087 0.625622
0.088 0.629802
0.089 0.633969
0.09 0.638123
0.091 0.642263
0.092 0.646389
0.093 0.650502
0.094 0.654601
0.095 0.658686
0.096 0.662758
0.097 0.666815
0.098 0.670859
0.099 0.674889
0.1 0.678904
0.101 0.682905
0.102 0.686893
0.103 0.690865
0.104 0.694824
0.105 0.698768
0.106 0.702698
0.107 0.706613
0.108 0.710513
0.109 0.714399
0.11 0.71827
0.111 0.722127
0.112 0.725969
0.113 0.729795
0.114 0.733607
0.115 0.737404
0.116 0.741186
0.117 0.744953
0.118 0.748704
0.119 0.752441
0.12 0.756162
0.121 0.759868
0.122 0.763558
0.123 0.767233
0.124 0.770893
0.125 0.774537
0.126 0.778166
0.127 0.781779
0.128 0.785376
0.129 0.788958
0.13 0.792524
0.131 0.796074
0.132 0.799608
0.133 0.803126
0.134 0.806629
0.135 0.810115
0.136 0.813586
0.137 0.81704
0.138 0.820478
0.139 0.8239
0.14 0.827306
0.141 0.830696
0.142 0.834069
0.143 0.837426
0.144 0.840767
0.145 0.844091
0.146 0.847399
0.147 0.85069
0.148 0.853965
0.149 0.857223
0.15 0.860464
0.151 0.863689
0.152 0.866898
0.153 0.870089
0.154 0.873264
0.155 0.876422
0.156 0.879563
0.157 0.882688
0.158 0.885795
0.159 0.888886
0.16 0.89196
0.161 0.895016
0.162 0.898056
0.163 0.901079
0.164 0.904084
0.165 0.907073
0.166 0.910044
0.167 0.912998
0.168 0.915936
0.169 0.918855
0.17 0.921758
0.171 0.924643
0.172 0.927511
0.173 0.930362
0.174 0.933196
0.175 0.936012
0.176 0.938811
0.177 0.941592
0.178 0.944356
0.179 0.947102
0.18 0.949831
0.181 0.952543
0.182 0.955237
0.183 0.957913
0.184 0.960572
0.185 0.963214
0.186 0.965837
0.187 0.968444
0.188 0.971032
0.189 0.973603
0.19 0.976156
0.191 0.978692
0.192 0.98121
0.193 0.983711
0.194 0.986193
0.195 0.988658
0.196 0.991105
0.197 0.993535
0.198 0.995947
0.199 0.998341
0.2 1.00072
0.201 1.00308
0.202 1.00542
0.203 1.00774
0.204 1.01004
0.205 1.01233
0.206 1.0146
0.207 1.01685
0.208 1.01909
0.209 1.0213
0.21 1.0235
0.211 1.02568
0.212 1.02784
0.213 1.02999
0.214 1.03212
0.215 1.03422
0.216 1.03632
0.217 1.03839
0.218 1.04044
0.219 1.04248
0.22 1.0445
0.221 1.0465
0.222 1.04849
0.223 1.05045
0.224 1.0524
0.225 1.05433
0.226 1.05625
0.227 1.05814
0.228 1.06002
0.229 1.06188
0.23 1.06372
0.231 1.06555
0.232 1.06735
0.233 1.06914
0.234 1.07091
0.235 1.07266
0.236 1.0744
0.237 1.07612
0.238 1.07782
0.239 1.0795
0.24 1.08116
0.241 1.08281
0.242 1.08444
0.243 1.08605
0.244 1.08764
0.245 1.08922
0.246 1.09078
0.247 1.09232
0.248 1.09384
0.249 1.09535
0.25 1.09684
0.251 1.09831
0.252 1.09976
0.253 1.1012
0.254 1.10262
0.255 1.10402
0.256 1.1054
0.257 1.10677
0.258 1.10812
0.259 1.10945
0.26 1.11077
0.261 1.11206
0.262 1.11334
0.263 1.11461
0.264 1.11585
0.265 1.11708
0.266 1.11829
0.267 1.11948
0.268 1.12066
0.269 1.12182
0.27 1.12296
0.271 1.12409
0.272 1.1252
0.273 1.12629
0.274 1.12737
0.275 1.12842
0.276 1.12947
0.277 1.13049
0.278 1.1315
0.279 1.13249
0.28 1.13346
0.281 1.13442
0.282 1.13536
0.283 1.13629
0.284 1.13719
0.285 1.13809
0.286 1.13896
0.287 1.13982
0.288 1.14066
0.289 1.14149
0.29 1.14229
0.291 1.14309
0.292 1.14386
0.293 1.14462
0.294 1.14537
0.295 1.1461
0.296 1.14681
0.297 1.1475
0.298 1.14818
0.299 1.14885
0.3 1.1495
0.301 1.15013
0.302 1.15074
0.303 1.15135
0.304 1.15193
0.305 1.1525
0.306 1.15305
0.307 1.15359
0.308 1.15411
0.309 1.15462
0.31 1.15511
0.311 1.15559
0.312 1.15605
0.313 1.15649
0.314 1.15692
0.315 1.15734
0.316 1.15774
0.317 1.15812
0.318 1.15849
0.319 1.15885
0.32 1.15919
0.321 1.15951
0.322 1.15982
0.323 1.16012
0.324 1.1604
0.325 1.16066
0.326 1.16091
0.327 1.16115
0.328 1.16137
0.329 1.16158
0.33 1.16177
0.331 1.16195
0.332 1.16212
0.333 1.16227
0.334 1.16241
0.335 1.16253
0.336 1.16264
0.337 1.16273
0.338 1.16281
0.339 1.16288
0.34 1.16293
0.341 1.16297
0.342 1.163
0.343 1.16301
0.344 1.16301
0.345 1.16299
0.346 1.16297
0.347 1.16292
0.348 1.16287
0.349 1.1628
0.35 1.16272
0.351 1.16263
0.352 1.16252
0.353 1.1624
0.354 1.16227
0.355 1.16212
0.356 1.16196
0.357 1.16179
0.358 1.16161
0.359 1.16141
0.36 1.16121
0.361 1.16099
0.362 1.16075
0.363 1.16051
0.364 1.16025
0.365 1.15998
0.366 1.1597
0.367 1.15941
0.368 1.1591
0.369 1.15879
0.37 1.15846
0.371 1.15812
0.372 1.15776
0.373 1.1574
0.374 1.15703
0.375 1.15664
0.376 1.15624
0.377 1.15584
0.378 1.15542
0.379 1.15499
0.38 1.15454
0.381 1.15409
0.382 1.15363
0.383 1.15316
0.384 1.15267
0.385 1.15218
0.386 1.15167
0.387 1.15116
0.388 1.15063
0.389 1.15009
0.39 1.14955
0.391 1.14899
0.392 1.14842
0.393 1.14785
0.394 1.14726
0.395 1.14666
0.396 1.14606
0.397 1.14544
0.398 1.14482
0.399 1.14418
0.4 1.14354
0.401 1.14289
0.402 1.14223
0.403 1.14156
0.404 1.14087
0.405 1.14019
0.406 1.13949
0.407 1.13878
0.408 1.13807
0.409 1.13734
0.41 1.13661
0.411 1.13587
0.412 1.13512
0.413 1.13436
0.414 1.1336
0.415 1.13282
0.416 1.13204
0.417 1.13125
0.418 1.13046
0.419 1.12965
0.42 1.12884
0.421 1.12802
0.422 1.12719
0.423 1.12636
0.424 1.12551
0.425 1.12466
0.426 1.12381
0.427 1.12294
0.428 1.12207
0.429 1.1212
0.43 1.12031
0.431 1.11942
0.432 1.11852
0.433 1.11762
0.434 1.11671
0.435 1.11579
0.436 1.11487
0.437 1.11394
0.438 1.11301
0.439 1.11207
0.44 1.11112
0.441 1.11017
0.442 1.10921
0.443 1.10825
0.444 1.10728
0.445 1.1063
0.446 1.10532
0.447 1.10434
0.448 1.10335
0.449 1.10235
0.45 1.10135
0.451 1.10035
0.452 1.09934
0.453 1.09832
0.454 1.0973
0.455 1.09628
0.456 1.09525
0.457 1.09422
0.458 1.09318
0.459 1.09214
0.46 1.0911
0.461 1.09005
0.462 1.089
0.463 1.08794
0.464 1.08688
0.465 1.08582
0.466 1.08475
0.467 1.08368
0.468 1.08261
0.469 1.08153
0.47 1.08045
0.471 1.07937
0.472 1.07829
0.473 1.0772
0.474 1.07611
0.475 1.07501
0.476 1.07392
0.477 1.07282
0.478 1.07172
0.479 1.07061
0.48 1.06951
0.481 1.0684
0.482 1.06729
0.483 1.06618
0.484 1.06506
0.485 1.06395
0.486 1.06283
0.487 1.06171
0.488 1.06059
0.489 1.05947
0.49 1.05835
0.491 1.05723
0.492 1.0561
0.493 1.05498
0.494 1.05385
0.495 1.05272
0.496 1.0516
0.497 1.05047
0.498 1.04934
0.499 1.04821
0.5 1.04708
0.501 1.04595
0.502 1.04482
0.503 1.04369
0.504 1.04256
0.505 1.04143
0.506 1.0403
0.507 1.03917
0.508 1.03804
0.509 1.03691
0.51 1.03578
0.511 1.03465
0.512 1.03353
0.513 1.0324
0.514 1.03127
0.515 1.03015
0.516 1.02903
0.517 1.02791
0.518 1.02678
0.519 1.02567
0.52 1.02455
0.521 1.02343
0.522 1.02232
0.523 1.0212
0.524 1.02009
0.525 1.01898
0.526 1.01788
0.527 1.01677
0.528 1.01567
0.529 1.01457
0.53 1.01347
0.531 1.01237
0.532 1.01128
0.533 1.01019
0.534 1.0091
0.535 1.00801
0.536 1.00693
0.537 1.00585
0.538 1.00477
0.539 1.0037
0.54 1.00263
0.541 1.00156
0.542 1.0005
0.543 0.999436
0.544 0.998378
0.545 0.997324
0.546 0.996274
0.547 0.995228
0.548 0.994185
0.549 0.993147
0.55 0.992112
0.551 0.991082
0.552 0.990055
0.553 0.989033
0.554 0.988015
0.555 0.987001
0.556 0.985992
0.557 0.984987
0.558 0.983987
0.559 0.982992
0.56 0.982002
0.561 0.981016
0.562 0.980035
0.563 0.979059
0.564 0.978088
0.565 0.977123
0.566 0.976162
0.567 0.975207
0.568 0.974258
0.569 0.973313
0.57 0.972374
0.571 0.971441
0.572 0.970514
0.573 0.969592
0.574 0.968676
0.575 0.967765
0.576 0.966861
0.577 0.965963
0.578 0.965071
0.579 0.964185
0.58 0.963305
0.581 0.962431
0.582 0.961564
0.583 0.960703
0.584 0.959849
0.585 0.959001
0.586 0.95816
0.587 0.957326
0.588 0.956498
0.589 0.955677
0.59 0.954863
0.591 0.954056
0.592 0.953256
0.593 0.952463
0.594 0.951677
0.595 0.950899
0.596 0.950127
0.597 0.949363
0.598 0.948606
0.599 0.947857
0.6 0.947115
0.601 0.946381
0.602 0.945654
0.603 0.944935
0.604 0.944224
0.605 0.94352
0.606 0.942824
0.607 0.942137
0.608 0.941457
0.609 0.940785
0.61 0.940121
0.611 0.939465
0.612 0.938818
0.613 0.938178
0.614 0.937547
0.615 0.936924
0.616 0.93631
0.617 0.935703
0.618 0.935106
0.619 0.934517
0.62 0.933936
0.621 0.933364
0.622 0.9328
0.623 0.932246
0.624 0.9317
0.625 0.931162
0.626 0.930634
0.627 0.930114
0.628 0.929604
0.629 0.929102
0.63 0.928609
0.631 0.928125
0.632 0.927651
0.633 0.927185
0.634 0.926729
0.635 0.926281
0.636 0.925843
0.637 0.925414
0.638 0.924995
0.639 0.924584
0.64 0.924183
0.641 0.923792
0.642 0.92341
0.643 0.923037
0.644 0.922674
0.645 0.92232
0.646 0.921976
0.647 0.921641
0.648 0.921316
0.649 0.921
0.65 0.920694
0.651 0.920398
0.652 0.920112
0.653 0.919835
0.654 0.919568
0.655 0.919311
0.656 0.919063
0.657 0.918825
0.658 0.918598
0.659 0.91838
0.66 0.918171
0.661 0.917973
0.662 0.917785
0.663 0.917606
0.664 0.917437
0.665 0.917279
0.666 0.91713
0.667 0.916991
0.668 0.916862
0.669 0.916744
0.67 0.916635
0.671 0.916536
0.672 0.916447
0.673 0.916369
0.674 0.9163
0.675 0.916241
0.676 0.916192
0.677 0.916154
0.678 0.916125
0.679 0.916107
0.68 0.916098
0.681 0.9161
0.682 0.916111
0.683 0.916133
0.684 0.916165
0.685 0.916206
0.686 0.916258
0.687 0.91632
0.688 0.916392
0.689 0.916474
0.69 0.916565
0.691 0.916667
0.692 0.916779
0.693 0.916901
0.694 0.917033
0.695 0.917175
0.696 0.917326
0.697 0.917488
0.698 0.917659
0.699 0.917841
0.7 0.918032
0.701 0.918234
0.702 0.918445
0.703 0.918665
0.704 0.918896
0.705 0.919137
0.706 0.919387
0.707 0.919647
0.708 0.919917
0.709 0.920196
0.71 0.920485
0.711 0.920784
0.712 0.921092
0.713 0.92141
0.714 0.921737
0.715 0.922074
0.716 0.92242
0.717 0.922776
0.718 0.923141
0.719 0.923516
0.72 0.9239
0.721 0.924293
0.722 0.924695
0.723 0.925107
0.724 0.925528
0.725 0.925958
0.726 0.926397
0.727 0.926845
0.728 0.927302
0.729 0.927768
0.73 0.928243
0.731 0.928727
0.732 0.92922
0.733 0.929721
0.734 0.930231
0.735 0.93075
0.736 0.931277
0.737 0.931813
0.738 0.932357
0.739 0.93291
0.74 0.933471
0.741 0.934041
0.742 0.934618
0.743 0.935204
0.744 0.935798
0.745 0.9364
0.746 0.93701
0.747 0.937628
0.748 0.938254
0.749 0.938887
0.75 0.939529
0.751 0.940178
0.752 0.940834
0.753 0.941498
0.754 0.942169
0.755 0.942848
0.756 0.943534
0.757 0.944228
0.758 0.944928
0.759 0.945635
0.76 0.94635
0.761 0.947071
0.762 0.947799
0.763 0.948533
0.764 0.949275
0.765 0.950023
0.766 0.950777
0.767 0.951537
0.768 0.952304
0.769 0.953077
0.77 0.953856
0.771 0.954642
0.772 0.955433
0.773 0.956229
0.774 0.957032
0.775 0.95784
0.776 0.958653
0.777 0.959472
0.778 0.960296
0.779 0.961126
0.78 0.96196
0.781 0.962799
0.782 0.963644
0.783 0.964493
0.784 0.965346
0.785 0.966204
0.786 0.967067
0.787 0.967934
0.788 0.968805
0.789 0.96968
0.79 0.970559
0.791 0.971442
0.792 0.972328
0.793 0.973218
0.794 0.974112
0.795 0.975009
0.796 0.975909
0.797 0.976812
0.798 0.977718
0.799 0.978627
0.8 0.979539
0.801 0.980453
0.802 0.98137
0.803 0.982289
0.804 0.98321
0.805 0.984134
0.806 0.985059
0.807 0.985985
0.808 0.986914
0.809 0.987844
0.81 0.988775
0.811 0.989707
0.812 0.990641
0.813 0.991575
0.814 0.99251
0.815 0.993446
0.816 0.994382
0.817 0.995318
0.818 0.996254
0.819 0.997191
0.82 0.998127
0.821 0.999063
0.822 0.999998
0.823 1.00093
0.824 1.00187
0.825 1.0028
0.826 1.00373
0.827 1.00466
0.828 1.00559
0.829 1.00652
0.83 1.00744
0.831 1.00837
0.832 1.00929
0.833 1.01021
0.834 1.01112
0.835 1.01204
0.836 1.01295
0.837 1.01386
0.838 1.01476
0.839 1.01566
0.84 1.01656
0.841 1.01745
0.842 1.01834
0.843 1.01923
0.844 1.02011
0.845 1.02099
0.846 1.02186
0.847 1.02272
0.848 1.02359
0.849 1.02444
0.85 1.02529
0.851 1.02614
0.852 1.02698
0.853 1.02781
0.854 1.02864
0.855 1.02946
0.856 1.03028
0.857 1.03108
0.858 1.03188
0.859 1.03267
0.86 1.03346
0.861 1.03424
0.862 1.03501
0.863 1.03577
0.864 1.03652
0.865 1.03726
0.866 1.038
0.867 1.03873
0.868 1.03944
0.869 1.04015
0.87 1.04085
0.871 1.04154
0.872 1.04221
0.873 1.04288
0.874 1.04354
0.875 1.04418
0.876 1.04482
0.877 1.04544
0.878 1.04605
0.879 1.04665
0.88 1.04724
0.881 1.04782
0.882 1.04838
0.883 1.04893
0.884 1.04947
0.885 1.04999
0.886 1.0505
0.887 1.051
0.888 1.05148
0.889 1.05195
0.89 1.05241
0.891 1.05285
0.892 1.05327
0.893 1.05368
0.894 1.05408
0.895 1.05445
0.896 1.05482
0.897 1.05516
0.898 1.05549
0.899 1.05581
0.9 1.0561
0.901 1.05638
0.902 1.05664
0.903 1.05688
0.904 1.05711
0.905 1.05731
0.906 1.0575
0.907 1.05767
0.908 1.05782
0.909 1.05795
0.91 1.05806
0.911 1.05815
0.912 1.05822
0.913 1.05827
0.914 1.0583
0.915 1.05831
0.916 1.05829
0.917 1.05826
0.918 1.0582
0.919 1.05812
0.92 1.05802
0.921 1.05789
0.922 1.05774
0.923 1.05757
0.924 1.05737
0.925 1.05715
0.926 1.05691
0.927 1.05664
0.928 1.05634
0.929 1.05602
0.93 1.05568
0.931 1.05531
0.932 1.05491
0.933 1.05449
0.934 1.05404
0.935 1.05356
0.936 1.05305
0.937 1.05252
0.938 1.05196
0.939 1.05137
0.94 1.05075
0.941 1.0501
0.942 1.04943
0.943 1.04872
0.944 1.04799
0.945 1.04722
0.946 1.04642
0.947 1.0456
0.948 1.04474
0.949 1.04385
0.95 1.04292
0.951 1.04197
0.952 1.04098
0.953 1.03996
0.954 1.03891
0.955 1.03782
0.956 1.0367
0.957 1.03554
0.958 1.03435
0.959 1.03313
0.96 1.03187
0.961 1.03057
0.962 1.02924
0.963 1.02787
0.964 1.02647
0.965 1.02503
0.966 1.02355
0.967 1.02203
0.968 1.02048
0.969 1.01888
0.97 1.01725
0.971 1.01558
0.972 1.01387
0.973 1.01212
0.974 1.01033
0.975 1.0085
0.976 1.00663
0.977 1.00471
0.978 1.00276
0.979 1.00076
0.98 0.998721
0.981 0.99664
0.982 0.994515
0.983 0.992347
0.984 0.990135
0.985 0.987878
0.986 0.985578
0.987 0.983232
0.988 0.980841
0.989 0.978404
0.99 0.975922
0.991 0.973393
0.992 0.970817
0.993 0.968194
0.994 0.965523
0.995 0.962805
0.996 0.960038
0.997 0.957222
0.998 0.954358
0.999 0.951444
1 0.94848
