-1 2.70899
-0.999 2.70391
-0.998 2.69884
-0.997 2.69379
-0.996 2.68874
-0.995 2.68371
-0.994 2.67869
-0.993 2.67368
-0.992 2.66869
-0.991 2.6637
-0.99 2.65873
-0.989 2.65376
-0.988 2.64881
-0.987 2.64388
-0.986 2.63895
-0.985 2.63403
-0.984 2.62913
-0.983 2.62424
-0.982 2.61935
-0.981 2.61449
-0.98 2.60963
-0.979 2.60478
-0.978 2.59994
-0.977 2.59512
-0.976 2.59031
-0.975 2.58551
-0.974 2.58072
-0.973 2.57594
-0.972 2.57117
-0.971 2.56641
-0.97 2.56167
-0.969 2.55694
-0.968 2.55221
-0.967 2.5475
-0.966 2.5428
-0.965 2.53811
-0.964 2.53343
-0.963 2.52877
-0.962 2.52411
-0.961 2.51947
-0.96 2.51483
-0.959 2.51021
-0.958 2.5056
-0.957 2.501
-0.956 2.49641
-0.955 2.49183
-0.954 2.48726
-0.953 2.48271
-0.952 2.47816
-0.951 2.47362
-0.95 2.4691
-0.949 2.46459
-0.948 2.46008
-0.947 2.45559
-0.946 2.45111
-0.945 2.44664
-0.944 2.44218
-0.943 2.43773
-0.942 2.43329
-0.941 2.42887
-0.94 2.42445
-0.939 2.42004
-0.938 2.41565
-0.937 2.41126
-0.936 2.40689
-0.935 2.40253
-0.934 2.39817
-0.933 2.39383
-0.932 2.3895
-0.931 2.38518
-0.93 2.38086
-0.929 2.37656
-0.928 2.37227
-0.927 2.36799
-0.926 2.36372
-0.925 2.35947
-0.924 2.35522
-0.923 2.35098
-0.922 2.34675
-0.921 2.34253
-0.92 2.33832
-0.919 2.33413
-0.918 2.32994
-0.917 2.32576
-0.916 2.3216
-0.915 2.31744
-0.914 2.31329
-0.913 2.30916
-0.912 2.30503
-0.911 2.30092
-0.91 2.29681
-0.909 2.29272
-0.908 2.28863
-0.907 2.28455
-0.906 2.28049
-0.905 2.27643
-0.904 2.27239
-0.903 2.26835
-0.902 2.26433
-0.901 2.26031
-0.9 2.25631
-0.899 2.25231
-0.898 2.24832
-0.897 2.24435
-0.896 2.24038
-0.895 2.23643
-0.894 2.23248
-0.893 2.22854
-0.892 2.22462
-0.891 2.2207
-0.89 2.21679
-0.889 2.21289
-0.888 2.20901
-0.887 2.20513
-0.886 2.20126
-0.885 2.1974
-0.884 2.19355
-0.883 2.18971
-0.882 2.18588
-0.881 2.18206
-0.88 2.17825
-0.879 2.17445
-0.878 2.17065
-0.877 2.16687
-0.876 2.1631
-0.875 2.15933
-0.874 2.15558
-0.873 2.15184
-0.872 2.1481
-0.871 2.14437
-0.87 2.14066
-0.869 2.13695
-0.868 2.13325
-0.867 2.12956
-0.866 2.12589
-0.865 2.12222
-0.864 2.11856
-0.863 2.1149
-0.862 2.11126
-0.861 2.10763
-0.86 2.10401
-0.859 2.10039
-0.858 2.09679
-0.857 2.09319
-0.856 2.0896
-0.855 2.08602
-0.854 2.08246
-0.853 2.0789
-0.852 2.07535
-0.851 2.0718
-0.85 2.06827
-0.849 2.06475
-0.848 2.06123
-0.847 2.05773
-0.846 2.05423
-0.845 2.05074
-0.844 2.04726
-0.843 2.04379
-0.842 2.04033
-0.841 2.03688
-0.84 2.03344
-0.839 2.03
-0.838 2.02658
-0.837 2.02316
-0.836 2.01975
-0.835 2.01635
-0.834 2.01296
-0.833 2.00958
-0.832 2.00621
-0.831 2.00285
-0.83 1.99949
-0.829 1.99614
-0.828 1.99281
-0.827 1.98948
-0.826 1.98616
-0.825 1.98284
-0.824 1.97954
-0.823 1.97624
-0.822 1.97296
-0.821 1.96968
-0.82 1.96641
-0.819 1.96315
-0.818 1.9599
-0.817 1.95665
-0.816 1.95342
-0.815 1.95019
-0.814 1.94697
-0.813 1.94376
-0.812 1.94056
-0.811 1.93737
-0.81 1.93418
-0.809 1.931
-0.808 1.92784
-0.807 1.92467
-0.806 1.92152
-0.805 1.91838
-0.804 1.91524
-0.803 1.91212
-0.802 1.909
-0.801 1.90589
-0.8 1.90279
-0.799 1.89969
-0.798 1.89661
-0.797 1.89353
-0.796 1.89046
-0.795 1.8874
-0.794 1.88434
-0.793 1.8813
-0.792 1.87826
-0.791 1.87523
-0.79 1.87221
-0.789 1.8692
-0.788 1.86619
-0.787 1.86319
-0.786 1.8602
-0.785 1.85722
-0.784 1.85425
-0.783 1.85128
-0.782 1.84833
-0.781 1.84538
-0.78 1.84243
-0.779 1.8395
-0.778 1.83657
-0.777 1.83366
-0.776 1.83075
-0.775 1.82784
-0.774 1.82495
-0.773 1.82206
-0.772 1.81918
-0.771 1.81631
-0.77 1.81345
-0.769 1.81059
-0.768 1.80774
-0.767 1.8049
-0.766 1.80207
-0.765 1.79924
-0.764 1.79642
-0.763 1.79361
-0.762 1.79081
-0.761 1.78802
-0.76 1.78523
-0.759 1.78245
-0.758 1.77968
-0.757 1.77691
-0.756 1.77415
-0.755 1.7714
-0.754 1.76866
-0.753 1.76593
-0.752 1.7632
-0.751 1.76048
-0.75 1.75777
-0.749 1.75506
-0.748 1.75236
-0.747 1.74967
-0.746 1.74699
-0.745 1.74431
-0.744 1.74164
-0.743 1.73898
-0.742 1.73633
-0.741 1.73368
-0.74 1.73104
-0.739 1.72841
-0.738 1.72579
-0.737 1.72317
-0.736 1.72056
-0.735 1.71795
-0.734 1.71536
-0.733 1.71277
-0.732 1.71019
-0.731 1.70761
-0.73 1.70505
-0.729 1.70249
-0.728 1.69993
-0.727 1.69739
-0.726 1.69485
-0.725 1.69231
-0.724 1.68979
-0.723 1.68727
-0.722 1.68476
-0.721 1.68226
-0.72 1.67976
-0.719 1.67727
-0.718 1.67478
-0.717 1.67231
-0.716 1.66984
-0.715 1.66738
-0.714 1.66492
-0.713 1.66247
-0.712 1.66003
-0.711 1.65759
-0.71 1.65517
-0.709 1.65274
-0.708 1.65033
-0.707 1.64792
-0.706 1.64552
-0.705 1.64313
-0.704 1.64074
-0.703 1.63836
-0.702 1.63598
-0.701 1.63362
-0.7 1.63126
-0.699 1.6289
-0.698 1.62655
-0.697 1.62421
-0.696 1.62188
-0.695 1.61955
-0.694 1.61723
-0.693 1.61492
-0.692 1.61261
-0.691 1.61031
-0.69 1.60801
-0.689 1.60572
-0.688 1.60344
-0.687 1.60117
-0.686 1.5989
-0.685 1.59663
-0.684 1.59438
-0.683 1.59213
-0.682 1.58989
-0.681 1.58765
-0.68 1.58542
-0.679 1.5832
-0.678 1.58098
-0.677 1.57877
-0.676 1.57656
-0.675 1.57436
-0.674 1.57217
-0.673 1.56999
-0.672 1.56781
-0.671 1.56563
-0.67 1.56347
-0.669 1.56131
-0.668 1.55915
-0.667 1.557
-0.666 1.55486
-0.665 1.55273
-0.664 1.5506
-0.663 1.54847
-0.662 1.54636
-0.661 1.54424
-0.66 1.54214
-0.659 1.54004
-0.658 1.53795
-0.657 1.53586
-0.656 1.53378
-0.655 1.53171
-0.654 1.52964
-0.653 1.52757
-0.652 1.52552
-0.651 1.52347
-0.65 1.52142
-0.649 1.51939
-0.648 1.51735
-0.647 1.51533
-0.646 1.51331
-0.645 1.51129
-0.644 1.50928
-0.643 1.50728
-0.642 1.50528
-0.641 1.50329
-0.64 1.50131
-0.639 1.49933
-0.638 1.49735
-0.637 1.49539
-0.636 1.49342
-0.635 1.49147
-0.634 1.48952
-0.633 1.48757
-0.632 1.48563
-0.631 1.4837
-0.63 1.48177
-0.629 1.47985
-0.628 1.47794
-0.627 1.47603
-0.626 1.47412
-0.625 1.47222
-0.624 1.47033
-0.623 1.46844
-0.622 1.46656
-0.621 1.46469
-0.62 1.46282
-0.619 1.46095
-0.618 1.45909
-0.617 1.45724
-0.616 1.45539
-0.615 1.45355
-0.614 1.45171
-0.613 1.44988
-0.612 1.44805
-0.611 1.44623
-0.61 1.44442
-0.609 1.44261
-0.608 1.4408
-0.607 1.439
-0.606 1.43721
-0.605 1.43542
-0.604 1.43364
-0.603 1.43186
-0.602 1.43009
-0.601 1.42833
-0.6 1.42657
-0.599 1.42481
-0.598 1.42306
-0.597 1.42132
-0.596 1.41958
-0.595 1.41784
-0.594 1.41611
-0.593 1.41439
-0.592 1.41267
-0.591 1.41096
-0.59 1.40925
-0.589 1.40755
-0.588 1.40585
-0.587 1.40416
-0.586 1.40247
-0.585 1.40079
-0.584 1.39911
-0.583 1.39744
-0.582 1.39578
-0.581 1.39411
-0.58 1.39246
-0.579 1.39081
-0.578 1.38916
-0.577 1.38752
-0.576 1.38589
-0.575 1.38425
-0.574 1.38263
-0.573 1.38101
-0.572 1.37939
-0.571 1.37778
-0.57 1.37618
-0.569 1.37458
-0.568 1.37298
-0.567 1.37139
-0.566 1.36981
-0.565 1.36823
-0.564 1.36665
-0.563 1.36508
-0.562 1.36351
-0.561 1.36195
-0.56 1.3604
-0.559 1.35885
-0.558 1.3573
-0.557 1.35576
-0.556 1.35422
-0.555 1.35269
-0.554 1.35116
-0.553 1.34964
-0.552 1.34812
-0.551 1.34661
-0.55 1.3451
-0.549 1.3436
-0.548 1.3421
-0.547 1.34061
-0.546 1.33912
-0.545 1.33764
-0.544 1.33616
-0.543 1.33468
-0.542 1.33322
-0.541 1.33175
-0.54 1.33029
-0.539 1.32883
-0.538 1.32738
-0.537 1.32594
-0.536 1.3245
-0.535 1.32306
-0.534 1.32163
-0.533 1.3202
-0.532 1.31877
-0.531 1.31736
-0.53 1.31594
-0.529 1.31453
-0.528 1.31313
-0.527 1.31173
-0.526 1.31033
-0.525 1.30894
-0.524 1.30755
-0.523 1.30617
-0.522 1.30479
-0.521 1.30342
-0.52 1.30205
-0.519 1.30068
-0.518 1.29932
-0.517 1.29797
-0.516 1.29662
-0.515 1.29527
-0.514 1.29393
-0.513 1.29259
-0.512 1.29126
-0.511 1.28993
-0.51 1.2886
-0.509 1.28728
-0.508 1.28596
-0.507 1.28465
-0.506 1.28334
-0.505 1.28204
-0.504 1.28074
-0.503 1.27945
-0.502 1.27816
-0.501 1.27687
-0.5 1.27559
-0.499 1.27431
-0.498 1.27304
-0.497 1.27177
-0.496 1.2705
-0.495 1.26924
-0.494 1.26798
-0.493 1.26673
-0.492 1.26548
-0.491 1.26424
-0.49 1.263
-0.489 1.26176
-0.488 1.26053
-0.487 1.2593
-0.486 1.25808
-0.485 1.25686
-0.484 1.25564
-0.483 1.25443
-0.482 1.25323
-0.481 1.25202
-0.48 1.25082
-0.479 1.24963
-0.478 1.24844
-0.477 1.24725
-0.476 1.24607
-0.475 1.24489
-0.474 1.24371
-0.473 1.24254
-0.472 1.24138
-0.471 1.24021
-0.47 1.23905
-0.469 1.2379
-0.468 1.23675
-0.467 1.2356
-0.466 1.23446
-0.465 1.23332
-0.464 1.23218
-0.463 1.23105
-0.462 1.22992
-0.461 1.2288
-0.46 1.22768
-0.459 1.22656
-0.458 1.22545
-0.457 1.22434
-0.456 1.22324
-0.455 1.22214
-0.454 1.22104
-0.453 1.21995
-0.452 1.21886
-0.451 1.21777
-0.45 1.21669
-0.449 1.21561
-0.448 1.21454
-0.447 1.21347
-0.446 1.2124
-0.445 1.21134
-0.444 1.21028
-0.443 1.20922
-0.442 1.20817
-0.441 1.20712
-0.44 1.20608
-0.439 1.20503
-0.438 1.204
-0.437 1.20296
-0.436 1.20193
-0.435 1.20091
-0.434 1.19988
-0.433 1.19887
-0.432 1.19785
-0.431 1.19684
-0.43 1.19583
-0.429 1.19483
-0.428 1.19382
-0.427 1.19283
-0.426 1.19183
-0.425 1.19084
-0.424 1.18985
-0.423 1.18887
-0.422 1.18789
-0.421 1.18692
-0.42 1.18594
-0.419 1.18497
-0.418 1.18401
-0.417 1.18305
-0.416 1.18209
-0.415 1.18113
-0.414 1.18018
-0.413 1.17923
-0.412 1.17829
-0.411 1.17734
-0.41 1.17641
-0.409 1.17547
-0.408 1.17454
-0.407 1.17361
-0.406 1.17269
-0.405 1.17177
-0.404 1.17085
-0.403 1.16993
-0.402 1.16902
-0.401 1.16811
-0.4 1.16721
-0.399 1.16631
-0.398 1.16541
-0.397 1.16452
-0.396 1.16363
-0.395 1.16274
-0.394 1.16185
-0.393 1.16097
-0.392 1.16009
-0.391 1.15922
-0.39 1.15835
-0.389 1.15748
-0.388 1.15661
-0.387 1.15575
-0.386 1.15489
-0.385 1.15404
-0.384 1.15319
-0.383 1.15234
-0.382 1.15149
-0.381 1.15065
-0.38 1.14981
-0.379 1.14897
-0.378 1.14814
-0.377 1.14731
-0.376 1.14649
-0.375 1.14566
-0.374 1.14484
-0.373 1.14402
-0.372 1.14321
-0.371 1.1424
-0.37 1.14159
-0.369 1.14079
-0.368 1.13999
-0.367 1.13919
-0.366 1.13839
-0.365 1.1376
-0.364 1.13681
-0.363 1.13602
-0.362 1.13524
-0.361 1.13446
-0.36 1.13368
-0.359 1.13291
-0.358 1.13214
-0.357 1.13137
-0.356 1.1306
-0.355 1.12984
-0.354 1.12908
-0.353 1.12833
-0.352 1.12757
-0.351 1.12682
-0.35 1.12608
-0.349 1.12533
-0.348 1.12459
-0.347 1.12385
-0.346 1.12312
-0.345 1.12238
-0.344 1.12166
-0.343 1.12093
-0.342 1.1202
-0.341 1.11948
-0.34 1.11877
-0.339 1.11805
-0.338 1.11734
-0.337 1.11663
-0.336 1.11592
-0.335 1.11522
-0.334 1.11452
-0.333 1.11382
-0.332 1.11313
-0.331 1.11243
-0.33 1.11174
-0.329 1.11106
-0.328 1.11037
-0.327 1.10969
-0.326 1.10901
-0.325 1.10834
-0.324 1.10767
-0.323 1.107
-0.322 1.10633
-0.321 1.10567
-0.32 1.105
-0.319 1.10434
-0.318 1.10369
-0.317 1.10304
-0.316 1.10238
-0.315 1.10174
-0.314 1.10109
-0.313 1.10045
-0.312 1.09981
-0.311 1.09917
-0.31 1.09854
-0.309 1.09791
-0.308 1.09728
-0.307 1.09665
-0.306 1.09603
-0.305 1.09541
-0.304 1.09479
-0.303 1.09417
-0.302 1.09356
-0.301 1.09295
-0.3 1.09234
-0.299 1.09174
-0.298 1.09113
-0.297 1.09054
-0.296 1.08994
-0.295 1.08934
-0.294 1.08875
-0.293 1.08816
-0.292 1.08758
-0.291 1.08699
-0.29 1.08641
-0.289 1.08583
-0.288 1.08525
-0.287 1.08468
-0.286 1.08411
-0.285 1.08354
-0.284 1.08297
-0.283 1.08241
-0.282 1.08185
-0.281 1.08129
-0.28 1.08073
-0.279 1.08018
-0.278 1.07963
-0.277 1.07908
-0.276 1.07853
-0.275 1.07799
-0.274 1.07745
-0.273 1.07691
-0.272 1.07637
-0.271 1.07584
-0.27 1.07531
-0.269 1.07478
-0.268 1.07425
-0.267 1.07373
-0.266 1.07321
-0.265 1.07269
-0.264 1.07217
-0.263 1.07166
-0.262 1.07114
-0.261 1.07063
-0.26 1.07013
-0.259 1.06962
-0.258 1.06912
-0.257 1.06862
-0.256 1.06812
-0.255 1.06763
-0.254 1.06713
-0.253 1.06664
-0.252 1.06616
-0.251 1.06567
-0.25 1.06519
-0.249 1.06471
-0.248 1.06423
-0.247 1.06375
-0.246 1.06328
-0.245 1.06281
-0.244 1.06234
-0.243 1.06187
-0.242 1.0614
-0.241 1.06094
-0.24 1.06048
-0.239 1.06002
-0.238 1.05957
-0.237 1.05912
-0.236 1.05866
-0.235 1.05822
-0.234 1.05777
-0.233 1.05733
-0.232 1.05688
-0.231 1.05644
-0.23 1.05601
-0.229 1.05557
-0.228 1.05514
-0.227 1.05471
-0.226 1.05428
-0.225 1.05385
-0.224 1.05343
-0.223 1.05301
-0.222 1.05259
-0.221 1.05217
-0.22 1.05176
-0.219 1.05134
-0.218 1.05093
-0.217 1.05053
-0.216 1.05012
-0.215 1.04972
-0.214 1.04931
-0.213 1.04891
-0.212 1.04852
-0.211 1.04812
-0.21 1.04773
-0.209 1.04734
-0.208 1.04695
-0.207 1.04656
-0.206 1.04618
-0.205 1.0458
-0.204 1.04542
-0.203 1.04504
-0.202 1.04466
-0.201 1.04429
-0.2 1.04392
-0.199 1.04355
-0.198 1.04318
-0.197 1.04281
-0.196 1.04245
-0.195 1.04209
-0.194 1.04173
-0.193 1.04137
-0.192 1.04102
-0.191 1.04067
-0.19 1.04032
-0.189 1.03997
-0.188 1.03962
-0.187 1.03928
-0.186 1.03893
-0.185 1.03859
-0.184 1.03826
-0.183 1.03792
-0.182 1.03759
-0.181 1.03725
-0.18 1.03692
-0.179 1.0366
-0.178 1.03627
-0.177 1.03595
-0.176 1.03562
-0.175 1.0353
-0.174 1.03499
-0.173 1.03467
-0.172 1.03436
-0.171 1.03405
-0.17 1.03374
-0.169 1.03343
-0.168 1.03312
-0.167 1.03282
-0.166 1.03252
-0.165 1.03222
-0.164 1.03192
-0.163 1.03162
-0.162 1.03133
-0.161 1.03104
-0.16 1.03075
-0.159 1.03046
-0.158 1.03018
-0.157 1.02989
-0.156 1.02961
-0.155 1.02933
-0.154 1.02905
-0.153 1.02878
-0.152 1.0285
-0.151 1.02823
-0.15 1.02796
-0.149 1.02769
-0.148 1.02743
-0.147 1.02716
-0.146 1.0269
-0.145 1.02664
-0.144 1.02638
-0.143 1.02612
-0.142 1.02587
-0.141 1.02562
-0.14 1.02537
-0.139 1.02512
-0.138 1.02487
-0.137 1.02463
-0.136 1.02438
-0.135 1.02414
-0.134 1.0239
-0.133 1.02366
-0.132 1.02343
-0.131 1.0232
-0.13 1.02296
-0.129 1.02273
-0.128 1.02251
-0.127 1.02228
-0.126 1.02206
-0.125 1.02183
-0.124 1.02161
-0.123 1.02139
-0.122 1.02118
-0.121 1.02096
-0.12 1.02075
-0.119 1.02054
-0.118 1.02033
-0.117 1.02012
-0.116 1.01992
-0.115 1.01971
-0.114 1.01951
-0.113 1.01931
-0.112 1.01911
-0.111 1.01892
-0.11 1.01872
-0.109 1.01853
-0.108 1.01834
-0.107 1.01815
-0.106 1.01796
-0.105 1.01778
-0.104 1.0176
-0.103 1.01741
-0.102 1.01723
-0.101 1.01706
-0.1 1.01688
-0.099 1.01671
-0.098 1.01653
-0.097 1.01636
-0.096 1.01619
-0.095 1.01603
-0.094 1.01586
-0.093 1.0157
-0.092 1.01554
-0.091 1.01538
-0.09 1.01522
-0.089 1.01506
-0.088 1.01491
-0.087 1.01476
-0.086 1.0146
-0.085 1.01446
-0.084 1.01431
-0.083 1.01416
-0.082 1.01402
-0.081 1.01388
-0.08 1.01374
-0.079 1.0136
-0.078 1.01346
-0.077 1.01333
-0.076 1.0132
-0.075 1.01306
-0.074 1.01293
-0.073 1.01281
-0.072 1.01268
-0.071 1.01256
-0.07 1.01243
-0.069 1.01231
-0.068 1.0122
-0.067 1.01208
-0.066 1.01196
-0.065 1.01185
-0.064 1.01174
-0.063 1.01163
-0.062 1.01152
-0.061 1.01141
-0.06 1.01131
-0.059 1.01121
-0.058 1.0111
-0.057 1.011
-0.056 1.01091
-0.055 1.01081
-0.054 1.01072
-0.053 1.01062
-0.052 1.01053
-0.051 1.01044
-0.05 1.01036
-0.049 1.01027
-0.048 1.01019
-0.047 1.01011
-0.046 1.01003
-0.045 1.00995
-0.044 1.00987
-0.043 1.0098
-0.042 1.00972
-0.041 1.00965
-0.04 1.00958
-0.039 1.00951
-0.038 1.00945
-0.037 1.00938
-0.036 1.00932
-0.035 1.00926
-0.034 1.0092
-0.033 1.00914
-0.032 1.00909
-0.031 1.00903
-0.03 1.00898
-0.029 1.00893
-0.028 1.00888
-0.027 1.00883
-0.026 1.00879
-0.025 1.00874
-0.024 1.0087
-0.023 1.00866
-0.022 1.00862
-0.021 1.00858
-0.02 1.00855
-0.019 1.00851
-0.018 1.00848
-0.017 1.00845
-0.016 1.00842
-0.015 1.0084
-0.014 1.00837
-0.013 1.00835
-0.012 1.00833
-0.011 1.00831
-0.01 1.00829
-0.009 1.00827
-0.008 1.00826
-0.007 1.00825
-0.006 1.00824
-0.005 1.00823
-0.004 1.00822
-0.003 1.00821
-0.002 1.00821
-0.001 1.00821
0 1.0082
0.001 1.00821
0.002 1.00821
0.003 1.00821
0.004 1.00822
0.005 1.00823
0.006 1.00824
0.007 1.00825
0.008 1.00826
0.009 1.00827
0.01 1.00829
0.011 1.00831
0.012 1.00833
0.013 1.00835
0.014 1.00837
0.015 1.0084
0.016 1.00842
0.017 1.00845
0.018 1.00848
0.019 1.00851
0.02 1.00855
0.021 1.00858
0.022 1.00862
0.023 1.00866
0.024 1.0087
0.025 1.00874
0.026 1.00879
0.027 1.00883
0.028 1.00888
0.029 1.00893
0.03 1.00898
0.031 1.00903
0.032 1.00909
0.033 1.00914
0.034 1.0092
0.035 1.00926
0.036 1.00932
0.037 1.00938
0.038 1.00945
0.039 1.00951
0.04 1.00958
0.041 1.00965
0.042 1.00972
0.043 1.0098
0.044 1.00987
0.045 1.00995
0.046 1.01003
0.047 1.01011
0.048 1.01019
0.049 1.01027
0.05 1.01036
0.051 1.01044
0.052 1.01053
0.053 1.01062
0.054 1.01072
0.055 1.01081
0.056 1.01091
0.057 1.011
0.058 1.0111
0.059 1.01121
0.06 1.01131
0.061 1.01141
0.062 1.01152
0.063 1.01163
0.064 1.01174
0.065 1.01185
0.066 1.01196
0.067 1.01208
0.068 1.0122
0.069 1.01231
0.07 1.01243
0.071 1.01256
0.072 1.01268
0.073 1.01281
0.074 1.01293
0.075 1.01306
0.076 1.0132
0.077 1.01333
0.078 1.01346
0.079 1.0136
0.08 1.01374
0.081 1.01388
0.082 1.01402
0.083 1.01416
0.084 1.01431
0.085 1.01446
0.086 1.0146
0.087 1.01476
0.088 1.01491
0.089 1.01506
0.09 1.01522
0.091 1.01538
0.092 1.01554
0.093 1.0157
0.094 1.01586
0.095 1.01603
0.096 1.01619
0.097 1.01636
0.098 1.01653
0.099 1.01671
0.1 1.01688
0.101 1.01706
0.102 1.01723
0.103 1.01741
0.104 1.0176
0.105 1.01778
0.106 1.01796
0.107 1.01815
0.108 1.01834
0.109 1.01853
0.11 1.01872
0.111 1.01892
0.112 1.01911
0.113 1.01931
0.114 1.01951
0.115 1.01971
0.116 1.01992
0.117 1.02012
0.118 1.02033
0.119 1.02054
0.12 1.02075
0.121 1.02096
0.122 1.02118
0.123 1.02139
0.124 1.02161
0.125 1.02183
0.126 1.02206
0.127 1.02228
0.128 1.02251
0.129 1.02273
0.13 1.02296
0.131 1.0232
0.132 1.02343
0.133 1.02366
0.134 1.0239
0.135 1.02414
0.136 1.02438
0.137 1.02463
0.138 1.02487
0.139 1.02512
0.14 1.02537
0.141 1.02562
0.142 1.02587
0.143 1.02612
0.144 1.02638
0.145 1.02664
0.146 1.0269
0.147 1.02716
0.148 1.02743
0.149 1.02769
0.15 1.02796
0.151 1.02823
0.152 1.0285
0.153 1.02878
0.154 1.02905
0.155 1.02933
0.156 1.02961
0.157 1.02989
0.158 1.03018
0.159 1.03046
0.16 1.03075
0.161 1.03104
0.162 1.03133
0.163 1.03162
0.164 1.03192
0.165 1.03222
0.166 1.03252
0.167 1.03282
0.168 1.03312
0.169 1.03343
0.17 1.03374
0.171 1.03405
0.172 1.03436
0.173 1.03467
0.174 1.03499
0.175 1.0353
0.176 1.03562
0.177 1.03595
0.178 1.03627
0.179 1.0366
0.18 1.03692
0.181 1.03725
0.182 1.03759
0.183 1.03792
0.184 1.03826
0.185 1.03859
0.186 1.03893
0.187 1.03928
0.188 1.03962
0.189 1.03997
0.19 1.04032
0.191 1.04067
0.192 1.04102
0.193 1.04137
0.194 1.04173
0.195 1.04209
0.196 1.04245
0.197 1.04281
0.198 1.04318
0.199 1.04355
0.2 1.04392
0.201 1.04429
0.202 1.04466
0.203 1.04504
0.204 1.04542
0.205 1.0458
0.206 1.04618
0.207 1.04656
0.208 1.04695
0.209 1.04734
0.21 1.04773
0.211 1.04812
0.212 1.04852
0.213 1.04891
0.214 1.04931
0.215 1.04972
0.216 1.05012
0.217 1.05053
0.218 1.05093
0.219 1.05134
0.22 1.05176
0.221 1.05217
0.222 1.05259
0.223 1.05301
0.224 1.05343
0.225 1.05385
0.226 1.05428
0.227 1.05471
0.228 1.05514
0.229 1.05557
0.23 1.05601
0.231 1.05644
0.232 1.05688
0.233 1.05733
0.234 1.05777
0.235 1.05822
0.236 1.05866
0.237 1.05912
0.238 1.05957
0.239 1.06002
0.24 1.06048
0.241 1.06094
0.242 1.0614
0.243 1.06187
0.244 1.06234
0.245 1.06281
0.246 1.06328
0.247 1.06375
0.248 1.06423
0.249 1.06471
0.25 1.06519
0.251 1.06567
0.252 1.06616
0.253 1.06664
0.254 1.06713
0.255 1.06763
0.256 1.06812
0.257 1.06862
0.258 1.06912
0.259 1.06962
0.26 1.07013
0.261 1.07063
0.262 1.07114
0.263 1.07166
0.264 1.07217
0.265 1.07269
0.266 1.07321
0.267 1.07373
0.268 1.07425
0.269 1.07478
0.27 1.07531
0.271 1.07584
0.272 1.07637
0.273 1.07691
0.274 1.07745
0.275 1.07799
0.276 1.07853
0.277 1.07908
0.278 1.07963
0.279 1.08018
0.28 1.08073
0.281 1.08129
0.282 1.08185
0.283 1.08241
0.284 1.08297
0.285 1.08354
0.286 1.08411
0.287 1.08468
0.288 1.08525
0.289 1.08583
0.29 1.08641
0.291 1.08699
0.292 1.08758
0.293 1.08816
0.294 1.08875
0.295 1.08934
0.296 1.08994
0.297 1.09054
0.298 1.09113
0.299 1.09174
0.3 1.09234
0.301 1.09295
0.302 1.09356
0.303 1.09417
0.304 1.09479
0.305 1.09541
0.306 1.09603
0.307 1.09665
0.308 1.09728
0.309 1.09791
0.31 1.09854
0.311 1.09917
0.312 1.09981
0.313 1.10045
0.314 1.10109
0.315 1.10174
0.316 1.10238
0.317 1.10304
0.318 1.10369
0.319 1.10434
0.32 1.105
0.321 1.10567
0.322 1.10633
0.323 1.107
0.324 1.10767
0.325 1.10834
0.326 1.10901
0.327 1.10969
0.328 1.11037
0.329 1.11106
0.33 1.11174
0.331 1.11243
0.332 1.11313
0.333 1.11382
0.334 1.11452
0.335 1.11522
0.336 1.11592
0.337 1.11663
0.338 1.11734
0.339 1.11805
0.34 1.11877
0.341 1.11948
0.342 1.1202
0.343 1.12093
0.344 1.12166
0.345 1.12238
0.346 1.12312
0.347 1.12385
0.348 1.12459
0.349 1.12533
0.35 1.12608
0.351 1.12682
0.352 1.12757
0.353 1.12833
0.354 1.12908
0.355 1.12984
0.356 1.1306
0.357 1.13137
0.358 1.13214
0.359 1.13291
0.36 1.13368
0.361 1.13446
0.362 1.13524
0.363 1.13602
0.364 1.13681
0.365 1.1376
0.366 1.13839
0.367 1.13919
0.368 1.13999
0.369 1.14079
0.37 1.14159
0.371 1.1424
0.372 1.14321
0.373 1.14402
0.374 1.14484
0.375 1.14566
0.376 1.14649
0.377 1.14731
0.378 1.14814
0.379 1.14897
0.38 1.14981
0.381 1.15065
0.382 1.15149
0.383 1.15234
0.384 1.15319
0.385 1.15404
0.386 1.15489
0.387 1.15575
0.388 1.15661
0.389 1.15748
0.39 1.15835
0.391 1.15922
0.392 1.16009
0.393 1.16097
0.394 1.16185
0.395 1.16274
0.396 1.16363
0.397 1.16452
0.398 1.16541
0.399 1.16631
0.4 1.16721
0.401 1.16811
0.402 1.16902
0.403 1.16993
0.404 1.17085
0.405 1.17177
0.406 1.17269
0.407 1.17361
0.408 1.17454
0.409 1.17547
0.41 1.17641
0.411 1.17734
0.412 1.17829
0.413 1.17923
0.414 1.18018
0.415 1.18113
0.416 1.18209
0.417 1.18305
0.418 1.18401
0.419 1.18497
0.42 1.18594
0.421 1.18692
0.422 1.18789
0.423 1.18887
0.424 1.18985
0.425 1.19084
0.426 1.19183
0.427 1.19283
0.428 1.19382
0.429 1.19483
0.43 1.19583
0.431 1.19684
0.432 1.19785
0.433 1.19887
0.434 1.19988
0.435 1.20091
0.436 1.20193
0.437 1.20296
0.438 1.204
0.439 1.20503
0.44 1.20608
0.441 1.20712
0.442 1.20817
0.443 1.20922
0.444 1.21028
0.445 1.21134
0.446 1.2124
0.447 1.21347
0.448 1.21454
0.449 1.21561
0.45 1.21669
0.451 1.21777
0.452 1.21886
0.453 1.21995
0.454 1.22104
0.455 1.22214
0.456 1.22324
0.457 1.22434
0.458 1.22545
0.459 1.22656
0.46 1.22768
0.461 1.2288
0.462 1.22992
0.463 1.23105
0.464 1.23218
0.465 1.23332
0.466 1.23446
0.467 1.2356
0.468 1.23675
0.469 1.2379
0.47 1.23905
0.471 1.24021
0.472 1.24138
0.473 1.24254
0.474 1.24371
0.475 1.24489
0.476 1.24607
0.477 1.24725
0.478 1.24844
0.479 1.24963
0.48 1.25082
0.481 1.25202
0.482 1.25323
0.483 1.25443
0.484 1.25564
0.485 1.25686
0.486 1.25808
0.487 1.2593
0.488 1.26053
0.489 1.26176
0.49 1.263
0.491 1.26424
0.492 1.26548
0.493 1.26673
0.494 1.26798
0.495 1.26924
0.496 1.2705
0.497 1.27177
0.498 1.27304
0.499 1.27431
0.5 1.27559
0.501 1.27687
0.502 1.27816
0.503 1.27945
0.504 1.28074
0.505 1.28204
0.506 1.28334
0.507 1.28465
0.508 1.28596
0.509 1.28728
0.51 1.2886
0.511 1.28993
0.512 1.29126
0.513 1.29259
0.514 1.29393
0.515 1.29527
0.516 1.29662
0.517 1.29797
0.518 1.29932
0.519 1.30068
0.52 1.30205
0.521 1.30342
0.522 1.30479
0.523 1.30617
0.524 1.30755
0.525 1.30894
0.526 1.31033
0.527 1.31173
0.528 1.31313
0.529 1.31453
0.53 1.31594
0.531 1.31736
0.532 1.31877
0.533 1.3202
0.534 1.32163
0.535 1.32306
0.536 1.3245
0.537 1.32594
0.538 1.32738
0.539 1.32883
0.54 1.33029
0.541 1.33175
0.542 1.33322
0.543 1.33468
0.544 1.33616
0.545 1.33764
0.546 1.33912
0.547 1.34061
0.548 1.3421
0.549 1.3436
0.55 1.3451
0.551 1.34661
0.552 1.34812
0.553 1.34964
0.554 1.35116
0.555 1.35269
0.556 1.35422
0.557 1.35576
0.558 1.3573
0.559 1.35885
0.56 1.3604
0.561 1.36195
0.562 1.36351
0.563 1.36508
0.564 1.36665
0.565 1.36823
0.566 1.36981
0.567 1.37139
0.568 1.37298
0.569 1.37458
0.57 1.37618
0.571 1.37778
0.572 1.37939
0.573 1.38101
0.574 1.38263
0.575 1.38425
0.576 1.38589
0.577 1.38752
0.578 1.38916
0.579 1.39081
0.58 1.39246
0.581 1.39411
0.582 1.39578
0.583 1.39744
0.584 1.39911
0.585 1.40079
0.586 1.40247
0.587 1.40416
0.588 1.40585
0.589 1.40755
0.59 1.40925
0.591 1.41096
0.592 1.41267
0.593 1.41439
0.594 1.41611
0.595 1.41784
0.596 1.41958
0.597 1.42132
0.598 1.42306
0.599 1.42481
0.6 1.42657
0.601 1.42833
0.602 1.43009
0.603 1.43186
0.604 1.43364
0.605 1.43542
0.606 1.43721
0.607 1.439
0.608 1.4408
0.609 1.44261
0.61 1.44442
0.611 1.44623
0.612 1.44805
0.613 1.44988
0.614 1.45171
0.615 1.45355
0.616 1.45539
0.617 1.45724
0.618 1.45909
0.619 1.46095
0.62 1.46282
0.621 1.46469
0.622 1.46656
0.623 1.46844
0.624 1.47033
0.625 1.47222
0.626 1.47412
0.627 1.47603
0.628 1.47794
0.629 1.47985
0.63 1.48177
0.631 1.4837
0.632 1.48563
0.633 1.48757
0.634 1.48952
0.635 1.49147
0.636 1.49342
0.637 1.49539
0.638 1.49735
0.639 1.49933
0.64 1.50131
0.641 1.50329
0.642 1.50528
0.643 1.50728
0.644 1.50928
0.645 1.51129
0.646 1.51331
0.647 1.51533
0.648 1.51735
0.649 1.51939
0.65 1.52142
0.651 1.52347
0.652 1.52552
0.653 1.52757
0.654 1.52964
0.655 1.53171
0.656 1.53378
0.657 1.53586
0.658 1.53795
0.659 1.54004
0.66 1.54214
0.661 1.54424
0.662 1.54636
0.663 1.54847
0.664 1.5506
0.665 1.55273
0.666 1.55486
0.667 1.557
0.668 1.55915
0.669 1.56131
0.67 1.56347
0.671 1.56563
0.672 1.56781
0.673 1.56999
0.674 1.57217
0.675 1.57436
0.676 1.57656
0.677 1.57877
0.678 1.58098
0.679 1.5832
0.68 1.58542
0.681 1.58765
0.682 1.58989
0.683 1.59213
0.684 1.59438
0.685 1.59663
0.686 1.5989
0.687 1.60117
0.688 1.60344
0.689 1.60572
0.69 1.60801
0.691 1.61031
0.692 1.61261
0.693 1.61492
0.694 1.61723
0.695 1.61955
0.696 1.62188
0.697 1.62421
0.698 1.62655
0.699 1.6289
0.7 1.63126
0.701 1.63362
0.702 1.63598
0.703 1.63836
0.704 1.64074
0.705 1.64313
0.706 1.64552
0.707 1.64792
0.708 1.65033
0.709 1.65274
0.71 1.65517
0.711 1.65759
0.712 1.66003
0.713 1.66247
0.714 1.66492
0.715 1.66738
0.716 1.66984
0.717 1.67231
0.718 1.67478
0.719 1.67727
0.72 1.67976
0.721 1.68226
0.722 1.68476
0.723 1.68727
0.724 1.68979
0.725 1.69231
0.726 1.69485
0.727 1.69739
0.728 1.69993
0.729 1.70249
0.73 1.70505
0.731 1.70761
0.732 1.71019
0.733 1.71277
0.734 1.71536
0.735 1.71795
0.736 1.72056
0.737 1.72317
0.738 1.72579
0.739 1.72841
0.74 1.73104
0.741 1.73368
0.742 1.73633
0.743 1.73898
0.744 1.74164
0.745 1.74431
0.746 1.74699
0.747 1.74967
0.748 1.75236
0.749 1.75506
0.75 1.75777
0.751 1.76048
0.752 1.7632
0.753 1.76593
0.754 1.76866
0.755 1.7714
0.756 1.77415
0.757 1.77691
0.758 1.77968
0.759 1.78245
0.76 1.78523
0.761 1.78802
0.762 1.79081
0.763 1.79361
0.764 1.79642
0.765 1.79924
0.766 1.80207
0.767 1.8049
0.768 1.80774
0.769 1.81059
0.77 1.81345
0.771 1.81631
0.772 1.81918
0.773 1.82206
0.774 1.82495
0.775 1.82784
0.776 1.83075
0.777 1.83366
0.778 1.83657
0.779 1.8395
0.78 1.84243
0.781 1.84538
0.782 1.84833
0.783 1.85128
0.784 1.85425
0.785 1.85722
0.786 1.8602
0.787 1.86319
0.788 1.86619
0.789 1.8692
0.79 1.87221
0.791 1.87523
0.792 1.87826
0.793 1.8813
0.794 1.88434
0.795 1.8874
0.796 1.89046
0.797 1.89353
0.798 1.89661
0.799 1.89969
0.8 1.90279
0.801 1.90589
0.802 1.909
0.803 1.91212
0.804 1.91524
0.805 1.91838
0.806 1.92152
0.807 1.92467
0.808 1.92784
0.809 1.931
0.81 1.93418
0.811 1.93737
0.812 1.94056
0.813 1.94376
0.814 1.94697
0.815 1.95019
0.816 1.95342
0.817 1.95665
0.818 1.9599
0.819 1.96315
0.82 1.96641
0.821 1.96968
0.822 1.97296
0.823 1.97624
0.824 1.97954
0.825 1.98284
0.826 1.98616
0.827 1.98948
0.828 1.99281
0.829 1.99614
0.83 1.99949
0.831 2.00285
0.832 2.00621
0.833 2.00958
0.834 2.01296
0.835 2.01635
0.836 2.01975
0.837 2.02316
0.838 2.02658
0.839 2.03
0.84 2.03344
0.841 2.03688
0.842 2.04033
0.843 2.04379
0.844 2.04726
0.845 2.05074
0.846 2.05423
0.847 2.05773
0.848 2.06123
0.849 2.06475
0.85 2.06827
0.851 2.0718
0.852 2.07535
0.853 2.0789
0.854 2.08246
0.855 2.08602
0.856 2.0896
0.857 2.09319
0.858 2.09679
0.859 2.10039
0.86 2.10401
0.861 2.10763
0.862 2.11126
0.863 2.1149
0.864 2.11856
0.865 2.12222
0.866 2.12589
0.867 2.12956
0.868 2.13325
0.869 2.13695
0.87 2.14066
0.871 2.14437
0.872 2.1481
0.873 2.15184
0.874 2.15558
0.875 2.15933
0.876 2.1631
0.877 2.16687
0.878 2.17065
0.879 2.17445
0.88 2.17825
0.881 2.18206
0.882 2.18588
0.883 2.18971
0.884 2.19355
0.885 2.1974
0.886 2.20126
0.887 2.20513
0.888 2.20901
0.889 2.21289
0.89 2.21679
0.891 2.2207
0.892 2.22462
0.893 2.22854
0.894 2.23248
0.895 2.23643
0.896 2.24038
0.897 2.24435
0.898 2.24832
0.899 2.25231
0.9 2.25631
0.901 2.26031
0.902 2.26433
0.903 2.26835
0.904 2.27239
0.905 2.27643
0.906 2.28049
0.907 2.28455
0.908 2.28863
0.909 2.29272
0.91 2.29681
0.911 2.30092
0.912 2.30503
0.913 2.30916
0.914 2.31329
0.915 2.31744
0.916 2.3216
0.917 2.32576
0.918 2.32994
0.919 2.33413
0.92 2.33832
0.921 2.34253
0.922 2.34675
0.923 2.35098
0.924 2.35522
0.925 2.35947
0.926 2.36372
0.927 2.36799
0.928 2.37227
0.929 2.37656
0.93 2.38086
0.931 2.38518
0.932 2.3895
0.933 2.39383
0.934 2.39817
0.935 2.40253
0.936 2.40689
0.937 2.41126
0.938 2.41565
0.939 2.42004
0.94 2.42445
0.941 2.42887
0.942 2.43329
0.943 2.43773
0.944 2.44218
0.945 2.44664
0.946 2.45111
0.947 2.45559
0.948 2.46008
0.949 2.46459
0.95 2.4691
0.951 2.47362
0.952 2.47816
0.953 2.48271
0.954 2.48726
0.955 2.49183
0.956 2.49641
0.957 2.501
0.958 2.5056
0.959 2.51021
0.96 2.51483
0.961 2.51947
0.962 2.52411
0.963 2.52877
0.964 2.53343
0.965 2.53811
0.966 2.5428
0.967 2.5475
0.968 2.55221
0.969 2.55694
0.97 2.56167
0.971 2.56641
0.972 2.57117
0.973 2.57594
0.974 2.58072
0.975 2.58551
0.976 2.59031
0.977 2.59512
0.978 2.59994
0.979 2.60478
0.98 2.60963
0.981 2.61449
0.982 2.61935
0.983 2.62424
0.984 2.62913
0.985 2.63403
0.986 2.63895
0.987 2.64388
0.988 2.64881
0.989 2.65376
0.99 2.65873
0.991 2.6637
0.992 2.66869
0.993 2.67368
0.994 2.67869
0.995 2.68371
0.996 2.68874
0.997 2.69379
0.998 2.69884
0.999 2.70391
1 2.70899
