-1 2.60378
-0.999 2.60038
-0.998 2.59698
-0.997 2.59359
-0.996 2.5902
-0.995 2.58681
-0.994 2.58343
-0.993 2.58005
-0.992 2.57668
-0.991 2.5733
-0.99 2.56993
-0.989 2.56657
-0.988 2.56321
-0.987 2.55985
-0.986 2.55649
-0.985 2.55314
-0.984 2.54979
-0.983 2.54644
-0.982 2.5431
-0.981 2.53976
-0.98 2.53643
-0.979 2.5331
-0.978 2.52977
-0.977 2.52644
-0.976 2.52312
-0.975 2.5198
-0.974 2.51649
-0.973 2.51318
-0.972 2.50987
-0.971 2.50656
-0.97 2.50326
-0.969 2.49997
-0.968 2.49667
-0.967 2.49338
-0.966 2.49009
-0.965 2.48681
-0.964 2.48353
-0.963 2.48025
-0.962 2.47698
-0.961 2.47371
-0.96 2.47044
-0.959 2.46717
-0.958 2.46391
-0.957 2.46066
-0.956 2.4574
-0.955 2.45415
-0.954 2.45091
-0.953 2.44766
-0.952 2.44442
-0.951 2.44119
-0.95 2.43795
-0.949 2.43472
-0.948 2.4315
-0.947 2.42827
-0.946 2.42505
-0.945 2.42184
-0.944 2.41863
-0.943 2.41542
-0.942 2.41221
-0.941 2.40901
-0.94 2.40581
-0.939 2.40261
-0.938 2.39942
-0.937 2.39623
-0.936 2.39305
-0.935 2.38986
-0.934 2.38668
-0.933 2.38351
-0.932 2.38034
-0.931 2.37717
-0.93 2.374
-0.929 2.37084
-0.928 2.36768
-0.927 2.36453
-0.926 2.36138
-0.925 2.35823
-0.924 2.35508
-0.923 2.35194
-0.922 2.3488
-0.921 2.34567
-0.92 2.34254
-0.919 2.33941
-0.918 2.33629
-0.917 2.33317
-0.916 2.33005
-0.915 2.32693
-0.914 2.32382
-0.913 2.32072
-0.912 2.31761
-0.911 2.31451
-0.91 2.31141
-0.909 2.30832
-0.908 2.30523
-0.907 2.30214
-0.906 2.29906
-0.905 2.29598
-0.904 2.2929
-0.903 2.28983
-0.902 2.28676
-0.901 2.28369
-0.9 2.28063
-0.899 2.27757
-0.898 2.27451
-0.897 2.27146
-0.896 2.26841
-0.895 2.26537
-0.894 2.26232
-0.893 2.25928
-0.892 2.25625
-0.891 2.25322
-0.89 2.25019
-0.889 2.24716
-0.888 2.24414
-0.887 2.24112
-0.886 2.2381
-0.885 2.23509
-0.884 2.23208
-0.883 2.22908
-0.882 2.22608
-0.881 2.22308
-0.88 2.22008
-0.879 2.21709
-0.878 2.2141
-0.877 2.21112
-0.876 2.20814
-0.875 2.20516
-0.874 2.20218
-0.873 2.19921
-0.872 2.19624
-0.871 2.19328
-0.87 2.19032
-0.869 2.18736
-0.868 2.18441
-0.867 2.18146
-0.866 2.17851
-0.865 2.17556
-0.864 2.17262
-0.863 2.16969
-0.862 2.16675
-0.861 2.16382
-0.86 2.1609
-0.859 2.15797
-0.858 2.15505
-0.857 2.15213
-0.856 2.14922
-0.855 2.14631
-0.854 2.1434
-0.853 2.1405
-0.852 2.1376
-0.851 2.1347
-0.85 2.13181
-0.849 2.12892
-0.848 2.12604
-0.847 2.12315
-0.846 2.12027
-0.845 2.1174
-0.844 2.11453
-0.843 2.11166
-0.842 2.10879
-0.841 2.10593
-0.84 2.10307
-0.839 2.10021
-0.838 2.09736
-0.837 2.09451
-0.836 2.09167
-0.835 2.08882
-0.834 2.08599
-0.833 2.08315
-0.832 2.08032
-0.831 2.07749
-0.83 2.07467
-0.829 2.07184
-0.828 2.06903
-0.827 2.06621
-0.826 2.0634
-0.825 2.06059
-0.824 2.05779
-0.823 2.05499
-0.822 2.05219
-0.821 2.04939
-0.82 2.0466
-0.819 2.04382
-0.818 2.04103
-0.817 2.03825
-0.816 2.03547
-0.815 2.0327
-0.814 2.02993
-0.813 2.02716
-0.812 2.0244
-0.811 2.02164
-0.81 2.01888
-0.809 2.01613
-0.808 2.01338
-0.807 2.01063
-0.806 2.00789
-0.805 2.00515
-0.804 2.00241
-0.803 1.99968
-0.802 1.99695
-0.801 1.99422
-0.8 1.9915
-0.799 1.98878
-0.798 1.98606
-0.797 1.98335
-0.796 1.98064
-0.795 1.97793
-0.794 1.97523
-0.793 1.97253
-0.792 1.96984
-0.791 1.96714
-0.79 1.96445
-0.789 1.96177
-0.788 1.95909
-0.787 1.95641
-0.786 1.95373
-0.785 1.95106
-0.784 1.94839
-0.783 1.94573
-0.782 1.94307
-0.781 1.94041
-0.78 1.93775
-0.779 1.9351
-0.778 1.93245
-0.777 1.92981
-0.776 1.92717
-0.775 1.92453
-0.774 1.92189
-0.773 1.91926
-0.772 1.91664
-0.771 1.91401
-0.77 1.91139
-0.769 1.90877
-0.768 1.90616
-0.767 1.90355
-0.766 1.90094
-0.765 1.89834
-0.764 1.89574
-0.763 1.89314
-0.762 1.89055
-0.761 1.88796
-0.76 1.88537
-0.759 1.88278
-0.758 1.8802
-0.757 1.87763
-0.756 1.87505
-0.755 1.87249
-0.754 1.86992
-0.753 1.86736
-0.752 1.8648
-0.751 1.86224
-0.75 1.85969
-0.749 1.85714
-0.748 1.85459
-0.747 1.85205
-0.746 1.84951
-0.745 1.84697
-0.744 1.84444
-0.743 1.84191
-0.742 1.83939
-0.741 1.83686
-0.74 1.83434
-0.739 1.83183
-0.738 1.82932
-0.737 1.82681
-0.736 1.8243
-0.735 1.8218
-0.734 1.8193
-0.733 1.81681
-0.732 1.81432
-0.731 1.81183
-0.73 1.80934
-0.729 1.80686
-0.728 1.80438
-0.727 1.80191
-0.726 1.79944
-0.725 1.79697
-0.724 1.79451
-0.723 1.79204
-0.722 1.78959
-0.721 1.78713
-0.72 1.78468
-0.719 1.78223
-0.718 1.77979
-0.717 1.77735
-0.716 1.77491
-0.715 1.77248
-0.714 1.77005
-0.713 1.76762
-0.712 1.7652
-0.711 1.76278
-0.71 1.76036
-0.709 1.75795
-0.708 1.75554
-0.707 1.75313
-0.706 1.75073
-0.705 1.74833
-0.704 1.74593
-0.703 1.74354
-0.702 1.74115
-0.701 1.73876
-0.7 1.73638
-0.699 1.734
-0.698 1.73162
-0.697 1.72925
-0.696 1.72688
-0.695 1.72452
-0.694 1.72215
-0.693 1.7198
-0.692 1.71744
-0.691 1.71509
-0.69 1.71274
-0.689 1.71039
-0.688 1.70805
-0.687 1.70571
-0.686 1.70338
-0.685 1.70105
-0.684 1.69872
-0.683 1.69639
-0.682 1.69407
-0.681 1.69175
-0.68 1.68944
-0.679 1.68713
-0.678 1.68482
-0.677 1.68251
-0.676 1.68021
-0.675 1.67792
-0.674 1.67562
-0.673 1.67333
-0.672 1.67104
-0.671 1.66876
-0.67 1.66648
-0.669 1.6642
-0.668 1.66193
-0.667 1.65966
-0.666 1.65739
-0.665 1.65512
-0.664 1.65286
-0.663 1.65061
-0.662 1.64835
-0.661 1.6461
-0.66 1.64386
-0.659 1.64161
-0.658 1.63937
-0.657 1.63714
-0.656 1.6349
-0.655 1.63267
-0.654 1.63045
-0.653 1.62823
-0.652 1.62601
-0.651 1.62379
-0.65 1.62158
-0.649 1.61937
-0.648 1.61716
-0.647 1.61496
-0.646 1.61276
-0.645 1.61056
-0.644 1.60837
-0.643 1.60618
-0.642 1.604
-0.641 1.60182
-0.64 1.59964
-0.639 1.59746
-0.638 1.59529
-0.637 1.59312
-0.636 1.59096
-0.635 1.58879
-0.634 1.58664
-0.633 1.58448
-0.632 1.58233
-0.631 1.58018
-0.63 1.57804
-0.629 1.5759
-0.628 1.57376
-0.627 1.57162
-0.626 1.56949
-0.625 1.56736
-0.624 1.56524
-0.623 1.56312
-0.622 1.561
-0.621 1.55889
-0.62 1.55678
-0.619 1.55467
-0.618 1.55257
-0.617 1.55047
-0.616 1.54837
-0.615 1.54627
-0.614 1.54418
-0.613 1.5421
-0.612 1.54001
-0.611 1.53793
-0.61 1.53586
-0.609 1.53378
-0.608 1.53171
-0.607 1.52965
-0.606 1.52758
-0.605 1.52553
-0.604 1.52347
-0.603 1.52142
-0.602 1.51937
-0.601 1.51732
-0.6 1.51528
-0.599 1.51324
-0.598 1.5112
-0.597 1.50917
-0.596 1.50714
-0.595 1.50512
-0.594 1.50309
-0.593 1.50107
-0.592 1.49906
-0.591 1.49705
-0.59 1.49504
-0.589 1.49303
-0.588 1.49103
-0.587 1.48903
-0.586 1.48704
-0.585 1.48505
-0.584 1.48306
-0.583 1.48107
-0.582 1.47909
-0.581 1.47711
-0.58 1.47514
-0.579 1.47317
-0.578 1.4712
-0.577 1.46924
-0.576 1.46728
-0.575 1.46532
-0.574 1.46336
-0.573 1.46141
-0.572 1.45947
-0.571 1.45752
-0.57 1.45558
-0.569 1.45364
-0.568 1.45171
-0.567 1.44978
-0.566 1.44785
-0.565 1.44593
-0.564 1.44401
-0.563 1.44209
-0.562 1.44018
-0.561 1.43827
-0.56 1.43636
-0.559 1.43446
-0.558 1.43256
-0.557 1.43066
-0.556 1.42877
-0.555 1.42688
-0.554 1.42499
-0.553 1.42311
-0.552 1.42123
-0.551 1.41936
-0.55 1.41748
-0.549 1.41561
-0.548 1.41375
-0.547 1.41189
-0.546 1.41003
-0.545 1.40817
-0.544 1.40632
-0.543 1.40447
-0.542 1.40262
-0.541 1.40078
-0.54 1.39894
-0.539 1.39711
-0.538 1.39528
-0.537 1.39345
-0.536 1.39162
-0.535 1.3898
-0.534 1.38798
-0.533 1.38617
-0.532 1.38436
-0.531 1.38255
-0.53 1.38075
-0.529 1.37894
-0.528 1.37715
-0.527 1.37535
-0.526 1.37356
-0.525 1.37177
-0.524 1.36999
-0.523 1.36821
-0.522 1.36643
-0.521 1.36466
-0.52 1.36289
-0.519 1.36112
-0.518 1.35936
-0.517 1.3576
-0.516 1.35584
-0.515 1.35409
-0.514 1.35234
-0.513 1.35059
-0.512 1.34885
-0.511 1.34711
-0.51 1.34537
-0.509 1.34364
-0.508 1.34191
-0.507 1.34018
-0.506 1.33846
-0.505 1.33674
-0.504 1.33502
-0.503 1.33331
-0.502 1.3316
-0.501 1.32989
-0.5 1.32819
-0.499 1.32649
-0.498 1.3248
-0.497 1.3231
-0.496 1.32142
-0.495 1.31973
-0.494 1.31805
-0.493 1.31637
-0.492 1.31469
-0.491 1.31302
-0.49 1.31135
-0.489 1.30969
-0.488 1.30803
-0.487 1.30637
-0.486 1.30471
-0.485 1.30306
-0.484 1.30141
-0.483 1.29977
-0.482 1.29813
-0.481 1.29649
-0.48 1.29486
-0.479 1.29323
-0.478 1.2916
-0.477 1.28997
-0.476 1.28835
-0.475 1.28674
-0.474 1.28512
-0.473 1.28351
-0.472 1.2819
-0.471 1.2803
-0.47 1.2787
-0.469 1.2771
-0.468 1.27551
-0.467 1.27392
-0.466 1.27233
-0.465 1.27075
-0.464 1.26917
-0.463 1.26759
-0.462 1.26602
-0.461 1.26445
-0.46 1.26288
-0.459 1.26132
-0.458 1.25976
-0.457 1.2582
-0.456 1.25665
-0.455 1.2551
-0.454 1.25355
-0.453 1.25201
-0.452 1.25047
-0.451 1.24894
-0.45 1.2474
-0.449 1.24588
-0.448 1.24435
-0.447 1.24283
-0.446 1.24131
-0.445 1.23979
-0.444 1.23828
-0.443 1.23677
-0.442 1.23527
-0.441 1.23377
-0.44 1.23227
-0.439 1.23077
-0.438 1.22928
-0.437 1.22779
-0.436 1.22631
-0.435 1.22483
-0.434 1.22335
-0.433 1.22187
-0.432 1.2204
-0.431 1.21894
-0.43 1.21747
-0.429 1.21601
-0.428 1.21455
-0.427 1.2131
-0.426 1.21165
-0.425 1.2102
-0.424 1.20876
-0.423 1.20732
-0.422 1.20588
-0.421 1.20444
-0.42 1.20301
-0.419 1.20159
-0.418 1.20016
-0.417 1.19874
-0.416 1.19733
-0.415 1.19591
-0.414 1.1945
-0.413 1.1931
-0.412 1.19169
-0.411 1.19029
-0.41 1.1889
-0.409 1.1875
-0.408 1.18612
-0.407 1.18473
-0.406 1.18335
-0.405 1.18197
-0.404 1.18059
-0.403 1.17922
-0.402 1.17785
-0.401 1.17648
-0.4 1.17512
-0.399 1.17376
-0.398 1.17241
-0.397 1.17105
-0.396 1.16971
-0.395 1.16836
-0.394 1.16702
-0.393 1.16568
-0.392 1.16435
-0.391 1.16301
-0.39 1.16169
-0.389 1.16036
-0.388 1.15904
-0.387 1.15772
-0.386 1.15641
-0.385 1.15509
-0.384 1.15379
-0.383 1.15248
-0.382 1.15118
-0.381 1.14988
-0.38 1.14859
-0.379 1.1473
-0.378 1.14601
-0.377 1.14473
-0.376 1.14345
-0.375 1.14217
-0.374 1.14089
-0.373 1.13962
-0.372 1.13836
-0.371 1.13709
-0.37 1.13583
-0.369 1.13458
-0.368 1.13332
-0.367 1.13207
-0.366 1.13083
-0.365 1.12958
-0.364 1.12834
-0.363 1.12711
-0.362 1.12587
-0.361 1.12464
-0.36 1.12342
-0.359 1.12219
-0.358 1.12098
-0.357 1.11976
-0.356 1.11855
-0.355 1.11734
-0.354 1.11613
-0.353 1.11493
-0.352 1.11373
-0.351 1.11253
-0.35 1.11134
-0.349 1.11015
-0.348 1.10897
-0.347 1.10779
-0.346 1.10661
-0.345 1.10543
-0.344 1.10426
-0.343 1.10309
-0.342 1.10193
-0.341 1.10076
-0.34 1.09961
-0.339 1.09845
-0.338 1.0973
-0.337 1.09615
-0.336 1.09501
-0.335 1.09387
-0.334 1.09273
-0.333 1.09159
-0.332 1.09046
-0.331 1.08934
-0.33 1.08821
-0.329 1.08709
-0.328 1.08597
-0.327 1.08486
-0.326 1.08375
-0.325 1.08264
-0.324 1.08154
-0.323 1.08044
-0.322 1.07934
-0.321 1.07825
-0.32 1.07716
-0.319 1.07607
-0.318 1.07499
-0.317 1.07391
-0.316 1.07283
-0.315 1.07176
-0.314 1.07069
-0.313 1.06962
-0.312 1.06856
-0.311 1.0675
-0.31 1.06644
-0.309 1.06539
-0.308 1.06434
-0.307 1.06329
-0.306 1.06225
-0.305 1.06121
-0.304 1.06018
-0.303 1.05914
-0.302 1.05811
-0.301 1.05709
-0.3 1.05607
-0.299 1.05505
-0.298 1.05403
-0.297 1.05302
-0.296 1.05201
-0.295 1.05101
-0.294 1.05
-0.293 1.04901
-0.292 1.04801
-0.291 1.04702
-0.29 1.04603
-0.289 1.04505
-0.288 1.04407
-0.287 1.04309
-0.286 1.04211
-0.285 1.04114
-0.284 1.04017
-0.283 1.03921
-0.282 1.03825
-0.281 1.03729
-0.28 1.03634
-0.279 1.03539
-0.278 1.03444
-0.277 1.0335
-0.276 1.03255
-0.275 1.03162
-0.274 1.03068
-0.273 1.02975
-0.272 1.02883
-0.271 1.0279
-0.27 1.02698
-0.269 1.02607
-0.268 1.02515
-0.267 1.02424
-0.266 1.02334
-0.265 1.02243
-0.264 1.02153
-0.263 1.02064
-0.262 1.01974
-0.261 1.01886
-0.26 1.01797
-0.259 1.01709
-0.258 1.01621
-0.257 1.01533
-0.256 1.01446
-0.255 1.01359
-0.254 1.01272
-0.253 1.01186
-0.252 1.011
-0.251 1.01015
-0.25 1.00929
-0.249 1.00845
-0.248 1.0076
-0.247 1.00676
-0.246 1.00592
-0.245 1.00509
-0.244 1.00425
-0.243 1.00343
-0.242 1.0026
-0.241 1.00178
-0.24 1.00096
-0.239 1.00015
-0.238 0.999335
-0.237 0.998527
-0.236 0.997723
-0.235 0.996922
-0.234 0.996124
-0.233 0.99533
-0.232 0.994539
-0.231 0.993751
-0.23 0.992967
-0.229 0.992187
-0.228 0.99141
-0.227 0.990636
-0.226 0.989865
-0.225 0.989098
-0.224 0.988335
-0.223 0.987574
-0.222 0.986817
-0.221 0.986064
-0.22 0.985314
-0.219 0.984567
-0.218 0.983824
-0.217 0.983084
-0.216 0.982348
-0.215 0.981615
-0.214 0.980885
-0.213 0.980159
-0.212 0.979436
-0.211 0.978717
-0.21 0.978001
-0.209 0.977288
-0.208 0.976579
-0.207 0.975873
-0.206 0.97517
-0.205 0.974471
-0.204 0.973776
-0.203 0.973084
-0.202 0.972395
-0.201 0.971709
-0.2 0.971027
-0.199 0.970349
-0.198 0.969674
-0.197 0.969002
-0.196 0.968333
-0.195 0.967668
-0.194 0.967007
-0.193 0.966348
-0.192 0.965694
-0.191 0.965042
-0.19 0.964394
-0.189 0.96375
-0.188 0.963108
-0.187 0.962471
-0.186 0.961836
-0.185 0.961205
-0.184 0.960578
-0.183 0.959954
-0.182 0.959333
-0.181 0.958715
-0.18 0.958101
-0.179 0.957491
-0.178 0.956884
-0.177 0.95628
-0.176 0.955679
-0.175 0.955082
-0.174 0.954489
-0.173 0.953899
-0.172 0.953312
-0.171 0.952729
-0.17 0.952149
-0.169 0.951572
-0.168 0.950999
-0.167 0.950429
-0.166 0.949863
-0.165 0.9493
-0.164 0.94874
-0.163 0.948184
-0.162 0.947631
-0.161 0.947082
-0.16 0.946536
-0.159 0.945994
-0.158 0.945454
-0.157 0.944919
-0.156 0.944386
-0.155 0.943857
-0.154 0.943332
-0.153 0.94281
-0.152 0.942291
-0.151 0.941776
-0.15 0.941264
-0.149 0.940755
-0.148 0.94025
-0.147 0.939748
-0.146 0.93925
-0.145 0.938755
-0.144 0.938263
-0.143 0.937775
-0.142 0.937291
-0.141 0.936809
-0.14 0.936331
-0.139 0.935857
-0.138 0.935386
-0.137 0.934918
-0.136 0.934454
-0.135 0.933993
-0.134 0.933535
-0.133 0.933081
-0.132 0.93263
-0.131 0.932183
-0.13 0.931739
-0.129 0.931299
-0.128 0.930862
-0.127 0.930428
-0.126 0.929998
-0.125 0.929571
-0.124 0.929147
-0.123 0.928727
-0.122 0.92831
-0.121 0.927897
-0.12 0.927487
-0.119 0.927081
-0.118 0.926678
-0.117 0.926278
-0.116 0.925882
-0.115 0.925489
-0.114 0.925099
-0.113 0.924713
-0.112 0.924331
-0.111 0.923951
-0.11 0.923575
-0.109 0.923203
-0.108 0.922834
-0.107 0.922468
-0.106 0.922106
-0.105 0.921747
-0.104 0.921392
-0.103 0.92104
-0.102 0.920691
-0.101 0.920346
-0.1 0.920004
-0.099 0.919665
-0.098 0.91933
-0.097 0.918999
-0.096 0.91867
-0.095 0.918346
-0.094 0.918024
-0.093 0.917706
-0.092 0.917391
-0.091 0.91708
-0.09 0.916772
-0.089 0.916468
-0.088 0.916167
-0.087 0.915869
-0.086 0.915575
-0.085 0.915284
-0.084 0.914997
-0.083 0.914713
-0.082 0.914432
-0.081 0.914155
-0.08 0.913881
-0.079 0.913611
-0.078 0.913344
-0.077 0.91308
-0.076 0.91282
-0.075 0.912563
-0.074 0.912309
-0.073 0.912059
-0.072 0.911813
-0.071 0.91157
-0.07 0.91133
-0.069 0.911093
-0.068 0.91086
-0.067 0.910631
-0.066 0.910405
-0.065 0.910182
-0.064 0.909962
-0.063 0.909746
-0.062 0.909534
-0.061 0.909325
-0.06 0.909119
-0.059 0.908916
-0.058 0.908717
-0.057 0.908522
-0.056 0.90833
-0.055 0.908141
-0.054 0.907955
-0.053 0.907774
-0.052 0.907595
-0.051 0.90742
-0.05 0.907248
-0.049 0.90708
-0.048 0.906915
-0.047 0.906753
-0.046 0.906595
-0.045 0.90644
-0.044 0.906289
-0.043 0.906141
-0.042 0.905996
-0.041 0.905855
-0.04 0.905717
-0.039 0.905583
-0.038 0.905452
-0.037 0.905324
-0.036 0.9052
-0.035 0.905079
-0.034 0.904962
-0.033 0.904848
-0.032 0.904738
-0.031 0.90463
-0.03 0.904527
-0.029 0.904426
-0.028 0.904329
-0.027 0.904236
-0.026 0.904146
-0.025 0.904059
-0.024 0.903976
-0.023 0.903896
-0.022 0.903819
-0.021 0.903746
-0.02 0.903676
-0.019 0.90361
-0.018 0.903547
-0.017 0.903488
-0.016 0.903431
-0.015 0.903379
-0.014 0.903329
-0.013 0.903283
-0.012 0.903241
-0.011 0.903202
-0.01 0.903166
-0.009 0.903134
-0.008 0.903105
-0.007 0.903079
-0.006 0.903057
-0.005 0.903039
-0.004 0.903023
-0.003 0.903011
-0.002 0.903003
-0.001 0.902998
0 0.902996
0.001 0.902998
0.002 0.903003
0.003 0.903011
0.004 0.903023
0.005 0.903039
0.006 0.903057
0.007 0.903079
0.008 0.903105
0.009 0.903134
0.01 0.903166
0.011 0.903202
0.012 0.903241
0.013 0.903283
0.014 0.903329
0.015 0.903379
0.016 0.903431
0.017 0.903488
0.018 0.903547
0.019 0.90361
0.02 0.903676
0.021 0.903746
0.022 0.903819
0.023 0.903896
0.024 0.903976
0.025 0.904059
0.026 0.904146
0.027 0.904236
0.028 0.904329
0.029 0.904426
0.03 0.904527
0.031 0.90463
0.032 0.904738
0.033 0.904848
0.034 0.904962
0.035 0.905079
0.036 0.9052
0.037 0.905324
0.038 0.905452
0.039 0.905583
0.04 0.905717
0.041 0.905855
0.042 0.905996
0.043 0.906141
0.044 0.906289
0.045 0.90644
0.046 0.906595
0.047 0.906753
0.048 0.906915
0.049 0.90708
0.05 0.907248
0.051 0.90742
0.052 0.907595
0.053 0.907774
0.054 0.907955
0.055 0.908141
0.056 0.90833
0.057 0.908522
0.058 0.908717
0.059 0.908916
0.06 0.909119
0.061 0.909325
0.062 0.909534
0.063 0.909746
0.064 0.909962
0.065 0.910182
0.066 0.910405
0.067 0.910631
0.068 0.91086
0.069 0.911093
0.07 0.91133
0.071 0.91157
0.072 0.911813
0.073 0.912059
0.074 0.912309
0.075 0.912563
0.076 0.91282
0.077 0.91308
0.078 0.913344
0.079 0.913611
0.08 0.913881
0.081 0.914155
0.082 0.914432
0.083 0.914713
0.084 0.914997
0.085 0.915284
0.086 0.915575
0.087 0.915869
0.088 0.916167
0.089 0.916468
0.09 0.916772
0.091 0.91708
0.092 0.917391
0.093 0.917706
0.094 0.918024
0.095 0.918346
0.096 0.91867
0.097 0.918999
0.098 0.91933
0.099 0.919665
0.1 0.920004
0.101 0.920346
0.102 0.920691
0.103 0.92104
0.104 0.921392
0.105 0.921747
0.106 0.922106
0.107 0.922468
0.108 0.922834
0.109 0.923203
0.11 0.923575
0.111 0.923951
0.112 0.924331
0.113 0.924713
0.114 0.925099
0.115 0.925489
0.116 0.925882
0.117 0.926278
0.118 0.926678
0.119 0.927081
0.12 0.927487
0.121 0.927897
0.122 0.92831
0.123 0.928727
0.124 0.929147
0.125 0.929571
0.126 0.929998
0.127 0.930428
0.128 0.930862
0.129 0.931299
0.13 0.931739
0.131 0.932183
0.132 0.93263
0.133 0.933081
0.134 0.933535
0.135 0.933993
0.136 0.934454
0.137 0.934918
0.138 0.935386
0.139 0.935857
0.14 0.936331
0.141 0.936809
0.142 0.937291
0.143 0.937775
0.144 0.938263
0.145 0.938755
0.146 0.93925
0.147 0.939748
0.148 0.94025
0.149 0.940755
0.15 0.941264
0.151 0.941776
0.152 0.942291
0.153 0.94281
0.154 0.943332
0.155 0.943857
0.156 0.944386
0.157 0.944919
0.158 0.945454
0.159 0.945994
0.16 0.946536
0.161 0.947082
0.162 0.947631
0.163 0.948184
0.164 0.94874
0.165 0.9493
0.166 0.949863
0.167 0.950429
0.168 0.950999
0.169 0.951572
0.17 0.952149
0.171 0.952729
0.172 0.953312
0.173 0.953899
0.174 0.954489
0.175 0.955082
0.176 0.955679
0.177 0.95628
0.178 0.956884
0.179 0.957491
0.18 0.958101
0.181 0.958715
0.182 0.959333
0.183 0.959954
0.184 0.960578
0.185 0.961205
0.186 0.961836
0.187 0.962471
0.188 0.963108
0.189 0.96375
0.19 0.964394
0.191 0.965042
0.192 0.965694
0.193 0.966348
0.194 0.967007
0.195 0.967668
0.196 0.968333
0.197 0.969002
0.198 0.969674
0.199 0.970349
0.2 0.971027
0.201 0.971709
0.202 0.972395
0.203 0.973084
0.204 0.973776
0.205 0.974471
0.206 0.97517
0.207 0.975873
0.208 0.976579
0.209 0.977288
0.21 0.978001
0.211 0.978717
0.212 0.979436
0.213 0.980159
0.214 0.980885
0.215 0.981615
0.216 0.982348
0.217 0.983084
0.218 0.983824
0.219 0.984567
0.22 0.985314
0.221 0.986064
0.222 0.986817
0.223 0.987574
0.224 0.988335
0.225 0.989098
0.226 0.989865
0.227 0.990636
0.228 0.99141
0.229 0.992187
0.23 0.992967
0.231 0.993751
0.232 0.994539
0.233 0.99533
0.234 0.996124
0.235 0.996922
0.236 0.997723
0.237 0.998527
0.238 0.999335
0.239 1.00015
0.24 1.00096
0.241 1.00178
0.242 1.0026
0.243 1.00343
0.244 1.00425
0.245 1.00509
0.246 1.00592
0.247 1.00676
0.248 1.0076
0.249 1.00845
0.25 1.00929
0.251 1.01015
0.252 1.011
0.253 1.01186
0.254 1.01272
0.255 1.01359
0.256 1.01446
0.257 1.01533
0.258 1.01621
0.259 1.01709
0.26 1.01797
0.261 1.01886
0.262 1.01974
0.263 1.02064
0.264 1.02153
0.265 1.02243
0.266 1.02334
0.267 1.02424
0.268 1.02515
0.269 1.02607
0.27 1.02698
0.271 1.0279
0.272 1.02883
0.273 1.02975
0.274 1.03068
0.275 1.03162
0.276 1.03255
0.277 1.0335
0.278 1.03444
0.279 1.03539
0.28 1.03634
0.281 1.03729
0.282 1.03825
0.283 1.03921
0.284 1.04017
0.285 1.04114
0.286 1.04211
0.287 1.04309
0.288 1.04407
0.289 1.04505
0.29 1.04603
0.291 1.04702
0.292 1.04801
0.293 1.04901
0.294 1.05
0.295 1.05101
0.296 1.05201
0.297 1.05302
0.298 1.05403
0.299 1.05505
0.3 1.05607
0.301 1.05709
0.302 1.05811
0.303 1.05914
0.304 1.06018
0.305 1.06121
0.306 1.06225
0.307 1.06329
0.308 1.06434
0.309 1.06539
0.31 1.06644
0.311 1.0675
0.312 1.06856
0.313 1.06962
0.314 1.07069
0.315 1.07176
0.316 1.07283
0.317 1.07391
0.318 1.07499
0.319 1.07607
0.32 1.07716
0.321 1.07825
0.322 1.07934
0.323 1.08044
0.324 1.08154
0.325 1.08264
0.326 1.08375
0.327 1.08486
0.328 1.08597
0.329 1.08709
0.33 1.08821
0.331 1.08934
0.332 1.09046
0.333 1.09159
0.334 1.09273
0.335 1.09387
0.336 1.09501
0.337 1.09615
0.338 1.0973
0.339 1.09845
0.34 1.09961
0.341 1.10076
0.342 1.10193
0.343 1.10309
0.344 1.10426
0.345 1.10543
0.346 1.10661
0.347 1.10779
0.348 1.10897
0.349 1.11015
0.35 1.11134
0.351 1.11253
0.352 1.11373
0.353 1.11493
0.354 1.11613
0.355 1.11734
0.356 1.11855
0.357 1.11976
0.358 1.12098
0.359 1.12219
0.36 1.12342
0.361 1.12464
0.362 1.12587
0.363 1.12711
0.364 1.12834
0.365 1.12958
0.366 1.13083
0.367 1.13207
0.368 1.13332
0.369 1.13458
0.37 1.13583
0.371 1.13709
0.372 1.13836
0.373 1.13962
0.374 1.14089
0.375 1.14217
0.376 1.14345
0.377 1.14473
0.378 1.14601
0.379 1.1473
0.38 1.14859
0.381 1.14988
0.382 1.15118
0.383 1.15248
0.384 1.15379
0.385 1.15509
0.386 1.15641
0.387 1.15772
0.388 1.15904
0.389 1.16036
0.39 1.16169
0.391 1.16301
0.392 1.16435
0.393 1.16568
0.394 1.16702
0.395 1.16836
0.396 1.16971
0.397 1.17105
0.398 1.17241
0.399 1.17376
0.4 1.17512
0.401 1.17648
0.402 1.17785
0.403 1.17922
0.404 1.18059
0.405 1.18197
0.406 1.18335
0.407 1.18473
0.408 1.18612
0.409 1.1875
0.41 1.1889
0.411 1.19029
0.412 1.19169
0.413 1.1931
0.414 1.1945
0.415 1.19591
0.416 1.19733
0.417 1.19874
0.418 1.20016
0.419 1.20159
0.42 1.20301
0.421 1.20444
0.422 1.20588
0.423 1.20732
0.424 1.20876
0.425 1.2102
0.426 1.21165
0.427 1.2131
0.428 1.21455
0.429 1.21601
0.43 1.21747
0.431 1.21894
0.432 1.2204
0.433 1.22187
0.434 1.22335
0.435 1.22483
0.436 1.22631
0.437 1.22779
0.438 1.22928
0.439 1.23077
0.44 1.23227
0.441 1.23377
0.442 1.23527
0.443 1.23677
0.444 1.23828
0.445 1.23979
0.446 1.24131
0.447 1.24283
0.448 1.24435
0.449 1.24588
0.45 1.2474
0.451 1.24894
0.452 1.25047
0.453 1.25201
0.454 1.25355
0.455 1.2551
0.456 1.25665
0.457 1.2582
0.458 1.25976
0.459 1.26132
0.46 1.26288
0.461 1.26445
0.462 1.26602
0.463 1.26759
0.464 1.26917
0.465 1.27075
0.466 1.27233
0.467 1.27392
0.468 1.27551
0.469 1.2771
0.47 1.2787
0.471 1.2803
0.472 1.2819
0.473 1.28351
0.474 1.28512
0.475 1.28674
0.476 1.28835
0.477 1.28997
0.478 1.2916
0.479 1.29323
0.48 1.29486
0.481 1.29649
0.482 1.29813
0.483 1.29977
0.484 1.30141
0.485 1.30306
0.486 1.30471
0.487 1.30637
0.488 1.30803
0.489 1.30969
0.49 1.31135
0.491 1.31302
0.492 1.31469
0.493 1.31637
0.494 1.31805
0.495 1.31973
0.496 1.32142
0.497 1.3231
0.498 1.3248
0.499 1.32649
0.5 1.32819
0.501 1.32989
0.502 1.3316
0.503 1.33331
0.504 1.33502
0.505 1.33674
0.506 1.33846
0.507 1.34018
0.508 1.34191
0.509 1.34364
0.51 1.34537
0.511 1.34711
0.512 1.34885
0.513 1.35059
0.514 1.35234
0.515 1.35409
0.516 1.35584
0.517 1.3576
0.518 1.35936
0.519 1.36112
0.52 1.36289
0.521 1.36466
0.522 1.36643
0.523 1.36821
0.524 1.36999
0.525 1.37177
0.526 1.37356
0.527 1.37535
0.528 1.37715
0.529 1.37894
0.53 1.38075
0.531 1.38255
0.532 1.38436
0.533 1.38617
0.534 1.38798
0.535 1.3898
0.536 1.39162
0.537 1.39345
0.538 1.39528
0.539 1.39711
0.54 1.39894
0.541 1.40078
0.542 1.40262
0.543 1.40447
0.544 1.40632
0.545 1.40817
0.546 1.41003
0.547 1.41189
0.548 1.41375
0.549 1.41561
0.55 1.41748
0.551 1.41936
0.552 1.42123
0.553 1.42311
0.554 1.42499
0.555 1.42688
0.556 1.42877
0.557 1.43066
0.558 1.43256
0.559 1.43446
0.56 1.43636
0.561 1.43827
0.562 1.44018
0.563 1.44209
0.564 1.44401
0.565 1.44593
0.566 1.44785
0.567 1.44978
0.568 1.45171
0.569 1.45364
0.57 1.45558
0.571 1.45752
0.572 1.45947
0.573 1.46141
0.574 1.46336
0.575 1.46532
0.576 1.46728
0.577 1.46924
0.578 1.4712
0.579 1.47317
0.58 1.47514
0.581 1.47711
0.582 1.47909
0.583 1.48107
0.584 1.48306
0.585 1.48505
0.586 1.48704
0.587 1.48903
0.588 1.49103
0.589 1.49303
0.59 1.49504
0.591 1.49705
0.592 1.49906
0.593 1.50107
0.594 1.50309
0.595 1.50512
0.596 1.50714
0.597 1.50917
0.598 1.5112
0.599 1.51324
0.6 1.51528
0.601 1.51732
0.602 1.51937
0.603 1.52142
0.604 1.52347
0.605 1.52553
0.606 1.52758
0.607 1.52965
0.608 1.53171
0.609 1.53378
0.61 1.53586
0.611 1.53793
0.612 1.54001
0.613 1.5421
0.614 1.54418
0.615 1.54627
0.616 1.54837
0.617 1.55047
0.618 1.55257
0.619 1.55467
0.62 1.55678
0.621 1.55889
0.622 1.561
0.623 1.56312
0.624 1.56524
0.625 1.56736
0.626 1.56949
0.627 1.57162
0.628 1.57376
0.629 1.5759
0.63 1.57804
0.631 1.58018
0.632 1.58233
0.633 1.58448
0.634 1.58664
0.635 1.58879
0.636 1.59096
0.637 1.59312
0.638 1.59529
0.639 1.59746
0.64 1.59964
0.641 1.60182
0.642 1.604
0.643 1.60618
0.644 1.60837
0.645 1.61056
0.646 1.61276
0.647 1.61496
0.648 1.61716
0.649 1.61937
0.65 1.62158
0.651 1.62379
0.652 1.62601
0.653 1.62823
0.654 1.63045
0.655 1.63267
0.656 1.6349
0.657 1.63714
0.658 1.63937
0.659 1.64161
0.66 1.64386
0.661 1.6461
0.662 1.64835
0.663 1.65061
0.664 1.65286
0.665 1.65512
0.666 1.65739
0.667 1.65966
0.668 1.66193
0.669 1.6642
0.67 1.66648
0.671 1.66876
0.672 1.67104
0.673 1.67333
0.674 1.67562
0.675 1.67792
0.676 1.68021
0.677 1.68251
0.678 1.68482
0.679 1.68713
0.68 1.68944
0.681 1.69175
0.682 1.69407
0.683 1.69639
0.684 1.69872
0.685 1.70105
0.686 1.70338
0.687 1.70571
0.688 1.70805
0.689 1.71039
0.69 1.71274
0.691 1.71509
0.692 1.71744
0.693 1.7198
0.694 1.72215
0.695 1.72452
0.696 1.72688
0.697 1.72925
0.698 1.73162
0.699 1.734
0.7 1.73638
0.701 1.73876
0.702 1.74115
0.703 1.74354
0.704 1.74593
0.705 1.74833
0.706 1.75073
0.707 1.75313
0.708 1.75554
0.709 1.75795
0.71 1.76036
0.711 1.76278
0.712 1.7652
0.713 1.76762
0.714 1.77005
0.715 1.77248
0.716 1.77491
0.717 1.77735
0.718 1.77979
0.719 1.78223
0.72 1.78468
0.721 1.78713
0.722 1.78959
0.723 1.79204
0.724 1.79451
0.725 1.79697
0.726 1.79944
0.727 1.80191
0.728 1.80438
0.729 1.80686
0.73 1.80934
0.731 1.81183
0.732 1.81432
0.733 1.81681
0.734 1.8193
0.735 1.8218
0.736 1.8243
0.737 1.82681
0.738 1.82932
0.739 1.83183
0.74 1.83434
0.741 1.83686
0.742 1.83939
0.743 1.84191
0.744 1.84444
0.745 1.84697
0.746 1.84951
0.747 1.85205
0.748 1.85459
0.749 1.85714
0.75 1.85969
0.751 1.86224
0.752 1.8648
0.753 1.86736
0.754 1.86992
0.755 1.87249
0.756 1.87505
0.757 1.87763
0.758 1.8802
0.759 1.88278
0.76 1.88537
0.761 1.88796
0.762 1.89055
0.763 1.89314
0.764 1.89574
0.765 1.89834
0.766 1.90094
0.767 1.90355
0.768 1.90616
0.769 1.90877
0.77 1.91139
0.771 1.91401
0.772 1.91664
0.773 1.91926
0.774 1.92189
0.775 1.92453
0.776 1.92717
0.777 1.92981
0.778 1.93245
0.779 1.9351
0.78 1.93775
0.781 1.94041
0.782 1.94307
0.783 1.94573
0.784 1.94839
0.785 1.95106
0.786 1.95373
0.787 1.95641
0.788 1.95909
0.789 1.96177
0.79 1.96445
0.791 1.96714
0.792 1.96984
0.793 1.97253
0.794 1.97523
0.795 1.97793
0.796 1.98064
0.797 1.98335
0.798 1.98606
0.799 1.98878
0.8 1.9915
0.801 1.99422
0.802 1.99695
0.803 1.99968
0.804 2.00241
0.805 2.00515
0.806 2.00789
0.807 2.01063
0.808 2.01338
0.809 2.01613
0.81 2.01888
0.811 2.02164
0.812 2.0244
0.813 2.02716
0.814 2.02993
0.815 2.0327
0.816 2.03547
0.817 2.03825
0.818 2.04103
0.819 2.04382
0.82 2.0466
0.821 2.04939
0.822 2.05219
0.823 2.05499
0.824 2.05779
0.825 2.06059
0.826 2.0634
0.827 2.06621
0.828 2.06903
0.829 2.07184
0.83 2.07467
0.831 2.07749
0.832 2.08032
0.833 2.08315
0.834 2.08599
0.835 2.08882
0.836 2.09167
0.837 2.09451
0.838 2.09736
0.839 2.10021
0.84 2.10307
0.841 2.10593
0.842 2.10879
0.843 2.11166
0.844 2.11453
0.845 2.1174
0.846 2.12027
0.847 2.12315
0.848 2.12604
0.849 2.12892
0.85 2.13181
0.851 2.1347
0.852 2.1376
0.853 2.1405
0.854 2.1434
0.855 2.14631
0.856 2.14922
0.857 2.15213
0.858 2.15505
0.859 2.15797
0.86 2.1609
0.861 2.16382
0.862 2.16675
0.863 2.16969
0.864 2.17262
0.865 2.17556
0.866 2.17851
0.867 2.18146
0.868 2.18441
0.869 2.18736
0.87 2.19032
0.871 2.19328
0.872 2.19624
0.873 2.19921
0.874 2.20218
0.875 2.20516
0.876 2.20814
0.877 2.21112
0.878 2.2141
0.879 2.21709
0.88 2.22008
0.881 2.22308
0.882 2.22608
0.883 2.22908
0.884 2.23208
0.885 2.23509
0.886 2.2381
0.887 2.24112
0.888 2.24414
0.889 2.24716
0.89 2.25019
0.891 2.25322
0.892 2.25625
0.893 2.25928
0.894 2.26232
0.895 2.26537
0.896 2.26841
0.897 2.27146
0.898 2.27451
0.899 2.27757
0.9 2.28063
0.901 2.28369
0.902 2.28676
0.903 2.28983
0.904 2.2929
0.905 2.29598
0.906 2.29906
0.907 2.30214
0.908 2.30523
0.909 2.30832
0.91 2.31141
0.911 2.31451
0.912 2.31761
0.913 2.32072
0.914 2.32382
0.915 2.32693
0.916 2.33005
0.917 2.33317
0.918 2.33629
0.919 2.33941
0.92 2.34254
0.921 2.34567
0.922 2.3488
0.923 2.35194
0.924 2.35508
0.925 2.35823
0.926 2.36138
0.927 2.36453
0.928 2.36768
0.929 2.37084
0.93 2.374
0.931 2.37717
0.932 2.38034
0.933 2.38351
0.934 2.38668
0.935 2.38986
0.936 2.39305
0.937 2.39623
0.938 2.39942
0.939 2.40261
0.94 2.40581
0.941 2.40901
0.942 2.41221
0.943 2.41542
0.944 2.41863
0.945 2.42184
0.946 2.42505
0.947 2.42827
0.948 2.4315
0.949 2.43472
0.95 2.43795
0.951 2.44119
0.952 2.44442
0.953 2.44766
0.954 2.45091
0.955 2.45415
0.956 2.4574
0.957 2.46066
0.958 2.46391
0.959 2.46717
0.96 2.47044
0.961 2.47371
0.962 2.47698
0.963 2.48025
0.964 2.48353
0.965 2.48681
0.966 2.49009
0.967 2.49338
0.968 2.49667
0.969 2.49997
0.97 2.50326
0.971 2.50656
0.972 2.50987
0.973 2.51318
0.974 2.51649
0.975 2.5198
0.976 2.52312
0.977 2.52644
0.978 2.52977
0.979 2.5331
0.98 2.53643
0.981 2.53976
0.982 2.5431
0.983 2.54644
0.984 2.54979
0.985 2.55314
0.986 2.55649
0.987 2.55985
0.988 2.56321
0.989 2.56657
0.99 2.56993
0.991 2.5733
0.992 2.57668
0.993 2.58005
0.994 2.58343
0.995 2.58681
0.996 2.5902
0.997 2.59359
0.998 2.59698
0.999 2.60038
1 2.60378
