-1 1.99907
-0.999 1.99625
-0.998 1.99281
-0.997 1.98896
-0.996 1.98486
-0.995 1.98061
-0.994 1.97631
-0.993 1.97201
-0.992 1.96776
-0.991 1.96357
-0.99 1.95947
-0.989 1.95544
-0.988 1.95149
-0.987 1.94761
-0.986 1.9438
-0.985 1.94003
-0.984 1.9363
-0.983 1.9326
-0.982 1.92891
-0.981 1.92522
-0.98 1.92153
-0.979 1.91782
-0.978 1.9141
-0.977 1.91035
-0.976 1.90658
-0.975 1.90279
-0.974 1.89896
-0.973 1.89512
-0.972 1.89124
-0.971 1.88735
-0.97 1.88344
-0.969 1.87951
-0.968 1.87558
-0.967 1.87164
-0.966 1.86769
-0.965 1.86374
-0.964 1.8598
-0.963 1.85587
-0.962 1.85195
-0.961 1.84805
-0.96 1.84416
-0.959 1.84029
-0.958 1.83644
-0.957 1.83261
-0.956 1.82881
-0.955 1.82503
-0.954 1.82128
-0.953 1.81755
-0.952 1.81384
-0.951 1.81016
-0.95 1.80649
-0.949 1.80285
-0.948 1.79923
-0.947 1.79562
-0.946 1.79203
-0.945 1.78846
-0.944 1.78489
-0.943 1.78134
-0.942 1.77779
-0.941 1.77425
-0.94 1.77072
-0.939 1.76719
-0.938 1.76366
-0.937 1.76013
-0.936 1.7566
-0.935 1.75306
-0.934 1.74952
-0.933 1.74598
-0.932 1.74243
-0.931 1.73888
-0.93 1.73532
-0.929 1.73175
-0.928 1.72818
-0.927 1.7246
-0.926 1.72101
-0.925 1.71742
-0.924 1.71382
-0.923 1.71022
-0.922 1.70661
-0.921 1.703
-0.92 1.69939
-0.919 1.69577
-0.918 1.69216
-0.917 1.68854
-0.916 1.68493
-0.915 1.68131
-0.914 1.6777
-0.913 1.6741
-0.912 1.6705
-0.911 1.66691
-0.91 1.66332
-0.909 1.65974
-0.908 1.65617
-0.907 1.65261
-0.906 1.64906
-0.905 1.64553
-0.904 1.642
-0.903 1.63849
-0.902 1.63499
-0.901 1.6315
-0.9 1.62803
-0.899 1.62457
-0.898 1.62113
-0.897 1.6177
-0.896 1.61429
-0.895 1.61088
-0.894 1.6075
-0.893 1.60412
-0.892 1.60076
-0.891 1.59742
-0.89 1.59408
-0.889 1.59076
-0.888 1.58745
-0.887 1.58416
-0.886 1.58087
-0.885 1.57759
-0.884 1.57432
-0.883 1.57107
-0.882 1.56782
-0.881 1.56457
-0.88 1.56134
-0.879 1.55811
-0.878 1.55488
-0.877 1.55166
-0.876 1.54845
-0.875 1.54524
-0.874 1.54203
-0.873 1.53882
-0.872 1.53561
-0.871 1.53241
-0.87 1.52921
-0.869 1.526
-0.868 1.5228
-0.867 1.5196
-0.866 1.51639
-0.865 1.51319
-0.864 1.50998
-0.863 1.50677
-0.862 1.50356
-0.861 1.50035
-0.86 1.49714
-0.859 1.49392
-0.858 1.4907
-0.857 1.48748
-0.856 1.48426
-0.855 1.48104
-0.854 1.47782
-0.853 1.4746
-0.852 1.47137
-0.851 1.46815
-0.85 1.46492
-0.849 1.4617
-0.848 1.45847
-0.847 1.45525
-0.846 1.45203
-0.845 1.44881
-0.844 1.44559
-0.843 1.44238
-0.842 1.43917
-0.841 1.43596
-0.84 1.43276
-0.839 1.42956
-0.838 1.42637
-0.837 1.42318
-0.836 1.42
-0.835 1.41682
-0.834 1.41366
-0.833 1.4105
-0.832 1.40735
-0.831 1.4042
-0.83 1.40107
-0.829 1.39794
-0.828 1.39482
-0.827 1.39172
-0.826 1.38862
-0.825 1.38553
-0.824 1.38245
-0.823 1.37939
-0.822 1.37633
-0.821 1.37328
-0.82 1.37025
-0.819 1.36722
-0.818 1.36421
-0.817 1.3612
-0.816 1.35821
-0.815 1.35523
-0.814 1.35226
-0.813 1.34929
-0.812 1.34634
-0.811 1.3434
-0.81 1.34047
-0.809 1.33755
-0.808 1.33463
-0.807 1.33173
-0.806 1.32884
-0.805 1.32595
-0.804 1.32307
-0.803 1.3202
-0.802 1.31734
-0.801 1.31448
-0.8 1.31163
-0.799 1.30879
-0.798 1.30596
-0.797 1.30313
-0.796 1.3003
-0.795 1.29748
-0.794 1.29467
-0.793 1.29186
-0.792 1.28905
-0.791 1.28625
-0.79 1.28345
-0.789 1.28065
-0.788 1.27786
-0.787 1.27507
-0.786 1.27228
-0.785 1.26949
-0.784 1.2667
-0.783 1.26392
-0.782 1.26113
-0.781 1.25835
-0.78 1.25557
-0.779 1.25278
-0.778 1.25
-0.777 1.24722
-0.776 1.24444
-0.775 1.24165
-0.774 1.23887
-0.773 1.23609
-0.772 1.2333
-0.771 1.23052
-0.77 1.22773
-0.769 1.22495
-0.768 1.22216
-0.767 1.21938
-0.766 1.21659
-0.765 1.21381
-0.764 1.21102
-0.763 1.20824
-0.762 1.20545
-0.761 1.20267
-0.76 1.19988
-0.759 1.1971
-0.758 1.19432
-0.757 1.19154
-0.756 1.18876
-0.755 1.18598
-0.754 1.18321
-0.753 1.18044
-0.752 1.17767
-0.751 1.1749
-0.75 1.17214
-0.749 1.16938
-0.748 1.16662
-0.747 1.16387
-0.746 1.16112
-0.745 1.15837
-0.744 1.15564
-0.743 1.1529
-0.742 1.15017
-0.741 1.14745
-0.74 1.14473
-0.739 1.14202
-0.738 1.13932
-0.737 1.13662
-0.736 1.13393
-0.735 1.13125
-0.734 1.12857
-0.733 1.1259
-0.732 1.12324
-0.731 1.12059
-0.73 1.11794
-0.729 1.11531
-0.728 1.11268
-0.727 1.11006
-0.726 1.10745
-0.725 1.10484
-0.724 1.10225
-0.723 1.09966
-0.722 1.09709
-0.721 1.09452
-0.72 1.09196
-0.719 1.08941
-0.718 1.08687
-0.717 1.08433
-0.716 1.08181
-0.715 1.0793
-0.714 1.07679
-0.713 1.07429
-0.712 1.0718
-0.711 1.06932
-0.71 1.06684
-0.709 1.06438
-0.708 1.06192
-0.707 1.05947
-0.706 1.05703
-0.705 1.05459
-0.704 1.05216
-0.703 1.04974
-0.702 1.04733
-0.701 1.04492
-0.7 1.04251
-0.699 1.04012
-0.698 1.03773
-0.697 1.03534
-0.696 1.03296
-0.695 1.03058
-0.694 1.02821
-0.693 1.02585
-0.692 1.02348
-0.691 1.02112
-0.69 1.01877
-0.689 1.01642
-0.688 1.01407
-0.687 1.01172
-0.686 1.00938
-0.685 1.00704
-0.684 1.0047
-0.683 1.00237
-0.682 1.00003
-0.681 0.997701
-0.68 0.99537
-0.679 0.99304
-0.678 0.990711
-0.677 0.988383
-0.676 0.986056
-0.675 0.98373
-0.674 0.981403
-0.673 0.979078
-0.672 0.976752
-0.671 0.974427
-0.67 0.972102
-0.669 0.969776
-0.668 0.967451
-0.667 0.965126
-0.666 0.9628
-0.665 0.960474
-0.664 0.958148
-0.663 0.955822
-0.662 0.953495
-0.661 0.951169
-0.66 0.948842
-0.659 0.946515
-0.658 0.944188
-0.657 0.941861
-0.656 0.939535
-0.655 0.937208
-0.654 0.934882
-0.653 0.932556
-0.652 0.930231
-0.651 0.927907
-0.65 0.925583
-0.649 0.923261
-0.648 0.920939
-0.647 0.918619
-0.646 0.916301
-0.645 0.913984
-0.644 0.911669
-0.643 0.909356
-0.642 0.907046
-0.641 0.904737
-0.64 0.902432
-0.639 0.900129
-0.638 0.89783
-0.637 0.895533
-0.636 0.893241
-0.635 0.890952
-0.634 0.888667
-0.633 0.886386
-0.632 0.884109
-0.631 0.881837
-0.63 0.879569
-0.629 0.877307
-0.628 0.87505
-0.627 0.872798
-0.626 0.870552
-0.625 0.868311
-0.624 0.866076
-0.623 0.863847
-0.622 0.861625
-0.621 0.859409
-0.62 0.857199
-0.619 0.854997
-0.618 0.852801
-0.617 0.850612
-0.616 0.84843
-0.615 0.846255
-0.614 0.844087
-0.613 0.841927
-0.612 0.839774
-0.611 0.837629
-0.61 0.835491
-0.609 0.833361
-0.608 0.831239
-0.607 0.829124
-0.606 0.827017
-0.605 0.824917
-0.604 0.822825
-0.603 0.820741
-0.602 0.818665
-0.601 0.816596
-0.6 0.814535
-0.599 0.812481
-0.598 0.810435
-0.597 0.808396
-0.596 0.806364
-0.595 0.804339
-0.594 0.802322
-0.593 0.800311
-0.592 0.798308
-0.591 0.796311
-0.59 0.79432
-0.589 0.792336
-0.588 0.790358
-0.587 0.788386
-0.586 0.786421
-0.585 0.784461
-0.584 0.782506
-0.583 0.780557
-0.582 0.778613
-0.581 0.776674
-0.58 0.77474
-0.579 0.772811
-0.578 0.770886
-0.577 0.768965
-0.576 0.767048
-0.575 0.765135
-0.574 0.763226
-0.573 0.76132
-0.572 0.759417
-0.571 0.757517
-0.57 0.75562
-0.569 0.753725
-0.568 0.751833
-0.567 0.749943
-0.566 0.748055
-0.565 0.746169
-0.564 0.744284
-0.563 0.742401
-0.562 0.740519
-0.561 0.738638
-0.56 0.736758
-0.559 0.734878
-0.558 0.732999
-0.557 0.731121
-0.556 0.729243
-0.555 0.727365
-0.554 0.725487
-0.553 0.723609
-0.552 0.721731
-0.551 0.719853
-0.55 0.717974
-0.549 0.716094
-0.548 0.714214
-0.547 0.712334
-0.546 0.710453
-0.545 0.708571
-0.544 0.706688
-0.543 0.704805
-0.542 0.702921
-0.541 0.701036
-0.54 0.69915
-0.539 0.697264
-0.538 0.695376
-0.537 0.693488
-0.536 0.691599
-0.535 0.68971
-0.534 0.68782
-0.533 0.685929
-0.532 0.684038
-0.531 0.682147
-0.53 0.680255
-0.529 0.678363
-0.528 0.676471
-0.527 0.674579
-0.526 0.672688
-0.525 0.670796
-0.524 0.668905
-0.523 0.667015
-0.522 0.665125
-0.521 0.663236
-0.52 0.661348
-0.519 0.659461
-0.518 0.657576
-0.517 0.655692
-0.516 0.65381
-0.515 0.65193
-0.514 0.650052
-0.513 0.648176
-0.512 0.646302
-0.511 0.644431
-0.51 0.642563
-0.509 0.640698
-0.508 0.638836
-0.507 0.636977
-0.506 0.635122
-0.505 0.633271
-0.504 0.631424
-0.503 0.62958
-0.502 0.627741
-0.501 0.625907
-0.5 0.624077
-0.499 0.622252
-0.498 0.620432
-0.497 0.618617
-0.496 0.616807
-0.495 0.615003
-0.494 0.613205
-0.493 0.611412
-0.492 0.609625
-0.491 0.607844
-0.49 0.606069
-0.489 0.604301
-0.488 0.602539
-0.487 0.600783
-0.486 0.599034
-0.485 0.597292
-0.484 0.595556
-0.483 0.593827
-0.482 0.592105
-0.481 0.59039
-0.48 0.588682
-0.479 0.586981
-0.478 0.585287
-0.477 0.583599
-0.476 0.581919
-0.475 0.580247
-0.474 0.578581
-0.473 0.576922
-0.472 0.57527
-0.471 0.573625
-0.47 0.571987
-0.469 0.570356
-0.468 0.568732
-0.467 0.567115
-0.466 0.565504
-0.465 0.5639
-0.464 0.562302
-0.463 0.56071
-0.462 0.559125
-0.461 0.557546
-0.46 0.555974
-0.459 0.554407
-0.458 0.552845
-0.457 0.55129
-0.456 0.54974
-0.455 0.548195
-0.454 0.546655
-0.453 0.54512
-0.452 0.54359
-0.451 0.542065
-0.45 0.540544
-0.449 0.539028
-0.448 0.537515
-0.447 0.536006
-0.446 0.534502
-0.445 0.533
-0.444 0.531502
-0.443 0.530007
-0.442 0.528514
-0.441 0.527025
-0.44 0.525538
-0.439 0.524053
-0.438 0.52257
-0.437 0.521089
-0.436 0.51961
-0.435 0.518132
-0.434 0.516656
-0.433 0.51518
-0.432 0.513706
-0.431 0.512232
-0.43 0.510759
-0.429 0.509286
-0.428 0.507813
-0.427 0.50634
-0.426 0.504867
-0.425 0.503394
-0.424 0.50192
-0.423 0.500445
-0.422 0.49897
-0.421 0.497493
-0.42 0.496016
-0.419 0.494537
-0.418 0.493057
-0.417 0.491576
-0.416 0.490093
-0.415 0.488608
-0.414 0.487122
-0.413 0.485634
-0.412 0.484144
-0.411 0.482652
-0.41 0.481159
-0.409 0.479663
-0.408 0.478165
-0.407 0.476665
-0.406 0.475163
-0.405 0.473659
-0.404 0.472152
-0.403 0.470644
-0.402 0.469134
-0.401 0.467621
-0.4 0.466107
-0.399 0.46459
-0.398 0.463072
-0.397 0.461552
-0.396 0.46003
-0.395 0.458506
-0.394 0.456981
-0.393 0.455454
-0.392 0.453926
-0.391 0.452396
-0.39 0.450865
-0.389 0.449333
-0.388 0.447801
-0.387 0.446267
-0.386 0.444733
-0.385 0.443198
-0.384 0.441663
-0.383 0.440128
-0.382 0.438593
-0.381 0.437058
-0.38 0.435523
-0.379 0.433989
-0.378 0.432456
-0.377 0.430923
-0.376 0.429392
-0.375 0.427862
-0.374 0.426333
-0.373 0.424807
-0.372 0.423282
-0.371 0.421759
-0.37 0.420238
-0.369 0.41872
-0.368 0.417205
-0.367 0.415692
-0.366 0.414183
-0.365 0.412677
-0.364 0.411174
-0.363 0.409676
-0.362 0.408181
-0.361 0.40669
-0.36 0.405204
-0.359 0.403722
-0.358 0.402245
-0.357 0.400772
-0.356 0.399305
-0.355 0.397843
-0.354 0.396386
-0.353 0.394935
-0.352 0.393489
-0.351 0.392049
-0.35 0.390616
-0.349 0.389188
-0.348 0.387767
-0.347 0.386351
-0.346 0.384943
-0.345 0.383541
-0.344 0.382145
-0.343 0.380757
-0.342 0.379375
-0.341 0.378
-0.34 0.376632
-0.339 0.375271
-0.338 0.373918
-0.337 0.372571
-0.336 0.371231
-0.335 0.369899
-0.334 0.368574
-0.333 0.367255
-0.332 0.365944
-0.331 0.364641
-0.33 0.363344
-0.329 0.362054
-0.328 0.360771
-0.327 0.359496
-0.326 0.358227
-0.325 0.356964
-0.324 0.355709
-0.323 0.35446
-0.322 0.353218
-0.321 0.351982
-0.32 0.350753
-0.319 0.349529
-0.318 0.348312
-0.317 0.3471
-0.316 0.345894
-0.315 0.344694
-0.314 0.343499
-0.313 0.342309
-0.312 0.341124
-0.311 0.339944
-0.31 0.338769
-0.309 0.337598
-0.308 0.336431
-0.307 0.335269
-0.306 0.33411
-0.305 0.332954
-0.304 0.331802
-0.303 0.330654
-0.302 0.329508
-0.301 0.328364
-0.3 0.327223
-0.299 0.326084
-0.298 0.324948
-0.297 0.323812
-0.296 0.322679
-0.295 0.321546
-0.294 0.320415
-0.293 0.319284
-0.292 0.318153
-0.291 0.317023
-0.29 0.315893
-0.289 0.314762
-0.288 0.313631
-0.287 0.312499
-0.286 0.311367
-0.285 0.310233
-0.284 0.309097
-0.283 0.307961
-0.282 0.306822
-0.281 0.305681
-0.28 0.304538
-0.279 0.303392
-0.278 0.302244
-0.277 0.301093
-0.276 0.299939
-0.275 0.298782
-0.274 0.297621
-0.273 0.296457
-0.272 0.295289
-0.271 0.294118
-0.27 0.292943
-0.269 0.291763
-0.268 0.29058
-0.267 0.289392
-0.266 0.2882
-0.265 0.287004
-0.264 0.285803
-0.263 0.284598
-0.262 0.283388
-0.261 0.282173
-0.26 0.280954
-0.259 0.27973
-0.258 0.278502
-0.257 0.277268
-0.256 0.276031
-0.255 0.274788
-0.254 0.273541
-0.253 0.27229
-0.252 0.271033
-0.251 0.269773
-0.25 0.268508
-0.249 0.267239
-0.248 0.265966
-0.247 0.264689
-0.246 0.263408
-0.245 0.262123
-0.244 0.260835
-0.243 0.259543
-0.242 0.258247
-0.241 0.256949
-0.24 0.255648
-0.239 0.254344
-0.238 0.253037
-0.237 0.251728
-0.236 0.250416
-0.235 0.249103
-0.234 0.247788
-0.233 0.246472
-0.232 0.245154
-0.231 0.243836
-0.23 0.242516
-0.229 0.241196
-0.228 0.239876
-0.227 0.238556
-0.226 0.237237
-0.225 0.235918
-0.224 0.234599
-0.223 0.233282
-0.222 0.231967
-0.221 0.230653
-0.22 0.229341
-0.219 0.228031
-0.218 0.226724
-0.217 0.22542
-0.216 0.224119
-0.215 0.222821
-0.214 0.221528
-0.213 0.220238
-0.212 0.218952
-0.211 0.217671
-0.21 0.216395
-0.209 0.215124
-0.208 0.213859
-0.207 0.212599
-0.206 0.211345
-0.205 0.210097
-0.204 0.208855
-0.203 0.20762
-0.202 0.206392
-0.201 0.205171
-0.2 0.203958
-0.199 0.202752
-0.198 0.201553
-0.197 0.200362
-0.196 0.19918
-0.195 0.198006
-0.194 0.19684
-0.193 0.195682
-0.192 0.194533
-0.191 0.193393
-0.19 0.192262
-0.189 0.19114
-0.188 0.190027
-0.187 0.188923
-0.186 0.187828
-0.185 0.186743
-0.184 0.185667
-0.183 0.1846
-0.182 0.183543
-0.181 0.182495
-0.18 0.181456
-0.179 0.180426
-0.178 0.179406
-0.177 0.178395
-0.176 0.177393
-0.175 0.1764
-0.174 0.175416
-0.173 0.174441
-0.172 0.173475
-0.171 0.172517
-0.17 0.171567
-0.169 0.170626
-0.168 0.169693
-0.167 0.168768
-0.166 0.16785
-0.165 0.16694
-0.164 0.166037
-0.163 0.16514
-0.162 0.164251
-0.161 0.163368
-0.16 0.162491
-0.159 0.16162
-0.158 0.160755
-0.157 0.159895
-0.156 0.15904
-0.155 0.158189
-0.154 0.157343
-0.153 0.156501
-0.152 0.155662
-0.151 0.154827
-0.15 0.153994
-0.149 0.153164
-0.148 0.152335
-0.147 0.151509
-0.146 0.150684
-0.145 0.149859
-0.144 0.149035
-0.143 0.148211
-0.142 0.147387
-0.141 0.146562
-0.14 0.145736
-0.139 0.144909
-0.138 0.144079
-0.137 0.143247
-0.136 0.142412
-0.135 0.141574
-0.134 0.140732
-0.133 0.139886
-0.132 0.139036
-0.131 0.13818
-0.13 0.13732
-0.129 0.136454
-0.128 0.135581
-0.127 0.134702
-0.126 0.133817
-0.125 0.132924
-0.124 0.132024
-0.123 0.131115
-0.122 0.130199
-0.121 0.129274
-0.12 0.12834
-0.119 0.127397
-0.118 0.126444
-0.117 0.125481
-0.116 0.124509
-0.115 0.123526
-0.114 0.122532
-0.113 0.121528
-0.112 0.120512
-0.111 0.119486
-0.11 0.118448
-0.109 0.117398
-0.108 0.116336
-0.107 0.115263
-0.106 0.114178
-0.105 0.11308
-0.104 0.111971
-0.103 0.110849
-0.102 0.109715
-0.101 0.108568
-0.1 0.107409
-0.099 0.106238
-0.098 0.105055
-0.097 0.103859
-0.096 0.102651
-0.095 0.101431
-0.094 0.100199
-0.093 0.0989553
-0.092 0.0976998
-0.091 0.0964328
-0.09 0.0951544
-0.089 0.093865
-0.088 0.0925646
-0.087 0.0912537
-0.086 0.0899324
-0.085 0.088601
-0.084 0.0872599
-0.083 0.0859094
-0.082 0.0845499
-0.081 0.0831817
-0.08 0.0818052
-0.079 0.0804209
-0.078 0.0790292
-0.077 0.0776304
-0.076 0.0762252
-0.075 0.074814
-0.074 0.0733972
-0.073 0.0719755
-0.072 0.0705493
-0.071 0.0691192
-0.07 0.0676858
-0.069 0.0662497
-0.068 0.0648114
-0.067 0.0633716
-0.066 0.0619309
-0.065 0.06049
-0.064 0.0590495
-0.063 0.05761
-0.062 0.0561723
-0.061 0.0547371
-0.06 0.053305
-0.059 0.0518767
-0.058 0.0504531
-0.057 0.0490347
-0.056 0.0476223
-0.055 0.0462167
-0.054 0.0448187
-0.053 0.0434288
-0.052 0.042048
-0.051 0.040677
-0.05 0.0393165
-0.049 0.0379674
-0.048 0.0366302
-0.047 0.035306
-0.046 0.0339953
-0.045 0.032699
-0.044 0.0314178
-0.043 0.0301524
-0.042 0.0289038
-0.041 0.0276725
-0.04 0.0264594
-0.039 0.0252651
-0.038 0.0240905
-0.037 0.0229362
-0.036 0.021803
-0.035 0.0206915
-0.034 0.0196026
-0.033 0.0185368
-0.032 0.0174949
-0.031 0.0164775
-0.03 0.0154852
-0.029 0.0145188
-0.028 0.0135789
-0.027 0.012666
-0.026 0.0117808
-0.025 0.0109238
-0.024 0.0100957
-0.023 0.00929689
-0.022 0.00852801
-0.021 0.00778955
-0.02 0.007082
-0.019 0.00640585
-0.018 0.00576153
-0.017 0.0051495
-0.016 0.00457016
-0.015 0.00402392
-0.014 0.00351114
-0.013 0.00303218
-0.012 0.00258736
-0.011 0.00217699
-0.01 0.00180134
-0.009 0.00146069
-0.008 0.00115526
-0.007 0.00088526
-0.006 0.000650883
-0.005 0.00045229
-0.004 0.000289616
-0.003 0.000162975
-0.002 7.24542e-05
-0.001 1.81167e-05
0 -2.88658e-15
0.001 1.81167e-05
0.002 7.24542e-05
0.003 0.000162975
0.004 0.000289616
0.005 0.00045229
0.006 0.000650883
0.007 0.00088526
0.008 0.00115526
0.009 0.00146069
0.01 0.00180134
0.011 0.00217699
0.012 0.00258736
0.013 0.00303218
0.014 0.00351114
0.015 0.00402392
0.016 0.00457016
0.017 0.0051495
0.018 0.00576153
0.019 0.00640585
0.02 0.007082
0.021 0.00778955
0.022 0.00852801
0.023 0.00929689
0.024 0.0100957
0.025 0.0109238
0.026 0.0117808
0.027 0.012666
0.028 0.0135789
0.029 0.0145188
0.03 0.0154852
0.031 0.0164775
0.032 0.0174949
0.033 0.0185368
0.034 0.0196026
0.035 0.0206915
0.036 0.021803
0.037 0.0229362
0.038 0.0240905
0.039 0.0252651
0.04 0.0264594
0.041 0.0276725
0.042 0.0289038
0.043 0.0301524
0.044 0.0314178
0.045 0.032699
0.046 0.0339953
0.047 0.035306
0.048 0.0366302
0.049 0.0379674
0.05 0.0393165
0.051 0.040677
0.052 0.042048
0.053 0.0434288
0.054 0.0448187
0.055 0.0462167
0.056 0.0476223
0.057 0.0490347
0.058 0.0504531
0.059 0.0518767
0.06 0.053305
0.061 0.0547371
0.062 0.0561723
0.063 0.05761
0.064 0.0590495
0.065 0.06049
0.066 0.0619309
0.067 0.0633716
0.068 0.0648114
0.069 0.0662497
0.07 0.0676858
0.071 0.0691192
0.072 0.0705493
0.073 0.0719755
0.074 0.0733972
0.075 0.074814
0.076 0.0762252
0.077 0.0776304
0.078 0.0790292
0.079 0.0804209
0.08 0.0818052
0.081 0.0831817
0.082 0.0845499
0.083 0.0859094
0.084 0.0872599
0.085 0.088601
0.086 0.0899324
0.087 0.0912537
0.088 0.0925646
0.089 0.093865
0.09 0.0951544
0.091 0.0964328
0.092 0.0976998
0.093 0.0989553
0.094 0.100199
0.095 0.101431
0.096 0.102651
0.097 0.103859
0.098 0.105055
0.099 0.106238
0.1 0.107409
0.101 0.108568
0.102 0.109715
0.103 0.110849
0.104 0.111971
0.105 0.11308
0.106 0.114178
0.107 0.115263
0.108 0.116336
0.109 0.117398
0.11 0.118448
0.111 0.119486
0.112 0.120512
0.113 0.121528
0.114 0.122532
0.115 0.123526
0.116 0.124509
0.117 0.125481
0.118 0.126444
0.119 0.127397
0.12 0.12834
0.121 0.129274
0.122 0.130199
0.123 0.131115
0.124 0.132024
0.125 0.132924
0.126 0.133817
0.127 0.134702
0.128 0.135581
0.129 0.136454
0.13 0.13732
0.131 0.13818
0.132 0.139036
0.133 0.139886
0.134 0.140732
0.135 0.141574
0.136 0.142412
0.137 0.143247
0.138 0.144079
0.139 0.144909
0.14 0.145736
0.141 0.146562
0.142 0.147387
0.143 0.148211
0.144 0.149035
0.145 0.149859
0.146 0.150684
0.147 0.151509
0.148 0.152335
0.149 0.153164
0.15 0.153994
0.151 0.154827
0.152 0.155662
0.153 0.156501
0.154 0.157343
0.155 0.158189
0.156 0.15904
0.157 0.159895
0.158 0.160755
0.159 0.16162
0.16 0.162491
0.161 0.163368
0.162 0.164251
0.163 0.16514
0.164 0.166037
0.165 0.16694
0.166 0.16785
0.167 0.168768
0.168 0.169693
0.169 0.170626
0.17 0.171567
0.171 0.172517
0.172 0.173475
0.173 0.174441
0.174 0.175416
0.175 0.1764
0.176 0.177393
0.177 0.178395
0.178 0.179406
0.179 0.180426
0.18 0.181456
0.181 0.182495
0.182 0.183543
0.183 0.1846
0.184 0.185667
0.185 0.186743
0.186 0.187828
0.187 0.188923
0.188 0.190027
0.189 0.19114
0.19 0.192262
0.191 0.193393
0.192 0.194533
0.193 0.195682
0.194 0.19684
0.195 0.198006
0.196 0.19918
0.197 0.200362
0.198 0.201553
0.199 0.202752
0.2 0.203958
0.201 0.205171
0.202 0.206392
0.203 0.20762
0.204 0.208855
0.205 0.210097
0.206 0.211345
0.207 0.212599
0.208 0.213859
0.209 0.215124
0.21 0.216395
0.211 0.217671
0.212 0.218952
0.213 0.220238
0.214 0.221528
0.215 0.222821
0.216 0.224119
0.217 0.22542
0.218 0.226724
0.219 0.228031
0.22 0.229341
0.221 0.230653
0.222 0.231967
0.223 0.233282
0.224 0.234599
0.225 0.235918
0.226 0.237237
0.227 0.238556
0.228 0.239876
0.229 0.241196
0.23 0.242516
0.231 0.243836
0.232 0.245154
0.233 0.246472
0.234 0.247788
0.235 0.249103
0.236 0.250416
0.237 0.251728
0.238 0.253037
0.239 0.254344
0.24 0.255648
0.241 0.256949
0.242 0.258247
0.243 0.259543
0.244 0.260835
0.245 0.262123
0.246 0.263408
0.247 0.264689
0.248 0.265966
0.249 0.267239
0.25 0.268508
0.251 0.269773
0.252 0.271033
0.253 0.27229
0.254 0.273541
0.255 0.274788
0.256 0.276031
0.257 0.277268
0.258 0.278502
0.259 0.27973
0.26 0.280954
0.261 0.282173
0.262 0.283388
0.263 0.284598
0.264 0.285803
0.265 0.287004
0.266 0.2882
0.267 0.289392
0.268 0.29058
0.269 0.291763
0.27 0.292943
0.271 0.294118
0.272 0.295289
0.273 0.296457
0.274 0.297621
0.275 0.298782
0.276 0.299939
0.277 0.301093
0.278 0.302244
0.279 0.303392
0.28 0.304538
0.281 0.305681
0.282 0.306822
0.283 0.307961
0.284 0.309097
0.285 0.310233
0.286 0.311367
0.287 0.312499
0.288 0.313631
0.289 0.314762
0.29 0.315893
0.291 0.317023
0.292 0.318153
0.293 0.319284
0.294 0.320415
0.295 0.321546
0.296 0.322679
0.297 0.323812
0.298 0.324948
0.299 0.326084
0.3 0.327223
0.301 0.328364
0.302 0.329508
0.303 0.330654
0.304 0.331802
0.305 0.332954
0.306 0.33411
0.307 0.335269
0.308 0.336431
0.309 0.337598
0.31 0.338769
0.311 0.339944
0.312 0.341124
0.313 0.342309
0.314 0.343499
0.315 0.344694
0.316 0.345894
0.317 0.3471
0.318 0.348312
0.319 0.349529
0.32 0.350753
0.321 0.351982
0.322 0.353218
0.323 0.35446
0.324 0.355709
0.325 0.356964
0.326 0.358227
0.327 0.359496
0.328 0.360771
0.329 0.362054
0.33 0.363344
0.331 0.364641
0.332 0.365944
0.333 0.367255
0.334 0.368574
0.335 0.369899
0.336 0.371231
0.337 0.372571
0.338 0.373918
0.339 0.375271
0.34 0.376632
0.341 0.378
0.342 0.379375
0.343 0.380757
0.344 0.382145
0.345 0.383541
0.346 0.384943
0.347 0.386351
0.348 0.387767
0.349 0.389188
0.35 0.390616
0.351 0.392049
0.352 0.393489
0.353 0.394935
0.354 0.396386
0.355 0.397843
0.356 0.399305
0.357 0.400772
0.358 0.402245
0.359 0.403722
0.36 0.405204
0.361 0.40669
0.362 0.408181
0.363 0.409676
0.364 0.411174
0.365 0.412677
0.366 0.414183
0.367 0.415692
0.368 0.417205
0.369 0.41872
0.37 0.420238
0.371 0.421759
0.372 0.423282
0.373 0.424807
0.374 0.426333
0.375 0.427862
0.376 0.429392
0.377 0.430923
0.378 0.432456
0.379 0.433989
0.38 0.435523
0.381 0.437058
0.382 0.438593
0.383 0.440128
0.384 0.441663
0.385 0.443198
0.386 0.444733
0.387 0.446267
0.388 0.447801
0.389 0.449333
0.39 0.450865
0.391 0.452396
0.392 0.453926
0.393 0.455454
0.394 0.456981
0.395 0.458506
0.396 0.46003
0.397 0.461552
0.398 0.463072
0.399 0.46459
0.4 0.466107
0.401 0.467621
0.402 0.469134
0.403 0.470644
0.404 0.472152
0.405 0.473659
0.406 0.475163
0.407 0.476665
0.408 0.478165
0.409 0.479663
0.41 0.481159
0.411 0.482652
0.412 0.484144
0.413 0.485634
0.414 0.487122
0.415 0.488608
0.416 0.490093
0.417 0.491576
0.418 0.493057
0.419 0.494537
0.42 0.496016
0.421 0.497493
0.422 0.49897
0.423 0.500445
0.424 0.50192
0.425 0.503394
0.426 0.504867
0.427 0.50634
0.428 0.507813
0.429 0.509286
0.43 0.510759
0.431 0.512232
0.432 0.513706
0.433 0.51518
0.434 0.516656
0.435 0.518132
0.436 0.51961
0.437 0.521089
0.438 0.52257
0.439 0.524053
0.44 0.525538
0.441 0.527025
0.442 0.528514
0.443 0.530007
0.444 0.531502
0.445 0.533
0.446 0.534502
0.447 0.536006
0.448 0.537515
0.449 0.539028
0.45 0.540544
0.451 0.542065
0.452 0.54359
0.453 0.54512
0.454 0.546655
0.455 0.548195
0.456 0.54974
0.457 0.55129
0.458 0.552845
0.459 0.554407
0.46 0.555974
0.461 0.557546
0.462 0.559125
0.463 0.56071
0.464 0.562302
0.465 0.5639
0.466 0.565504
0.467 0.567115
0.468 0.568732
0.469 0.570356
0.47 0.571987
0.471 0.573625
0.472 0.57527
0.473 0.576922
0.474 0.578581
0.475 0.580247
0.476 0.581919
0.477 0.583599
0.478 0.585287
0.479 0.586981
0.48 0.588682
0.481 0.59039
0.482 0.592105
0.483 0.593827
0.484 0.595556
0.485 0.597292
0.486 0.599034
0.487 0.600783
0.488 0.602539
0.489 0.604301
0.49 0.606069
0.491 0.607844
0.492 0.609625
0.493 0.611412
0.494 0.613205
0.495 0.615003
0.496 0.616807
0.497 0.618617
0.498 0.620432
0.499 0.622252
0.5 0.624077
0.501 0.625907
0.502 0.627741
0.503 0.62958
0.504 0.631424
0.505 0.633271
0.506 0.635122
0.507 0.636977
0.508 0.638836
0.509 0.640698
0.51 0.642563
0.511 0.644431
0.512 0.646302
0.513 0.648176
0.514 0.650052
0.515 0.65193
0.516 0.65381
0.517 0.655692
0.518 0.657576
0.519 0.659461
0.52 0.661348
0.521 0.663236
0.522 0.665125
0.523 0.667015
0.524 0.668905
0.525 0.670796
0.526 0.672688
0.527 0.674579
0.528 0.676471
0.529 0.678363
0.53 0.680255
0.531 0.682147
0.532 0.684038
0.533 0.685929
0.534 0.68782
0.535 0.68971
0.536 0.691599
0.537 0.693488
0.538 0.695376
0.539 0.697264
0.54 0.69915
0.541 0.701036
0.542 0.702921
0.543 0.704805
0.544 0.706688
0.545 0.708571
0.546 0.710453
0.547 0.712334
0.548 0.714214
0.549 0.716094
0.55 0.717974
0.551 0.719853
0.552 0.721731
0.553 0.723609
0.554 0.725487
0.555 0.727365
0.556 0.729243
0.557 0.731121
0.558 0.732999
0.559 0.734878
0.56 0.736758
0.561 0.738638
0.562 0.740519
0.563 0.742401
0.564 0.744284
0.565 0.746169
0.566 0.748055
0.567 0.749943
0.568 0.751833
0.569 0.753725
0.57 0.75562
0.571 0.757517
0.572 0.759417
0.573 0.76132
0.574 0.763226
0.575 0.765135
0.576 0.767048
0.577 0.768965
0.578 0.770886
0.579 0.772811
0.58 0.77474
0.581 0.776674
0.582 0.778613
0.583 0.780557
0.584 0.782506
0.585 0.784461
0.586 0.786421
0.587 0.788386
0.588 0.790358
0.589 0.792336
0.59 0.79432
0.591 0.796311
0.592 0.798308
0.593 0.800311
0.594 0.802322
0.595 0.804339
0.596 0.806364
0.597 0.808396
0.598 0.810435
0.599 0.812481
0.6 0.814535
0.601 0.816596
0.602 0.818665
0.603 0.820741
0.604 0.822825
0.605 0.824917
0.606 0.827017
0.607 0.829124
0.608 0.831239
0.609 0.833361
0.61 0.835491
0.611 0.837629
0.612 0.839774
0.613 0.841927
0.614 0.844087
0.615 0.846255
0.616 0.84843
0.617 0.850612
0.618 0.852801
0.619 0.854997
0.62 0.857199
0.621 0.859409
0.622 0.861625
0.623 0.863847
0.624 0.866076
0.625 0.868311
0.626 0.870552
0.627 0.872798
0.628 0.87505
0.629 0.877307
0.63 0.879569
0.631 0.881837
0.632 0.884109
0.633 0.886386
0.634 0.888667
0.635 0.890952
0.636 0.893241
0.637 0.895533
0.638 0.89783
0.639 0.900129
0.64 0.902432
0.641 0.904737
0.642 0.907046
0.643 0.909356
0.644 0.911669
0.645 0.913984
0.646 0.916301
0.647 0.918619
0.648 0.920939
0.649 0.923261
0.65 0.925583
0.651 0.927907
0.652 0.930231
0.653 0.932556
0.654 0.934882
0.655 0.937208
0.656 0.939535
0.657 0.941861
0.658 0.944188
0.659 0.946515
0.66 0.948842
0.661 0.951169
0.662 0.953495
0.663 0.955822
0.664 0.958148
0.665 0.960474
0.666 0.9628
0.667 0.965126
0.668 0.967451
0.669 0.969776
0.67 0.972102
0.671 0.974427
0.672 0.976752
0.673 0.979078
0.674 0.981403
0.675 0.98373
0.676 0.986056
0.677 0.988383
0.678 0.990711
0.679 0.99304
0.68 0.99537
0.681 0.997701
0.682 1.00003
0.683 1.00237
0.684 1.0047
0.685 1.00704
0.686 1.00938
0.687 1.01172
0.688 1.01407
0.689 1.01642
0.69 1.01877
0.691 1.02112
0.692 1.02348
0.693 1.02585
0.694 1.02821
0.695 1.03058
0.696 1.03296
0.697 1.03534
0.698 1.03773
0.699 1.04012
0.7 1.04251
0.701 1.04492
0.702 1.04733
0.703 1.04974
0.704 1.05216
0.705 1.05459
0.706 1.05703
0.707 1.05947
0.708 1.06192
0.709 1.06438
0.71 1.06684
0.711 1.06932
0.712 1.0718
0.713 1.07429
0.714 1.07679
0.715 1.0793
0.716 1.08181
0.717 1.08433
0.718 1.08687
0.719 1.08941
0.72 1.09196
0.721 1.09452
0.722 1.09709
0.723 1.09966
0.724 1.10225
0.725 1.10484
0.726 1.10745
0.727 1.11006
0.728 1.11268
0.729 1.11531
0.73 1.11794
0.731 1.12059
0.732 1.12324
0.733 1.1259
0.734 1.12857
0.735 1.13125
0.736 1.13393
0.737 1.13662
0.738 1.13932
0.739 1.14202
0.74 1.14473
0.741 1.14745
0.742 1.15017
0.743 1.1529
0.744 1.15564
0.745 1.15837
0.746 1.16112
0.747 1.16387
0.748 1.16662
0.749 1.16938
0.75 1.17214
0.751 1.1749
0.752 1.17767
0.753 1.18044
0.754 1.18321
0.755 1.18598
0.756 1.18876
0.757 1.19154
0.758 1.19432
0.759 1.1971
0.76 1.19988
0.761 1.20267
0.762 1.20545
0.763 1.20824
0.764 1.21102
0.765 1.21381
0.766 1.21659
0.767 1.21938
0.768 1.22216
0.769 1.22495
0.77 1.22773
0.771 1.23052
0.772 1.2333
0.773 1.23609
0.774 1.23887
0.775 1.24165
0.776 1.24444
0.777 1.24722
0.778 1.25
0.779 1.25278
0.78 1.25557
0.781 1.25835
0.782 1.26113
0.783 1.26392
0.784 1.2667
0.785 1.26949
0.786 1.27228
0.787 1.27507
0.788 1.27786
0.789 1.28065
0.79 1.28345
0.791 1.28625
0.792 1.28905
0.793 1.29186
0.794 1.29467
0.795 1.29748
0.796 1.3003
0.797 1.30313
0.798 1.30596
0.799 1.30879
0.8 1.31163
0.801 1.31448
0.802 1.31734
0.803 1.3202
0.804 1.32307
0.805 1.32595
0.806 1.32884
0.807 1.33173
0.808 1.33463
0.809 1.33755
0.81 1.34047
0.811 1.3434
0.812 1.34634
0.813 1.34929
0.814 1.35226
0.815 1.35523
0.816 1.35821
0.817 1.3612
0.818 1.36421
0.819 1.36722
0.82 1.37025
0.821 1.37328
0.822 1.37633
0.823 1.37939
0.824 1.38245
0.825 1.38553
0.826 1.38862
0.827 1.39172
0.828 1.39482
0.829 1.39794
0.83 1.40107
0.831 1.4042
0.832 1.40735
0.833 1.4105
0.834 1.41366
0.835 1.41682
0.836 1.42
0.837 1.42318
0.838 1.42637
0.839 1.42956
0.84 1.43276
0.841 1.43596
0.842 1.43917
0.843 1.44238
0.844 1.44559
0.845 1.44881
0.846 1.45203
0.847 1.45525
0.848 1.45847
0.849 1.4617
0.85 1.46492
0.851 1.46815
0.852 1.47137
0.853 1.4746
0.854 1.47782
0.855 1.48104
0.856 1.48426
0.857 1.48748
0.858 1.4907
0.859 1.49392
0.86 1.49714
0.861 1.50035
0.862 1.50356
0.863 1.50677
0.864 1.50998
0.865 1.51319
0.866 1.51639
0.867 1.5196
0.868 1.5228
0.869 1.526
0.87 1.52921
0.871 1.53241
0.872 1.53561
0.873 1.53882
0.874 1.54203
0.875 1.54524
0.876 1.54845
0.877 1.55166
0.878 1.55488
0.879 1.55811
0.88 1.56134
0.881 1.56457
0.882 1.56782
0.883 1.57107
0.884 1.57432
0.885 1.57759
0.886 1.58087
0.887 1.58416
0.888 1.58745
0.889 1.59076
0.89 1.59408
0.891 1.59742
0.892 1.60076
0.893 1.60412
0.894 1.6075
0.895 1.61088
0.896 1.61429
0.897 1.6177
0.898 1.62113
0.899 1.62457
0.9 1.62803
0.901 1.6315
0.902 1.63499
0.903 1.63849
0.904 1.642
0.905 1.64553
0.906 1.64906
0.907 1.65261
0.908 1.65617
0.909 1.65974
0.91 1.66332
0.911 1.66691
0.912 1.6705
0.913 1.6741
0.914 1.6777
0.915 1.68131
0.916 1.68493
0.917 1.68854
0.918 1.69216
0.919 1.69577
0.92 1.69939
0.921 1.703
0.922 1.70661
0.923 1.71022
0.924 1.71382
0.925 1.71742
0.926 1.72101
0.927 1.7246
0.928 1.72818
0.929 1.73175
0.93 1.73532
0.931 1.73888
0.932 1.74243
0.933 1.74598
0.934 1.74952
0.935 1.75306
0.936 1.7566
0.937 1.76013
0.938 1.76366
0.939 1.76719
0.94 1.77072
0.941 1.77425
0.942 1.77779
0.943 1.78134
0.944 1.78489
0.945 1.78846
0.946 1.79203
0.947 1.79562
0.948 1.79923
0.949 1.80285
0.95 1.80649
0.951 1.81016
0.952 1.81384
0.953 1.81755
0.954 1.82128
0.955 1.82503
0.956 1.82881
0.957 1.83261
0.958 1.83644
0.959 1.84029
0.96 1.84416
0.961 1.84805
0.962 1.85195
0.963 1.85587
0.964 1.8598
0.965 1.86374
0.966 1.86769
0.967 1.87164
0.968 1.87558
0.969 1.87951
0.97 1.88344
0.971 1.88735
0.972 1.89124
0.973 1.89512
0.974 1.89896
0.975 1.90279
0.976 1.90658
0.977 1.91035
0.978 1.9141
0.979 1.91782
0.98 1.92153
0.981 1.92522
0.982 1.92891
0.983 1.9326
0.984 1.9363
0.985 1.94003
0.986 1.9438
0.987 1.94761
0.988 1.95149
0.989 1.95544
0.99 1.95947
0.991 1.96357
0.992 1.96776
0.993 1.97201
0.994 1.97631
0.995 1.98061
0.996 1.98486
0.997 1.98896
0.998 1.99281
0.999 1.99625
1 1.99907
