-1 1.99415
-0.999 1.99431
-0.998 1.99447
-0.997 1.99462
-0.996 1.99476
-0.995 1.99491
-0.994 1.99505
-0.993 1.99518
-0.992 1.99531
-0.991 1.99544
-0.99 1.99556
-0.989 1.99568
-0.988 1.99579
-0.987 1.9959
-0.986 1.996
-0.985 1.9961
-0.984 1.9962
-0.983 1.99629
-0.982 1.99638
-0.981 1.99647
-0.98 1.99655
-0.979 1.99663
-0.978 1.9967
-0.977 1.99677
-0.976 1.99683
-0.975 1.99689
-0.974 1.99695
-0.973 1.997
-0.972 1.99705
-0.971 1.99709
-0.97 1.99713
-0.969 1.99717
-0.968 1.9972
-0.967 1.99723
-0.966 1.99725
-0.965 1.99727
-0.964 1.99729
-0.963 1.9973
-0.962 1.99731
-0.961 1.99731
-0.96 1.99731
-0.959 1.99731
-0.958 1.9973
-0.957 1.99729
-0.956 1.99727
-0.955 1.99726
-0.954 1.99723
-0.953 1.9972
-0.952 1.99717
-0.951 1.99714
-0.95 1.9971
-0.949 1.99706
-0.948 1.99701
-0.947 1.99696
-0.946 1.9969
-0.945 1.99685
-0.944 1.99678
-0.943 1.99672
-0.942 1.99665
-0.941 1.99657
-0.94 1.9965
-0.939 1.99642
-0.938 1.99633
-0.937 1.99624
-0.936 1.99615
-0.935 1.99605
-0.934 1.99595
-0.933 1.99585
-0.932 1.99574
-0.931 1.99563
-0.93 1.99551
-0.929 1.99539
-0.928 1.99527
-0.927 1.99514
-0.926 1.99501
-0.925 1.99488
-0.924 1.99474
-0.923 1.9946
-0.922 1.99445
-0.921 1.9943
-0.92 1.99415
-0.919 1.994
-0.918 1.99383
-0.917 1.99367
-0.916 1.9935
-0.915 1.99333
-0.914 1.99316
-0.913 1.99298
-0.912 1.9928
-0.911 1.99261
-0.91 1.99242
-0.909 1.99223
-0.908 1.99203
-0.907 1.99183
-0.906 1.99163
-0.905 1.99142
-0.904 1.99121
-0.903 1.991
-0.902 1.99078
-0.901 1.99056
-0.9 1.99033
-0.899 1.9901
-0.898 1.98987
-0.897 1.98963
-0.896 1.98939
-0.895 1.98915
-0.894 1.9889
-0.893 1.98865
-0.892 1.9884
-0.891 1.98814
-0.89 1.98788
-0.889 1.98762
-0.888 1.98735
-0.887 1.98708
-0.886 1.9868
-0.885 1.98653
-0.884 1.98624
-0.883 1.98596
-0.882 1.98567
-0.881 1.98538
-0.88 1.98508
-0.879 1.98479
-0.878 1.98448
-0.877 1.98418
-0.876 1.98387
-0.875 1.98356
-0.874 1.98324
-0.873 1.98292
-0.872 1.9826
-0.871 1.98227
-0.87 1.98194
-0.869 1.98161
-0.868 1.98127
-0.867 1.98093
-0.866 1.98059
-0.865 1.98024
-0.864 1.9799
-0.863 1.97954
-0.862 1.97919
-0.861 1.97883
-0.86 1.97846
-0.859 1.9781
-0.858 1.97773
-0.857 1.97735
-0.856 1.97698
-0.855 1.9766
-0.854 1.97622
-0.853 1.97583
-0.852 1.97544
-0.851 1.97505
-0.85 1.97465
-0.849 1.97425
-0.848 1.97385
-0.847 1.97345
-0.846 1.97304
-0.845 1.97263
-0.844 1.97221
-0.843 1.97179
-0.842 1.97137
-0.841 1.97095
-0.84 1.97052
-0.839 1.97009
-0.838 1.96965
-0.837 1.96922
-0.836 1.96877
-0.835 1.96833
-0.834 1.96788
-0.833 1.96743
-0.832 1.96698
-0.831 1.96652
-0.83 1.96606
-0.829 1.9656
-0.828 1.96514
-0.827 1.96467
-0.826 1.9642
-0.825 1.96372
-0.824 1.96324
-0.823 1.96276
-0.822 1.96228
-0.821 1.96179
-0.82 1.9613
-0.819 1.9608
-0.818 1.96031
-0.817 1.95981
-0.816 1.95931
-0.815 1.9588
-0.814 1.95829
-0.813 1.95778
-0.812 1.95726
-0.811 1.95675
-0.81 1.95622
-0.809 1.9557
-0.808 1.95517
-0.807 1.95464
-0.806 1.95411
-0.805 1.95358
-0.804 1.95304
-0.803 1.95249
-0.802 1.95195
-0.801 1.9514
-0.8 1.95085
-0.799 1.9503
-0.798 1.94974
-0.797 1.94918
-0.796 1.94862
-0.795 1.94805
-0.794 1.94748
-0.793 1.94691
-0.792 1.94634
-0.791 1.94576
-0.79 1.94518
-0.789 1.9446
-0.788 1.94401
-0.787 1.94343
-0.786 1.94283
-0.785 1.94224
-0.784 1.94164
-0.783 1.94104
-0.782 1.94044
-0.781 1.93983
-0.78 1.93922
-0.779 1.93861
-0.778 1.938
-0.777 1.93738
-0.776 1.93676
-0.775 1.93614
-0.774 1.93551
-0.773 1.93489
-0.772 1.93426
-0.771 1.93362
-0.77 1.93298
-0.769 1.93235
-0.768 1.9317
-0.767 1.93106
-0.766 1.93041
-0.765 1.92976
-0.764 1.92911
-0.763 1.92845
-0.762 1.92779
-0.761 1.92713
-0.76 1.92647
-0.759 1.9258
-0.758 1.92513
-0.757 1.92446
-0.756 1.92378
-0.755 1.92311
-0.754 1.92243
-0.753 1.92174
-0.752 1.92106
-0.751 1.92037
-0.75 1.91968
-0.749 1.91899
-0.748 1.91829
-0.747 1.91759
-0.746 1.91689
-0.745 1.91618
-0.744 1.91548
-0.743 1.91477
-0.742 1.91406
-0.741 1.91334
-0.74 1.91262
-0.739 1.91191
-0.738 1.91118
-0.737 1.91046
-0.736 1.90973
-0.735 1.909
-0.734 1.90827
-0.733 1.90753
-0.732 1.90679
-0.731 1.90605
-0.73 1.90531
-0.729 1.90457
-0.728 1.90382
-0.727 1.90307
-0.726 1.90231
-0.725 1.90156
-0.724 1.9008
-0.723 1.90004
-0.722 1.89928
-0.721 1.89851
-0.72 1.89774
-0.719 1.89697
-0.718 1.8962
-0.717 1.89542
-0.716 1.89465
-0.715 1.89387
-0.714 1.89308
-0.713 1.8923
-0.712 1.89151
-0.711 1.89072
-0.71 1.88993
-0.709 1.88913
-0.708 1.88833
-0.707 1.88753
-0.706 1.88673
-0.705 1.88593
-0.704 1.88512
-0.703 1.88431
-0.702 1.8835
-0.701 1.88268
-0.7 1.88187
-0.699 1.88105
-0.698 1.88023
-0.697 1.8794
-0.696 1.87858
-0.695 1.87775
-0.694 1.87692
-0.693 1.87608
-0.692 1.87525
-0.691 1.87441
-0.69 1.87357
-0.689 1.87273
-0.688 1.87188
-0.687 1.87104
-0.686 1.87019
-0.685 1.86934
-0.684 1.86848
-0.683 1.86763
-0.682 1.86677
-0.681 1.86591
-0.68 1.86504
-0.679 1.86418
-0.678 1.86331
-0.677 1.86244
-0.676 1.86157
-0.675 1.86069
-0.674 1.85982
-0.673 1.85894
-0.672 1.85806
-0.671 1.85717
-0.67 1.85629
-0.669 1.8554
-0.668 1.85451
-0.667 1.85362
-0.666 1.85272
-0.665 1.85183
-0.664 1.85093
-0.663 1.85003
-0.662 1.84912
-0.661 1.84822
-0.66 1.84731
-0.659 1.8464
-0.658 1.84549
-0.657 1.84458
-0.656 1.84366
-0.655 1.84274
-0.654 1.84182
-0.653 1.8409
-0.652 1.83998
-0.651 1.83905
-0.65 1.83812
-0.649 1.83719
-0.648 1.83626
-0.647 1.83532
-0.646 1.83439
-0.645 1.83345
-0.644 1.8325
-0.643 1.83156
-0.642 1.83062
-0.641 1.82967
-0.64 1.82872
-0.639 1.82777
-0.638 1.82681
-0.637 1.82586
-0.636 1.8249
-0.635 1.82394
-0.634 1.82298
-0.633 1.82202
-0.632 1.82105
-0.631 1.82008
-0.63 1.81911
-0.629 1.81814
-0.628 1.81717
-0.627 1.81619
-0.626 1.81521
-0.625 1.81423
-0.624 1.81325
-0.623 1.81227
-0.622 1.81128
-0.621 1.8103
-0.62 1.80931
-0.619 1.80832
-0.618 1.80732
-0.617 1.80633
-0.616 1.80533
-0.615 1.80433
-0.614 1.80333
-0.613 1.80233
-0.612 1.80132
-0.611 1.80031
-0.61 1.79931
-0.609 1.7983
-0.608 1.79728
-0.607 1.79627
-0.606 1.79525
-0.605 1.79423
-0.604 1.79321
-0.603 1.79219
-0.602 1.79117
-0.601 1.79014
-0.6 1.78912
-0.599 1.78809
-0.598 1.78706
-0.597 1.78602
-0.596 1.78499
-0.595 1.78395
-0.594 1.78291
-0.593 1.78187
-0.592 1.78083
-0.591 1.77979
-0.59 1.77874
-0.589 1.77769
-0.588 1.77665
-0.587 1.77559
-0.586 1.77454
-0.585 1.77349
-0.584 1.77243
-0.583 1.77137
-0.582 1.77031
-0.581 1.76925
-0.58 1.76819
-0.579 1.76712
-0.578 1.76606
-0.577 1.76499
-0.576 1.76392
-0.575 1.76285
-0.574 1.76177
-0.573 1.7607
-0.572 1.75962
-0.571 1.75854
-0.57 1.75746
-0.569 1.75638
-0.568 1.7553
-0.567 1.75421
-0.566 1.75312
-0.565 1.75203
-0.564 1.75094
-0.563 1.74985
-0.562 1.74876
-0.561 1.74766
-0.56 1.74657
-0.559 1.74547
-0.558 1.74437
-0.557 1.74326
-0.556 1.74216
-0.555 1.74106
-0.554 1.73995
-0.553 1.73884
-0.552 1.73773
-0.551 1.73662
-0.55 1.7355
-0.549 1.73439
-0.548 1.73327
-0.547 1.73216
-0.546 1.73104
-0.545 1.72991
-0.544 1.72879
-0.543 1.72767
-0.542 1.72654
-0.541 1.72541
-0.54 1.72429
-0.539 1.72315
-0.538 1.72202
-0.537 1.72089
-0.536 1.71975
-0.535 1.71862
-0.534 1.71748
-0.533 1.71634
-0.532 1.7152
-0.531 1.71406
-0.53 1.71291
-0.529 1.71177
-0.528 1.71062
-0.527 1.70947
-0.526 1.70832
-0.525 1.70717
-0.524 1.70602
-0.523 1.70486
-0.522 1.7037
-0.521 1.70255
-0.52 1.70139
-0.519 1.70023
-0.518 1.69907
-0.517 1.6979
-0.516 1.69674
-0.515 1.69557
-0.514 1.6944
-0.513 1.69324
-0.512 1.69207
-0.511 1.69089
-0.51 1.68972
-0.509 1.68855
-0.508 1.68737
-0.507 1.68619
-0.506 1.68501
-0.505 1.68383
-0.504 1.68265
-0.503 1.68147
-0.502 1.68028
-0.501 1.6791
-0.5 1.67791
-0.499 1.67672
-0.498 1.67553
-0.497 1.67434
-0.496 1.67315
-0.495 1.67196
-0.494 1.67076
-0.493 1.66957
-0.492 1.66837
-0.491 1.66717
-0.49 1.66597
-0.489 1.66477
-0.488 1.66356
-0.487 1.66236
-0.486 1.66116
-0.485 1.65995
-0.484 1.65874
-0.483 1.65753
-0.482 1.65632
-0.481 1.65511
-0.48 1.6539
-0.479 1.65268
-0.478 1.65147
-0.477 1.65025
-0.476 1.64903
-0.475 1.64781
-0.474 1.64659
-0.473 1.64537
-0.472 1.64415
-0.471 1.64292
-0.47 1.6417
-0.469 1.64047
-0.468 1.63924
-0.467 1.63801
-0.466 1.63678
-0.465 1.63555
-0.464 1.63432
-0.463 1.63308
-0.462 1.63185
-0.461 1.63061
-0.46 1.62938
-0.459 1.62814
-0.458 1.6269
-0.457 1.62566
-0.456 1.62441
-0.455 1.62317
-0.454 1.62193
-0.453 1.62068
-0.452 1.61943
-0.451 1.61819
-0.45 1.61694
-0.449 1.61569
-0.448 1.61444
-0.447 1.61318
-0.446 1.61193
-0.445 1.61068
-0.444 1.60942
-0.443 1.60816
-0.442 1.60691
-0.441 1.60565
-0.44 1.60439
-0.439 1.60313
-0.438 1.60186
-0.437 1.6006
-0.436 1.59934
-0.435 1.59807
-0.434 1.59681
-0.433 1.59554
-0.432 1.59427
-0.431 1.593
-0.43 1.59173
-0.429 1.59046
-0.428 1.58919
-0.427 1.58791
-0.426 1.58664
-0.425 1.58536
-0.424 1.58409
-0.423 1.58281
-0.422 1.58153
-0.421 1.58025
-0.42 1.57897
-0.419 1.57769
-0.418 1.5764
-0.417 1.57512
-0.416 1.57384
-0.415 1.57255
-0.414 1.57126
-0.413 1.56998
-0.412 1.56869
-0.411 1.5674
-0.41 1.56611
-0.409 1.56482
-0.408 1.56352
-0.407 1.56223
-0.406 1.56094
-0.405 1.55964
-0.404 1.55835
-0.403 1.55705
-0.402 1.55575
-0.401 1.55445
-0.4 1.55315
-0.399 1.55185
-0.398 1.55055
-0.397 1.54925
-0.396 1.54795
-0.395 1.54664
-0.394 1.54534
-0.393 1.54403
-0.392 1.54272
-0.391 1.54142
-0.39 1.54011
-0.389 1.5388
-0.388 1.53749
-0.387 1.53618
-0.386 1.53487
-0.385 1.53355
-0.384 1.53224
-0.383 1.53092
-0.382 1.52961
-0.381 1.52829
-0.38 1.52698
-0.379 1.52566
-0.378 1.52434
-0.377 1.52302
-0.376 1.5217
-0.375 1.52038
-0.374 1.51906
-0.373 1.51774
-0.372 1.51641
-0.371 1.51509
-0.37 1.51376
-0.369 1.51244
-0.368 1.51111
-0.367 1.50978
-0.366 1.50846
-0.365 1.50713
-0.364 1.5058
-0.363 1.50447
-0.362 1.50314
-0.361 1.5018
-0.36 1.50047
-0.359 1.49914
-0.358 1.4978
-0.357 1.49647
-0.356 1.49513
-0.355 1.4938
-0.354 1.49246
-0.353 1.49112
-0.352 1.48978
-0.351 1.48845
-0.35 1.48711
-0.349 1.48577
-0.348 1.48442
-0.347 1.48308
-0.346 1.48174
-0.345 1.4804
-0.344 1.47905
-0.343 1.47771
-0.342 1.47636
-0.341 1.47502
-0.34 1.47367
-0.339 1.47232
-0.338 1.47098
-0.337 1.46963
-0.336 1.46828
-0.335 1.46693
-0.334 1.46558
-0.333 1.46423
-0.332 1.46288
-0.331 1.46152
-0.33 1.46017
-0.329 1.45882
-0.328 1.45746
-0.327 1.45611
-0.326 1.45475
-0.325 1.4534
-0.324 1.45204
-0.323 1.45068
-0.322 1.44933
-0.321 1.44797
-0.32 1.44661
-0.319 1.44525
-0.318 1.44389
-0.317 1.44253
-0.316 1.44117
-0.315 1.43981
-0.314 1.43844
-0.313 1.43708
-0.312 1.43572
-0.311 1.43435
-0.31 1.43299
-0.309 1.43162
-0.308 1.43026
-0.307 1.42889
-0.306 1.42753
-0.305 1.42616
-0.304 1.42479
-0.303 1.42342
-0.302 1.42206
-0.301 1.42069
-0.3 1.41932
-0.299 1.41795
-0.298 1.41658
-0.297 1.4152
-0.296 1.41383
-0.295 1.41246
-0.294 1.41109
-0.293 1.40972
-0.292 1.40834
-0.291 1.40697
-0.29 1.40559
-0.289 1.40422
-0.288 1.40284
-0.287 1.40147
-0.286 1.40009
-0.285 1.39871
-0.284 1.39734
-0.283 1.39596
-0.282 1.39458
-0.281 1.3932
-0.28 1.39182
-0.279 1.39045
-0.278 1.38907
-0.277 1.38769
-0.276 1.3863
-0.275 1.38492
-0.274 1.38354
-0.273 1.38216
-0.272 1.38078
-0.271 1.3794
-0.27 1.37801
-0.269 1.37663
-0.268 1.37525
-0.267 1.37386
-0.266 1.37248
-0.265 1.37109
-0.264 1.36971
-0.263 1.36832
-0.262 1.36694
-0.261 1.36555
-0.26 1.36416
-0.259 1.36278
-0.258 1.36139
-0.257 1.36
-0.256 1.35861
-0.255 1.35723
-0.254 1.35584
-0.253 1.35445
-0.252 1.35306
-0.251 1.35167
-0.25 1.35028
-0.249 1.34889
-0.248 1.3475
-0.247 1.34611
-0.246 1.34472
-0.245 1.34332
-0.244 1.34193
-0.243 1.34054
-0.242 1.33915
-0.241 1.33776
-0.24 1.33636
-0.239 1.33497
-0.238 1.33358
-0.237 1.33218
-0.236 1.33079
-0.235 1.32939
-0.234 1.328
-0.233 1.32661
-0.232 1.32521
-0.231 1.32382
-0.23 1.32242
-0.229 1.32102
-0.228 1.31963
-0.227 1.31823
-0.226 1.31684
-0.225 1.31544
-0.224 1.31404
-0.223 1.31265
-0.222 1.31125
-0.221 1.30985
-0.22 1.30845
-0.219 1.30705
-0.218 1.30566
-0.217 1.30426
-0.216 1.30286
-0.215 1.30146
-0.214 1.30006
-0.213 1.29866
-0.212 1.29726
-0.211 1.29586
-0.21 1.29447
-0.209 1.29307
-0.208 1.29167
-0.207 1.29027
-0.206 1.28887
-0.205 1.28746
-0.204 1.28606
-0.203 1.28466
-0.202 1.28326
-0.201 1.28186
-0.2 1.28046
-0.199 1.27906
-0.198 1.27766
-0.197 1.27626
-0.196 1.27485
-0.195 1.27345
-0.194 1.27205
-0.193 1.27065
-0.192 1.26925
-0.191 1.26784
-0.19 1.26644
-0.189 1.26504
-0.188 1.26364
-0.187 1.26224
-0.186 1.26083
-0.185 1.25943
-0.184 1.25803
-0.183 1.25662
-0.182 1.25522
-0.181 1.25382
-0.18 1.25241
-0.179 1.25101
-0.178 1.24961
-0.177 1.2482
-0.176 1.2468
-0.175 1.2454
-0.174 1.24399
-0.173 1.24259
-0.172 1.24119
-0.171 1.23978
-0.17 1.23838
-0.169 1.23698
-0.168 1.23557
-0.167 1.23417
-0.166 1.23276
-0.165 1.23136
-0.164 1.22996
-0.163 1.22855
-0.162 1.22715
-0.161 1.22575
-0.16 1.22434
-0.159 1.22294
-0.158 1.22153
-0.157 1.22013
-0.156 1.21873
-0.155 1.21732
-0.154 1.21592
-0.153 1.21452
-0.152 1.21311
-0.151 1.21171
-0.15 1.2103
-0.149 1.2089
-0.148 1.2075
-0.147 1.20609
-0.146 1.20469
-0.145 1.20329
-0.144 1.20188
-0.143 1.20048
-0.142 1.19908
-0.141 1.19767
-0.14 1.19627
-0.139 1.19487
-0.138 1.19346
-0.137 1.19206
-0.136 1.19066
-0.135 1.18925
-0.134 1.18785
-0.133 1.18645
-0.132 1.18505
-0.131 1.18364
-0.13 1.18224
-0.129 1.18084
-0.128 1.17944
-0.127 1.17803
-0.126 1.17663
-0.125 1.17523
-0.124 1.17383
-0.123 1.17243
-0.122 1.17102
-0.121 1.16962
-0.12 1.16822
-0.119 1.16682
-0.118 1.16542
-0.117 1.16402
-0.116 1.16262
-0.115 1.16122
-0.114 1.15982
-0.113 1.15842
-0.112 1.15701
-0.111 1.15561
-0.11 1.15421
-0.109 1.15281
-0.108 1.15142
-0.107 1.15002
-0.106 1.14862
-0.105 1.14722
-0.104 1.14582
-0.103 1.14442
-0.102 1.14302
-0.101 1.14162
-0.1 1.14022
-0.099 1.13883
-0.098 1.13743
-0.097 1.13603
-0.096 1.13463
-0.095 1.13324
-0.094 1.13184
-0.093 1.13044
-0.092 1.12904
-0.091 1.12765
-0.09 1.12625
-0.089 1.12486
-0.088 1.12346
-0.087 1.12206
-0.086 1.12067
-0.085 1.11927
-0.084 1.11788
-0.083 1.11648
-0.082 1.11509
-0.081 1.1137
-0.08 1.1123
-0.079 1.11091
-0.078 1.10951
-0.077 1.10812
-0.076 1.10673
-0.075 1.10534
-0.074 1.10394
-0.073 1.10255
-0.072 1.10116
-0.071 1.09977
-0.07 1.09838
-0.069 1.09699
-0.068 1.09559
-0.067 1.0942
-0.066 1.09281
-0.065 1.09142
-0.064 1.09003
-0.063 1.08864
-0.062 1.08726
-0.061 1.08587
-0.06 1.08448
-0.059 1.08309
-0.058 1.0817
-0.057 1.08031
-0.056 1.07893
-0.055 1.07754
-0.054 1.07615
-0.053 1.07477
-0.052 1.07338
-0.051 1.072
-0.05 1.07061
-0.049 1.06923
-0.048 1.06784
-0.047 1.06646
-0.046 1.06507
-0.045 1.06369
-0.044 1.06231
-0.043 1.06092
-0.042 1.05954
-0.041 1.05816
-0.04 1.05678
-0.039 1.05539
-0.038 1.05401
-0.037 1.05263
-0.036 1.05125
-0.035 1.04987
-0.034 1.04849
-0.033 1.04711
-0.032 1.04573
-0.031 1.04436
-0.03 1.04298
-0.029 1.0416
-0.028 1.04022
-0.027 1.03885
-0.026 1.03747
-0.025 1.03609
-0.024 1.03472
-0.023 1.03334
-0.022 1.03197
-0.021 1.03059
-0.02 1.02922
-0.019 1.02784
-0.018 1.02647
-0.017 1.0251
-0.016 1.02373
-0.015 1.02235
-0.014 1.02098
-0.013 1.01961
-0.012 1.01824
-0.011 1.01687
-0.01 1.0155
-0.009 1.01413
-0.008 1.01276
-0.007 1.01139
-0.006 1.01003
-0.005 1.00866
-0.004 1.00729
-0.003 1.00592
-0.002 1.00456
-0.001 1.00319
0 1.00183
0.001 1.00046
0.002 0.999097
0.003 0.997733
0.004 0.99637
0.005 0.995007
0.006 0.993645
0.007 0.992283
0.008 0.990921
0.009 0.98956
0.01 0.988199
0.011 0.986839
0.012 0.98548
0.013 0.984121
0.014 0.982762
0.015 0.981404
0.016 0.980047
0.017 0.97869
0.018 0.977333
0.019 0.975977
0.02 0.974622
0.021 0.973267
0.022 0.971912
0.023 0.970558
0.024 0.969205
0.025 0.967852
0.026 0.9665
0.027 0.965148
0.028 0.963797
0.029 0.962446
0.03 0.961096
0.031 0.959746
0.032 0.958397
0.033 0.957048
0.034 0.9557
0.035 0.954353
0.036 0.953006
0.037 0.95166
0.038 0.950314
0.039 0.948969
0.04 0.947624
0.041 0.94628
0.042 0.944936
0.043 0.943593
0.044 0.942251
0.045 0.940909
0.046 0.939568
0.047 0.938227
0.048 0.936887
0.049 0.935548
0.05 0.934209
0.051 0.932871
0.052 0.931533
0.053 0.930196
0.054 0.928859
0.055 0.927524
0.056 0.926188
0.057 0.924854
0.058 0.92352
0.059 0.922186
0.06 0.920853
0.061 0.919521
0.062 0.918189
0.063 0.916858
0.064 0.915528
0.065 0.914198
0.066 0.912869
0.067 0.911541
0.068 0.910213
0.069 0.908886
0.07 0.907559
0.071 0.906233
0.072 0.904908
0.073 0.903583
0.074 0.902259
0.075 0.900936
0.076 0.899613
0.077 0.898291
0.078 0.89697
0.079 0.895649
0.08 0.894329
0.081 0.893009
0.082 0.89169
0.083 0.890372
0.084 0.889055
0.085 0.887738
0.086 0.886422
0.087 0.885107
0.088 0.883792
0.089 0.882478
0.09 0.881164
0.091 0.879852
0.092 0.87854
0.093 0.877228
0.094 0.875918
0.095 0.874608
0.096 0.873299
0.097 0.87199
0.098 0.870682
0.099 0.869375
0.1 0.868069
0.101 0.866763
0.102 0.865458
0.103 0.864153
0.104 0.86285
0.105 0.861547
0.106 0.860245
0.107 0.858943
0.108 0.857643
0.109 0.856343
0.11 0.855043
0.111 0.853745
0.112 0.852447
0.113 0.85115
0.114 0.849853
0.115 0.848558
0.116 0.847263
0.117 0.845969
0.118 0.844675
0.119 0.843383
0.12 0.842091
0.121 0.840799
0.122 0.839509
0.123 0.838219
0.124 0.83693
0.125 0.835642
0.126 0.834355
0.127 0.833068
0.128 0.831782
0.129 0.830497
0.13 0.829213
0.131 0.827929
0.132 0.826646
0.133 0.825364
0.134 0.824083
0.135 0.822803
0.136 0.821523
0.137 0.820244
0.138 0.818966
0.139 0.817688
0.14 0.816412
0.141 0.815136
0.142 0.813861
0.143 0.812587
0.144 0.811313
0.145 0.810041
0.146 0.808769
0.147 0.807498
0.148 0.806228
0.149 0.804958
0.15 0.80369
0.151 0.802422
0.152 0.801155
0.153 0.799889
0.154 0.798623
0.155 0.797359
0.156 0.796095
0.157 0.794832
0.158 0.79357
0.159 0.792309
0.16 0.791049
0.161 0.789789
0.162 0.78853
0.163 0.787272
0.164 0.786015
0.165 0.784759
0.166 0.783504
0.167 0.782249
0.168 0.780995
0.169 0.779742
0.17 0.77849
0.171 0.777239
0.172 0.775989
0.173 0.774739
0.174 0.773491
0.175 0.772243
0.176 0.770996
0.177 0.76975
0.178 0.768504
0.179 0.76726
0.18 0.766017
0.181 0.764774
0.182 0.763532
0.183 0.762291
0.184 0.761051
0.185 0.759812
0.186 0.758574
0.187 0.757336
0.188 0.7561
0.189 0.754864
0.19 0.75363
0.191 0.752396
0.192 0.751163
0.193 0.749931
0.194 0.748699
0.195 0.747469
0.196 0.74624
0.197 0.745011
0.198 0.743783
0.199 0.742557
0.2 0.741331
0.201 0.740106
0.202 0.738882
0.203 0.737659
0.204 0.736437
0.205 0.735215
0.206 0.733995
0.207 0.732775
0.208 0.731557
0.209 0.730339
0.21 0.729122
0.211 0.727907
0.212 0.726692
0.213 0.725478
0.214 0.724265
0.215 0.723053
0.216 0.721841
0.217 0.720631
0.218 0.719422
0.219 0.718213
0.22 0.717006
0.221 0.715799
0.222 0.714594
0.223 0.713389
0.224 0.712185
0.225 0.710983
0.226 0.709781
0.227 0.70858
0.228 0.70738
0.229 0.706181
0.23 0.704983
0.231 0.703786
0.232 0.70259
0.233 0.701394
0.234 0.7002
0.235 0.699007
0.236 0.697815
0.237 0.696623
0.238 0.695433
0.239 0.694244
0.24 0.693055
0.241 0.691868
0.242 0.690681
0.243 0.689496
0.244 0.688311
0.245 0.687127
0.246 0.685945
0.247 0.684763
0.248 0.683583
0.249 0.682403
0.25 0.681224
0.251 0.680046
0.252 0.67887
0.253 0.677694
0.254 0.676519
0.255 0.675345
0.256 0.674173
0.257 0.673001
0.258 0.67183
0.259 0.67066
0.26 0.669492
0.261 0.668324
0.262 0.667157
0.263 0.665991
0.264 0.664826
0.265 0.663663
0.266 0.6625
0.267 0.661338
0.268 0.660177
0.269 0.659018
0.27 0.657859
0.271 0.656701
0.272 0.655545
0.273 0.654389
0.274 0.653234
0.275 0.652081
0.276 0.650928
0.277 0.649776
0.278 0.648626
0.279 0.647476
0.28 0.646328
0.281 0.64518
0.282 0.644034
0.283 0.642888
0.284 0.641744
0.285 0.640601
0.286 0.639458
0.287 0.638317
0.288 0.637177
0.289 0.636038
0.29 0.634899
0.291 0.633762
0.292 0.632626
0.293 0.631491
0.294 0.630357
0.295 0.629224
0.296 0.628092
0.297 0.626962
0.298 0.625832
0.299 0.624703
0.3 0.623575
0.301 0.622449
0.302 0.621323
0.303 0.620199
0.304 0.619075
0.305 0.617953
0.306 0.616831
0.307 0.615711
0.308 0.614592
0.309 0.613474
0.31 0.612357
0.311 0.611241
0.312 0.610126
0.313 0.609012
0.314 0.607899
0.315 0.606788
0.316 0.605677
0.317 0.604567
0.318 0.603459
0.319 0.602351
0.32 0.601245
0.321 0.60014
0.322 0.599036
0.323 0.597933
0.324 0.596831
0.325 0.59573
0.326 0.59463
0.327 0.593531
0.328 0.592434
0.329 0.591337
0.33 0.590242
0.331 0.589147
0.332 0.588054
0.333 0.586962
0.334 0.585871
0.335 0.584781
0.336 0.583692
0.337 0.582604
0.338 0.581518
0.339 0.580432
0.34 0.579348
0.341 0.578264
0.342 0.577182
0.343 0.576101
0.344 0.575021
0.345 0.573942
0.346 0.572864
0.347 0.571788
0.348 0.570712
0.349 0.569637
0.35 0.568564
0.351 0.567492
0.352 0.566421
0.353 0.565351
0.354 0.564282
0.355 0.563214
0.356 0.562148
0.357 0.561082
0.358 0.560018
0.359 0.558955
0.36 0.557892
0.361 0.556831
0.362 0.555772
0.363 0.554713
0.364 0.553655
0.365 0.552599
0.366 0.551543
0.367 0.550489
0.368 0.549436
0.369 0.548384
0.37 0.547333
0.371 0.546284
0.372 0.545235
0.373 0.544188
0.374 0.543142
0.375 0.542097
0.376 0.541053
0.377 0.54001
0.378 0.538968
0.379 0.537928
0.38 0.536888
0.381 0.53585
0.382 0.534813
0.383 0.533777
0.384 0.532743
0.385 0.531709
0.386 0.530677
0.387 0.529645
0.388 0.528615
0.389 0.527586
0.39 0.526558
0.391 0.525532
0.392 0.524506
0.393 0.523482
0.394 0.522459
0.395 0.521437
0.396 0.520416
0.397 0.519396
0.398 0.518378
0.399 0.51736
0.4 0.516344
0.401 0.515329
0.402 0.514315
0.403 0.513303
0.404 0.512291
0.405 0.511281
0.406 0.510272
0.407 0.509264
0.408 0.508257
0.409 0.507251
0.41 0.506247
0.411 0.505243
0.412 0.504241
0.413 0.50324
0.414 0.502241
0.415 0.501242
0.416 0.500245
0.417 0.499249
0.418 0.498253
0.419 0.49726
0.42 0.496267
0.421 0.495276
0.422 0.494285
0.423 0.493296
0.424 0.492308
0.425 0.491322
0.426 0.490336
0.427 0.489352
0.428 0.488369
0.429 0.487387
0.43 0.486406
0.431 0.485426
0.432 0.484448
0.433 0.483471
0.434 0.482495
0.435 0.48152
0.436 0.480546
0.437 0.479574
0.438 0.478603
0.439 0.477633
0.44 0.476664
0.441 0.475697
0.442 0.47473
0.443 0.473765
0.444 0.472801
0.445 0.471838
0.446 0.470877
0.447 0.469916
0.448 0.468957
0.449 0.467999
0.45 0.467042
0.451 0.466087
0.452 0.465133
0.453 0.46418
0.454 0.463228
0.455 0.462277
0.456 0.461327
0.457 0.460379
0.458 0.459432
0.459 0.458486
0.46 0.457542
0.461 0.456598
0.462 0.455656
0.463 0.454715
0.464 0.453775
0.465 0.452837
0.466 0.4519
0.467 0.450963
0.468 0.450029
0.469 0.449095
0.47 0.448163
0.471 0.447231
0.472 0.446301
0.473 0.445373
0.474 0.444445
0.475 0.443519
0.476 0.442594
0.477 0.44167
0.478 0.440747
0.479 0.439826
0.48 0.438905
0.481 0.437987
0.482 0.437069
0.483 0.436152
0.484 0.435237
0.485 0.434323
0.486 0.43341
0.487 0.432499
0.488 0.431588
0.489 0.430679
0.49 0.429771
0.491 0.428865
0.492 0.427959
0.493 0.427055
0.494 0.426152
0.495 0.42525
0.496 0.42435
0.497 0.423451
0.498 0.422553
0.499 0.421656
0.5 0.42076
0.501 0.419866
0.502 0.418973
0.503 0.418081
0.504 0.417191
0.505 0.416301
0.506 0.415413
0.507 0.414526
0.508 0.413641
0.509 0.412756
0.51 0.411873
0.511 0.410991
0.512 0.410111
0.513 0.409231
0.514 0.408353
0.515 0.407476
0.516 0.406601
0.517 0.405726
0.518 0.404853
0.519 0.403981
0.52 0.403111
0.521 0.402241
0.522 0.401373
0.523 0.400506
0.524 0.39964
0.525 0.398776
0.526 0.397913
0.527 0.397051
0.528 0.39619
0.529 0.395331
0.53 0.394473
0.531 0.393616
0.532 0.39276
0.533 0.391906
0.534 0.391052
0.535 0.390201
0.536 0.38935
0.537 0.3885
0.538 0.387652
0.539 0.386805
0.54 0.38596
0.541 0.385115
0.542 0.384272
0.543 0.38343
0.544 0.38259
0.545 0.38175
0.546 0.380912
0.547 0.380075
0.548 0.37924
0.549 0.378406
0.55 0.377573
0.551 0.376741
0.552 0.37591
0.553 0.375081
0.554 0.374253
0.555 0.373426
0.556 0.3726
0.557 0.371776
0.558 0.370953
0.559 0.370131
0.56 0.369311
0.561 0.368492
0.562 0.367674
0.563 0.366857
0.564 0.366042
0.565 0.365228
0.566 0.364415
0.567 0.363603
0.568 0.362793
0.569 0.361983
0.57 0.361176
0.571 0.360369
0.572 0.359564
0.573 0.35876
0.574 0.357957
0.575 0.357155
0.576 0.356355
0.577 0.355556
0.578 0.354758
0.579 0.353962
0.58 0.353166
0.581 0.352372
0.582 0.35158
0.583 0.350788
0.584 0.349998
0.585 0.349209
0.586 0.348422
0.587 0.347635
0.588 0.34685
0.589 0.346066
0.59 0.345284
0.591 0.344502
0.592 0.343722
0.593 0.342944
0.594 0.342166
0.595 0.34139
0.596 0.340615
0.597 0.339841
0.598 0.339069
0.599 0.338298
0.6 0.337528
0.601 0.336759
0.602 0.335992
0.603 0.335226
0.604 0.334461
0.605 0.333697
0.606 0.332935
0.607 0.332174
0.608 0.331414
0.609 0.330656
0.61 0.329898
0.611 0.329142
0.612 0.328388
0.613 0.327634
0.614 0.326882
0.615 0.326131
0.616 0.325381
0.617 0.324633
0.618 0.323886
0.619 0.32314
0.62 0.322396
0.621 0.321652
0.622 0.32091
0.623 0.32017
0.624 0.31943
0.625 0.318692
0.626 0.317955
0.627 0.317219
0.628 0.316485
0.629 0.315752
0.63 0.31502
0.631 0.314289
0.632 0.31356
0.633 0.312832
0.634 0.312105
0.635 0.311379
0.636 0.310655
0.637 0.309932
0.638 0.30921
0.639 0.30849
0.64 0.307771
0.641 0.307053
0.642 0.306336
0.643 0.305621
0.644 0.304907
0.645 0.304194
0.646 0.303482
0.647 0.302772
0.648 0.302063
0.649 0.301355
0.65 0.300648
0.651 0.299943
0.652 0.299239
0.653 0.298536
0.654 0.297835
0.655 0.297134
0.656 0.296436
0.657 0.295738
0.658 0.295041
0.659 0.294346
0.66 0.293652
0.661 0.29296
0.662 0.292268
0.663 0.291578
0.664 0.290889
0.665 0.290202
0.666 0.289515
0.667 0.28883
0.668 0.288147
0.669 0.287464
0.67 0.286783
0.671 0.286103
0.672 0.285424
0.673 0.284747
0.674 0.28407
0.675 0.283395
0.676 0.282722
0.677 0.282049
0.678 0.281378
0.679 0.280708
0.68 0.28004
0.681 0.279372
0.682 0.278706
0.683 0.278041
0.684 0.277377
0.685 0.276715
0.686 0.276054
0.687 0.275394
0.688 0.274736
0.689 0.274078
0.69 0.273422
0.691 0.272767
0.692 0.272114
0.693 0.271461
0.694 0.27081
0.695 0.270161
0.696 0.269512
0.697 0.268865
0.698 0.268219
0.699 0.267574
0.7 0.26693
0.701 0.266288
0.702 0.265647
0.703 0.265007
0.704 0.264369
0.705 0.263732
0.706 0.263096
0.707 0.262461
0.708 0.261827
0.709 0.261195
0.71 0.260564
0.711 0.259934
0.712 0.259306
0.713 0.258679
0.714 0.258053
0.715 0.257428
0.716 0.256804
0.717 0.256182
0.718 0.255561
0.719 0.254941
0.72 0.254323
0.721 0.253706
0.722 0.25309
0.723 0.252475
0.724 0.251861
0.725 0.251249
0.726 0.250638
0.727 0.250028
0.728 0.249419
0.729 0.248812
0.73 0.248206
0.731 0.247601
0.732 0.246998
0.733 0.246395
0.734 0.245794
0.735 0.245194
0.736 0.244596
0.737 0.243998
0.738 0.243402
0.739 0.242807
0.74 0.242213
0.741 0.241621
0.742 0.24103
0.743 0.24044
0.744 0.239851
0.745 0.239264
0.746 0.238677
0.747 0.238092
0.748 0.237508
0.749 0.236926
0.75 0.236344
0.751 0.235764
0.752 0.235185
0.753 0.234608
0.754 0.234031
0.755 0.233456
0.756 0.232882
0.757 0.232309
0.758 0.231738
0.759 0.231168
0.76 0.230599
0.761 0.230031
0.762 0.229464
0.763 0.228899
0.764 0.228335
0.765 0.227772
0.766 0.22721
0.767 0.226649
0.768 0.22609
0.769 0.225532
0.77 0.224975
0.771 0.22442
0.772 0.223865
0.773 0.223312
0.774 0.22276
0.775 0.222209
0.776 0.22166
0.777 0.221111
0.778 0.220564
0.779 0.220018
0.78 0.219474
0.781 0.21893
0.782 0.218388
0.783 0.217847
0.784 0.217307
0.785 0.216769
0.786 0.216231
0.787 0.215695
0.788 0.21516
0.789 0.214626
0.79 0.214094
0.791 0.213562
0.792 0.213032
0.793 0.212503
0.794 0.211975
0.795 0.211449
0.796 0.210923
0.797 0.210399
0.798 0.209876
0.799 0.209354
0.8 0.208834
0.801 0.208315
0.802 0.207796
0.803 0.207279
0.804 0.206764
0.805 0.206249
0.806 0.205736
0.807 0.205223
0.808 0.204712
0.809 0.204203
0.81 0.203694
0.811 0.203187
0.812 0.20268
0.813 0.202175
0.814 0.201672
0.815 0.201169
0.816 0.200667
0.817 0.200167
0.818 0.199668
0.819 0.19917
0.82 0.198673
0.821 0.198178
0.822 0.197683
0.823 0.19719
0.824 0.196698
0.825 0.196207
0.826 0.195718
0.827 0.195229
0.828 0.194742
0.829 0.194256
0.83 0.193771
0.831 0.193287
0.832 0.192804
0.833 0.192323
0.834 0.191843
0.835 0.191363
0.836 0.190885
0.837 0.190409
0.838 0.189933
0.839 0.189459
0.84 0.188985
0.841 0.188513
0.842 0.188042
0.843 0.187573
0.844 0.187104
0.845 0.186636
0.846 0.18617
0.847 0.185705
0.848 0.185241
0.849 0.184778
0.85 0.184317
0.851 0.183856
0.852 0.183397
0.853 0.182938
0.854 0.182481
0.855 0.182025
0.856 0.181571
0.857 0.181117
0.858 0.180665
0.859 0.180213
0.86 0.179763
0.861 0.179314
0.862 0.178866
0.863 0.178419
0.864 0.177974
0.865 0.177529
0.866 0.177086
0.867 0.176644
0.868 0.176203
0.869 0.175763
0.87 0.175324
0.871 0.174887
0.872 0.17445
0.873 0.174015
0.874 0.17358
0.875 0.173147
0.876 0.172715
0.877 0.172284
0.878 0.171855
0.879 0.171426
0.88 0.170999
0.881 0.170572
0.882 0.170147
0.883 0.169723
0.884 0.1693
0.885 0.168878
0.886 0.168457
0.887 0.168038
0.888 0.167619
0.889 0.167202
0.89 0.166786
0.891 0.16637
0.892 0.165956
0.893 0.165543
0.894 0.165132
0.895 0.164721
0.896 0.164311
0.897 0.163903
0.898 0.163495
0.899 0.163089
0.9 0.162684
0.901 0.16228
0.902 0.161877
0.903 0.161475
0.904 0.161074
0.905 0.160674
0.906 0.160275
0.907 0.159878
0.908 0.159481
0.909 0.159086
0.91 0.158692
0.911 0.158299
0.912 0.157907
0.913 0.157516
0.914 0.157126
0.915 0.156737
0.916 0.156349
0.917 0.155962
0.918 0.155577
0.919 0.155192
0.92 0.154809
0.921 0.154427
0.922 0.154045
0.923 0.153665
0.924 0.153286
0.925 0.152908
0.926 0.152531
0.927 0.152155
0.928 0.15178
0.929 0.151406
0.93 0.151034
0.931 0.150662
0.932 0.150291
0.933 0.149922
0.934 0.149553
0.935 0.149186
0.936 0.148819
0.937 0.148454
0.938 0.14809
0.939 0.147727
0.94 0.147365
0.941 0.147003
0.942 0.146643
0.943 0.146284
0.944 0.145926
0.945 0.14557
0.946 0.145214
0.947 0.144859
0.948 0.144505
0.949 0.144152
0.95 0.143801
0.951 0.14345
0.952 0.1431
0.953 0.142752
0.954 0.142404
0.955 0.142057
0.956 0.141712
0.957 0.141367
0.958 0.141024
0.959 0.140682
0.96 0.14034
0.961 0.14
0.962 0.13966
0.963 0.139322
0.964 0.138985
0.965 0.138648
0.966 0.138313
0.967 0.137979
0.968 0.137646
0.969 0.137313
0.97 0.136982
0.971 0.136652
0.972 0.136323
0.973 0.135994
0.974 0.135667
0.975 0.135341
0.976 0.135016
0.977 0.134691
0.978 0.134368
0.979 0.134046
0.98 0.133725
0.981 0.133404
0.982 0.133085
0.983 0.132767
0.984 0.13245
0.985 0.132133
0.986 0.131818
0.987 0.131504
0.988 0.13119
0.989 0.130878
0.99 0.130567
0.991 0.130256
0.992 0.129947
0.993 0.129638
0.994 0.129331
0.995 0.129024
0.996 0.128719
0.997 0.128414
0.998 0.128111
0.999 0.127808
1 0.127506
