-1 -0.941085
-0.999 -0.956309
-0.998 -0.970194
-0.997 -0.982808
-0.996 -0.994219
-0.995 -1.00449
-0.994 -1.01369
-0.993 -1.02187
-0.992 -1.02909
-0.991 -1.03541
-0.99 -1.04087
-0.989 -1.04554
-0.988 -1.04946
-0.987 -1.05268
-0.986 -1.05524
-0.985 -1.05719
-0.984 -1.05856
-0.983 -1.05941
-0.982 -1.05976
-0.981 -1.05966
-0.98 -1.05913
-0.979 -1.05822
-0.978 -1.05696
-0.977 -1.05537
-0.976 -1.05348
-0.975 -1.05133
-0.974 -1.04894
-0.973 -1.04634
-0.972 -1.04354
-0.971 -1.04058
-0.97 -1.03747
-0.969 -1.03424
-0.968 -1.03091
-0.967 -1.02748
-0.966 -1.02399
-0.965 -1.02045
-0.964 -1.01687
-0.963 -1.01327
-0.962 -1.00966
-0.961 -1.00605
-0.96 -1.00247
-0.959 -0.998911
-0.958 -0.995394
-0.957 -0.991928
-0.956 -0.98852
-0.955 -0.985181
-0.954 -0.981917
-0.953 -0.978737
-0.952 -0.975646
-0.951 -0.972651
-0.95 -0.969758
-0.949 -0.966972
-0.948 -0.964297
-0.947 -0.961737
-0.946 -0.959296
-0.945 -0.956977
-0.944 -0.954783
-0.943 -0.952716
-0.942 -0.950778
-0.941 -0.948971
-0.94 -0.947295
-0.939 -0.945752
-0.938 -0.944342
-0.937 -0.943066
-0.936 -0.941923
-0.935 -0.940912
-0.934 -0.940034
-0.933 -0.939288
-0.932 -0.938672
-0.931 -0.938185
-0.93 -0.937826
-0.929 -0.937593
-0.928 -0.937483
-0.927 -0.937496
-0.926 -0.937628
-0.925 -0.937878
-0.924 -0.938243
-0.923 -0.93872
-0.922 -0.939306
-0.921 -0.939999
-0.92 -0.940795
-0.919 -0.941693
-0.918 -0.942687
-0.917 -0.943776
-0.916 -0.944956
-0.915 -0.946223
-0.914 -0.947575
-0.913 -0.949007
-0.912 -0.950517
-0.911 -0.952101
-0.91 -0.953755
-0.909 -0.955476
-0.908 -0.95726
-0.907 -0.959104
-0.906 -0.961003
-0.905 -0.962956
-0.904 -0.964957
-0.903 -0.967004
-0.902 -0.969092
-0.901 -0.971219
-0.9 -0.973381
-0.899 -0.975574
-0.898 -0.977796
-0.897 -0.980042
-0.896 -0.982309
-0.895 -0.984595
-0.894 -0.986895
-0.893 -0.989207
-0.892 -0.991527
-0.891 -0.993852
-0.89 -0.99618
-0.889 -0.998507
-0.888 -1.00083
-0.887 -1.00315
-0.886 -1.00545
-0.885 -1.00775
-0.884 -1.01003
-0.883 -1.01229
-0.882 -1.01454
-0.881 -1.01676
-0.88 -1.01895
-0.879 -1.02112
-0.878 -1.02326
-0.877 -1.02537
-0.876 -1.02744
-0.875 -1.02948
-0.874 -1.03148
-0.873 -1.03344
-0.872 -1.03535
-0.871 -1.03723
-0.87 -1.03906
-0.869 -1.04084
-0.868 -1.04258
-0.867 -1.04427
-0.866 -1.0459
-0.865 -1.04748
-0.864 -1.04901
-0.863 -1.05049
-0.862 -1.05191
-0.861 -1.05327
-0.86 -1.05458
-0.859 -1.05582
-0.858 -1.05701
-0.857 -1.05814
-0.856 -1.05921
-0.855 -1.06021
-0.854 -1.06115
-0.853 -1.06204
-0.852 -1.06285
-0.851 -1.06361
-0.85 -1.0643
-0.849 -1.06493
-0.848 -1.0655
-0.847 -1.066
-0.846 -1.06644
-0.845 -1.06681
-0.844 -1.06712
-0.843 -1.06737
-0.842 -1.06756
-0.841 -1.06768
-0.84 -1.06774
-0.839 -1.06773
-0.838 -1.06767
-0.837 -1.06754
-0.836 -1.06735
-0.835 -1.06711
-0.834 -1.0668
-0.833 -1.06643
-0.832 -1.06601
-0.831 -1.06552
-0.83 -1.06499
-0.829 -1.06439
-0.828 -1.06374
-0.827 -1.06303
-0.826 -1.06227
-0.825 -1.06146
-0.824 -1.0606
-0.823 -1.05969
-0.822 -1.05872
-0.821 -1.05771
-0.82 -1.05665
-0.819 -1.05555
-0.818 -1.0544
-0.817 -1.0532
-0.816 -1.05197
-0.815 -1.05069
-0.814 -1.04937
-0.813 -1.04801
-0.812 -1.04661
-0.811 -1.04518
-0.81 -1.04371
-0.809 -1.04221
-0.808 -1.04068
-0.807 -1.03911
-0.806 -1.03752
-0.805 -1.03589
-0.804 -1.03424
-0.803 -1.03257
-0.802 -1.03087
-0.801 -1.02914
-0.8 -1.02739
-0.799 -1.02563
-0.798 -1.02384
-0.797 -1.02204
-0.796 -1.02022
-0.795 -1.01839
-0.794 -1.01654
-0.793 -1.01468
-0.792 -1.01281
-0.791 -1.01093
-0.79 -1.00905
-0.789 -1.00715
-0.788 -1.00525
-0.787 -1.00335
-0.786 -1.00145
-0.785 -0.999541
-0.784 -0.997636
-0.783 -0.995731
-0.782 -0.99383
-0.781 -0.991933
-0.78 -0.990041
-0.779 -0.988156
-0.778 -0.986279
-0.777 -0.98441
-0.776 -0.982553
-0.775 -0.980706
-0.774 -0.978873
-0.773 -0.977053
-0.772 -0.975248
-0.771 -0.97346
-0.77 -0.971688
-0.769 -0.969935
-0.768 -0.968202
-0.767 -0.966489
-0.766 -0.964797
-0.765 -0.963129
-0.764 -0.961483
-0.763 -0.959862
-0.762 -0.958267
-0.761 -0.956698
-0.76 -0.955156
-0.759 -0.953642
-0.758 -0.952158
-0.757 -0.950703
-0.756 -0.949279
-0.755 -0.947886
-0.754 -0.946525
-0.753 -0.945198
-0.752 -0.943904
-0.751 -0.942644
-0.75 -0.94142
-0.749 -0.940231
-0.748 -0.939078
-0.747 -0.937963
-0.746 -0.936884
-0.745 -0.935844
-0.744 -0.934842
-0.743 -0.933879
-0.742 -0.932956
-0.741 -0.932072
-0.74 -0.931229
-0.739 -0.930426
-0.738 -0.929665
-0.737 -0.928945
-0.736 -0.928266
-0.735 -0.927629
-0.734 -0.927035
-0.733 -0.926483
-0.732 -0.925974
-0.731 -0.925508
-0.73 -0.925084
-0.729 -0.924704
-0.728 -0.924367
-0.727 -0.924074
-0.726 -0.923824
-0.725 -0.923617
-0.724 -0.923454
-0.723 -0.923335
-0.722 -0.923259
-0.721 -0.923226
-0.72 -0.923237
-0.719 -0.92329
-0.718 -0.923387
-0.717 -0.923527
-0.716 -0.92371
-0.715 -0.923935
-0.714 -0.924203
-0.713 -0.924513
-0.712 -0.924865
-0.711 -0.925259
-0.71 -0.925693
-0.709 -0.926169
-0.708 -0.926686
-0.707 -0.927243
-0.706 -0.92784
-0.705 -0.928477
-0.704 -0.929153
-0.703 -0.929867
-0.702 -0.93062
-0.701 -0.931411
-0.7 -0.932239
-0.699 -0.933105
-0.698 -0.934006
-0.697 -0.934944
-0.696 -0.935916
-0.695 -0.936924
-0.694 -0.937966
-0.693 -0.939041
-0.692 -0.94015
-0.691 -0.941291
-0.69 -0.942463
-0.689 -0.943667
-0.688 -0.944901
-0.687 -0.946165
-0.686 -0.947459
-0.685 -0.94878
-0.684 -0.95013
-0.683 -0.951506
-0.682 -0.952909
-0.681 -0.954337
-0.68 -0.955791
-0.679 -0.957268
-0.678 -0.958769
-0.677 -0.960292
-0.676 -0.961838
-0.675 -0.963404
-0.674 -0.96499
-0.673 -0.966596
-0.672 -0.968221
-0.671 -0.969864
-0.67 -0.971523
-0.669 -0.973199
-0.668 -0.97489
-0.667 -0.976596
-0.666 -0.978316
-0.665 -0.980048
-0.664 -0.981793
-0.663 -0.983548
-0.662 -0.985315
-0.661 -0.987091
-0.66 -0.988875
-0.659 -0.990668
-0.658 -0.992467
-0.657 -0.994273
-0.656 -0.996084
-0.655 -0.997899
-0.654 -0.999719
-0.653 -1.00154
-0.652 -1.00336
-0.651 -1.00519
-0.65 -1.00702
-0.649 -1.00884
-0.648 -1.01066
-0.647 -1.01248
-0.646 -1.0143
-0.645 -1.01612
-0.644 -1.01793
-0.643 -1.01973
-0.642 -1.02153
-0.641 -1.02332
-0.64 -1.0251
-0.639 -1.02688
-0.638 -1.02864
-0.637 -1.0304
-0.636 -1.03214
-0.635 -1.03387
-0.634 -1.03559
-0.633 -1.03729
-0.632 -1.03899
-0.631 -1.04066
-0.63 -1.04232
-0.629 -1.04397
-0.628 -1.0456
-0.627 -1.04721
-0.626 -1.0488
-0.625 -1.05037
-0.624 -1.05192
-0.623 -1.05346
-0.622 -1.05497
-0.621 -1.05646
-0.62 -1.05792
-0.619 -1.05937
-0.618 -1.06079
-0.617 -1.06219
-0.616 -1.06356
-0.615 -1.0649
-0.614 -1.06622
-0.613 -1.06752
-0.612 -1.06878
-0.611 -1.07002
-0.61 -1.07123
-0.609 -1.07242
-0.608 -1.07357
-0.607 -1.07469
-0.606 -1.07579
-0.605 -1.07685
-0.604 -1.07788
-0.603 -1.07888
-0.602 -1.07985
-0.601 -1.08079
-0.6 -1.08169
-0.599 -1.08256
-0.598 -1.0834
-0.597 -1.0842
-0.596 -1.08497
-0.595 -1.08571
-0.594 -1.08641
-0.593 -1.08708
-0.592 -1.08771
-0.591 -1.0883
-0.59 -1.08886
-0.589 -1.08938
-0.588 -1.08987
-0.587 -1.09032
-0.586 -1.09074
-0.585 -1.09111
-0.584 -1.09145
-0.583 -1.09176
-0.582 -1.09202
-0.581 -1.09225
-0.58 -1.09244
-0.579 -1.0926
-0.578 -1.09271
-0.577 -1.09279
-0.576 -1.09283
-0.575 -1.09283
-0.574 -1.0928
-0.573 -1.09273
-0.572 -1.09261
-0.571 -1.09247
-0.57 -1.09228
-0.569 -1.09206
-0.568 -1.09179
-0.567 -1.09149
-0.566 -1.09116
-0.565 -1.09078
-0.564 -1.09037
-0.563 -1.08992
-0.562 -1.08944
-0.561 -1.08892
-0.56 -1.08836
-0.559 -1.08776
-0.558 -1.08713
-0.557 -1.08646
-0.556 -1.08576
-0.555 -1.08502
-0.554 -1.08425
-0.553 -1.08344
-0.552 -1.0826
-0.551 -1.08172
-0.55 -1.0808
-0.549 -1.07986
-0.548 -1.07888
-0.547 -1.07787
-0.546 -1.07682
-0.545 -1.07574
-0.544 -1.07463
-0.543 -1.07349
-0.542 -1.07232
-0.541 -1.07111
-0.54 -1.06988
-0.539 -1.06861
-0.538 -1.06732
-0.537 -1.06599
-0.536 -1.06464
-0.535 -1.06326
-0.534 -1.06185
-0.533 -1.06042
-0.532 -1.05895
-0.531 -1.05747
-0.53 -1.05595
-0.529 -1.05441
-0.528 -1.05285
-0.527 -1.05126
-0.526 -1.04965
-0.525 -1.04801
-0.524 -1.04635
-0.523 -1.04468
-0.522 -1.04297
-0.521 -1.04125
-0.52 -1.03951
-0.519 -1.03775
-0.518 -1.03597
-0.517 -1.03417
-0.516 -1.03236
-0.515 -1.03052
-0.514 -1.02867
-0.513 -1.02681
-0.512 -1.02493
-0.511 -1.02303
-0.51 -1.02112
-0.509 -1.0192
-0.508 -1.01727
-0.507 -1.01532
-0.506 -1.01336
-0.505 -1.01139
-0.504 -1.00942
-0.503 -1.00743
-0.502 -1.00543
-0.501 -1.00343
-0.5 -1.00142
-0.499 -0.999404
-0.498 -0.997382
-0.497 -0.995355
-0.496 -0.993323
-0.495 -0.991288
-0.494 -0.98925
-0.493 -0.987209
-0.492 -0.985168
-0.491 -0.983125
-0.49 -0.981083
-0.489 -0.979041
-0.488 -0.977001
-0.487 -0.974962
-0.486 -0.972927
-0.485 -0.970895
-0.484 -0.968867
-0.483 -0.966844
-0.482 -0.964826
-0.481 -0.962815
-0.48 -0.960811
-0.479 -0.958815
-0.478 -0.956827
-0.477 -0.954848
-0.476 -0.952879
-0.475 -0.95092
-0.474 -0.948973
-0.473 -0.947037
-0.472 -0.945114
-0.471 -0.943205
-0.47 -0.941309
-0.469 -0.939427
-0.468 -0.937561
-0.467 -0.935711
-0.466 -0.933877
-0.465 -0.932061
-0.464 -0.930262
-0.463 -0.928482
-0.462 -0.926721
-0.461 -0.92498
-0.46 -0.923259
-0.459 -0.921559
-0.458 -0.919881
-0.457 -0.918225
-0.456 -0.916591
-0.455 -0.914981
-0.454 -0.913396
-0.453 -0.911834
-0.452 -0.910298
-0.451 -0.908788
-0.45 -0.907304
-0.449 -0.905847
-0.448 -0.904417
-0.447 -0.903015
-0.446 -0.901642
-0.445 -0.900297
-0.444 -0.898982
-0.443 -0.897697
-0.442 -0.896443
-0.441 -0.89522
-0.44 -0.894028
-0.439 -0.892868
-0.438 -0.89174
-0.437 -0.890645
-0.436 -0.889584
-0.435 -0.888556
-0.434 -0.887563
-0.433 -0.886604
-0.432 -0.88568
-0.431 -0.884791
-0.43 -0.883938
-0.429 -0.883121
-0.428 -0.882341
-0.427 -0.881598
-0.426 -0.880892
-0.425 -0.880223
-0.424 -0.879592
-0.423 -0.878999
-0.422 -0.878445
-0.421 -0.87793
-0.42 -0.877453
-0.419 -0.877016
-0.418 -0.876618
-0.417 -0.876261
-0.416 -0.875943
-0.415 -0.875665
-0.414 -0.875428
-0.413 -0.875232
-0.412 -0.875076
-0.411 -0.874962
-0.41 -0.874888
-0.409 -0.874856
-0.408 -0.874866
-0.407 -0.874917
-0.406 -0.87501
-0.405 -0.875144
-0.404 -0.875321
-0.403 -0.87554
-0.402 -0.8758
-0.401 -0.876103
-0.4 -0.876448
-0.399 -0.876835
-0.398 -0.877265
-0.397 -0.877737
-0.396 -0.878251
-0.395 -0.878807
-0.394 -0.879405
-0.393 -0.880046
-0.392 -0.880729
-0.391 -0.881453
-0.39 -0.88222
-0.389 -0.883029
-0.388 -0.883879
-0.387 -0.884771
-0.386 -0.885705
-0.385 -0.88668
-0.384 -0.887696
-0.383 -0.888753
-0.382 -0.889852
-0.381 -0.890991
-0.38 -0.89217
-0.379 -0.89339
-0.378 -0.89465
-0.377 -0.89595
-0.376 -0.89729
-0.375 -0.898668
-0.374 -0.900086
-0.373 -0.901543
-0.372 -0.903039
-0.371 -0.904572
-0.37 -0.906144
-0.369 -0.907753
-0.368 -0.909399
-0.367 -0.911083
-0.366 -0.912803
-0.365 -0.914559
-0.364 -0.91635
-0.363 -0.918178
-0.362 -0.92004
-0.361 -0.921937
-0.36 -0.923868
-0.359 -0.925832
-0.358 -0.92783
-0.357 -0.929861
-0.356 -0.931924
-0.355 -0.934019
-0.354 -0.936145
-0.353 -0.938303
-0.352 -0.94049
-0.351 -0.942708
-0.35 -0.944954
-0.349 -0.94723
-0.348 -0.949534
-0.347 -0.951865
-0.346 -0.954224
-0.345 -0.956609
-0.344 -0.95902
-0.343 -0.961456
-0.342 -0.963917
-0.341 -0.966402
-0.34 -0.968911
-0.339 -0.971443
-0.338 -0.973996
-0.337 -0.976572
-0.336 -0.979168
-0.335 -0.981785
-0.334 -0.984421
-0.333 -0.987076
-0.332 -0.989749
-0.331 -0.99244
-0.33 -0.995148
-0.329 -0.997872
-0.328 -1.00061
-0.327 -1.00337
-0.326 -1.00613
-0.325 -1.00891
-0.324 -1.01171
-0.323 -1.01451
-0.322 -1.01733
-0.321 -1.02016
-0.32 -1.02299
-0.319 -1.02584
-0.318 -1.02869
-0.317 -1.03155
-0.316 -1.03442
-0.315 -1.03729
-0.314 -1.04016
-0.313 -1.04304
-0.312 -1.04593
-0.311 -1.04881
-0.31 -1.0517
-0.309 -1.05459
-0.308 -1.05748
-0.307 -1.06036
-0.306 -1.06325
-0.305 -1.06613
-0.304 -1.06901
-0.303 -1.07188
-0.302 -1.07475
-0.301 -1.07761
-0.3 -1.08047
-0.299 -1.08332
-0.298 -1.08616
-0.297 -1.08899
-0.296 -1.09181
-0.295 -1.09462
-0.294 -1.09742
-0.293 -1.1002
-0.292 -1.10297
-0.291 -1.10573
-0.29 -1.10847
-0.289 -1.11119
-0.288 -1.1139
-0.287 -1.11658
-0.286 -1.11925
-0.285 -1.1219
-0.284 -1.12453
-0.283 -1.12714
-0.282 -1.12972
-0.281 -1.13229
-0.28 -1.13482
-0.279 -1.13733
-0.278 -1.13982
-0.277 -1.14228
-0.276 -1.14471
-0.275 -1.14712
-0.274 -1.14949
-0.273 -1.15183
-0.272 -1.15415
-0.271 -1.15643
-0.27 -1.15867
-0.269 -1.16089
-0.268 -1.16307
-0.267 -1.16521
-0.266 -1.16732
-0.265 -1.16939
-0.264 -1.17143
-0.263 -1.17342
-0.262 -1.17538
-0.261 -1.17729
-0.26 -1.17916
-0.259 -1.181
-0.258 -1.18279
-0.257 -1.18453
-0.256 -1.18623
-0.255 -1.18789
-0.254 -1.1895
-0.253 -1.19106
-0.252 -1.19258
-0.251 -1.19405
-0.25 -1.19546
-0.249 -1.19683
-0.248 -1.19815
-0.247 -1.19942
-0.246 -1.20063
-0.245 -1.2018
-0.244 -1.20291
-0.243 -1.20396
-0.242 -1.20496
-0.241 -1.2059
-0.24 -1.20679
-0.239 -1.20762
-0.238 -1.2084
-0.237 -1.20911
-0.236 -1.20977
-0.235 -1.21036
-0.234 -1.2109
-0.233 -1.21137
-0.232 -1.21178
-0.231 -1.21213
-0.23 -1.21242
-0.229 -1.21264
-0.228 -1.2128
-0.227 -1.2129
-0.226 -1.21293
-0.225 -1.21289
-0.224 -1.21279
-0.223 -1.21262
-0.222 -1.21238
-0.221 -1.21208
-0.22 -1.2117
-0.219 -1.21126
-0.218 -1.21075
-0.217 -1.21016
-0.216 -1.20951
-0.215 -1.20878
-0.214 -1.20798
-0.213 -1.20712
-0.212 -1.20617
-0.211 -1.20516
-0.21 -1.20407
-0.209 -1.20291
-0.208 -1.20167
-0.207 -1.20036
-0.206 -1.19897
-0.205 -1.19751
-0.204 -1.19597
-0.203 -1.19436
-0.202 -1.19267
-0.201 -1.1909
-0.2 -1.18906
-0.199 -1.18714
-0.198 -1.18514
-0.197 -1.18306
-0.196 -1.1809
-0.195 -1.17867
-0.194 -1.17635
-0.193 -1.17396
-0.192 -1.17149
-0.191 -1.16893
-0.19 -1.1663
-0.189 -1.16359
-0.188 -1.1608
-0.187 -1.15792
-0.186 -1.15497
-0.185 -1.15194
-0.184 -1.14882
-0.183 -1.14563
-0.182 -1.14235
-0.181 -1.13899
-0.18 -1.13555
-0.179 -1.13203
-0.178 -1.12843
-0.177 -1.12475
-0.176 -1.12098
-0.175 -1.11713
-0.174 -1.11321
-0.173 -1.1092
-0.172 -1.10511
-0.171 -1.10093
-0.17 -1.09668
-0.169 -1.09234
-0.168 -1.08793
-0.167 -1.08343
-0.166 -1.07885
-0.165 -1.07419
-0.164 -1.06945
-0.163 -1.06462
-0.162 -1.05972
-0.161 -1.05474
-0.16 -1.04967
-0.159 -1.04453
-0.158 -1.0393
-0.157 -1.03399
-0.156 -1.02861
-0.155 -1.02315
-0.154 -1.0176
-0.153 -1.01198
-0.152 -1.00628
-0.151 -1.0005
-0.15 -0.994636
-0.149 -0.988699
-0.148 -0.982685
-0.147 -0.976593
-0.146 -0.970423
-0.145 -0.964177
-0.144 -0.957855
-0.143 -0.951456
-0.142 -0.944981
-0.141 -0.938432
-0.14 -0.931807
-0.139 -0.925107
-0.138 -0.918334
-0.137 -0.911486
-0.136 -0.904566
-0.135 -0.897572
-0.134 -0.890506
-0.133 -0.883368
-0.132 -0.876159
-0.131 -0.868878
-0.13 -0.861527
-0.129 -0.854106
-0.128 -0.846616
-0.127 -0.839056
-0.126 -0.831428
-0.125 -0.823733
-0.124 -0.815969
-0.123 -0.80814
-0.122 -0.800243
-0.121 -0.792282
-0.12 -0.784255
-0.119 -0.776164
-0.118 -0.768009
-0.117 -0.759791
-0.116 -0.75151
-0.115 -0.743168
-0.114 -0.734764
-0.113 -0.726299
-0.112 -0.717775
-0.111 -0.709192
-0.11 -0.700549
-0.109 -0.69185
-0.108 -0.683092
-0.107 -0.674279
-0.106 -0.66541
-0.105 -0.656485
-0.104 -0.647507
-0.103 -0.638475
-0.102 -0.62939
-0.101 -0.620253
-0.1 -0.611065
-0.099 -0.601827
-0.098 -0.592539
-0.097 -0.583201
-0.096 -0.573816
-0.095 -0.564384
-0.094 -0.554905
-0.093 -0.54538
-0.092 -0.53581
-0.091 -0.526197
-0.09 -0.51654
-0.089 -0.506841
-0.088 -0.4971
-0.087 -0.487319
-0.086 -0.477498
-0.085 -0.467638
-0.084 -0.45774
-0.083 -0.447804
-0.082 -0.437833
-0.081 -0.427825
-0.08 -0.417784
-0.079 -0.407708
-0.078 -0.3976
-0.077 -0.38746
-0.076 -0.377289
-0.075 -0.367088
-0.074 -0.356858
-0.073 -0.3466
-0.072 -0.336314
-0.071 -0.326002
-0.07 -0.315664
-0.069 -0.305302
-0.068 -0.294917
-0.067 -0.284509
-0.066 -0.274079
-0.065 -0.263628
-0.064 -0.253157
-0.063 -0.242668
-0.062 -0.23216
-0.061 -0.221636
-0.06 -0.211096
-0.059 -0.20054
-0.058 -0.189971
-0.057 -0.179388
-0.056 -0.168793
-0.055 -0.158187
-0.054 -0.147571
-0.053 -0.136945
-0.052 -0.126311
-0.051 -0.115669
-0.05 -0.105021
-0.049 -0.094368
-0.048 -0.0837102
-0.047 -0.0730488
-0.046 -0.0623848
-0.045 -0.0517192
-0.044 -0.041053
-0.043 -0.0303871
-0.042 -0.0197224
-0.041 -0.00906004
-0.04 0.00159916
-0.039 0.0122542
-0.038 0.0229042
-0.037 0.033548
-0.036 0.0441849
-0.035 0.0548138
-0.034 0.0654338
-0.033 0.0760439
-0.032 0.0866432
-0.031 0.0972308
-0.03 0.107806
-0.029 0.118367
-0.028 0.128914
-0.027 0.139445
-0.026 0.14996
-0.025 0.160457
-0.024 0.170936
-0.023 0.181396
-0.022 0.191836
-0.021 0.202255
-0.02 0.212652
-0.019 0.223026
-0.018 0.233377
-0.017 0.243702
-0.016 0.254003
-0.015 0.264277
-0.014 0.274523
-0.013 0.284742
-0.012 0.294931
-0.011 0.305091
-0.01 0.31522
-0.009 0.325317
-0.008 0.335382
-0.007 0.345414
-0.006 0.355411
-0.005 0.365374
-0.004 0.375301
-0.003 0.385191
-0.002 0.395044
-0.001 0.404859
0 0.414634
0.001 0.42437
0.002 0.434065
0.003 0.443719
0.004 0.453331
0.005 0.462899
0.006 0.472425
0.007 0.481905
0.008 0.491341
0.009 0.50073
0.01 0.510073
0.011 0.519369
0.012 0.528617
0.013 0.537815
0.014 0.546965
0.015 0.556064
0.016 0.565112
0.017 0.574109
0.018 0.583053
0.019 0.591945
0.02 0.600783
0.021 0.609567
0.022 0.618297
0.023 0.626971
0.024 0.635589
0.025 0.64415
0.026 0.652654
0.027 0.661101
0.028 0.669488
0.029 0.677818
0.03 0.686087
0.031 0.694297
0.032 0.702445
0.033 0.710533
0.034 0.718559
0.035 0.726523
0.036 0.734425
0.037 0.742263
0.038 0.750037
0.039 0.757748
0.04 0.765394
0.041 0.772974
0.042 0.78049
0.043 0.787939
0.044 0.795322
0.045 0.802639
0.046 0.809888
0.047 0.81707
0.048 0.824184
0.049 0.831229
0.05 0.838206
0.051 0.845114
0.052 0.851953
0.053 0.858721
0.054 0.86542
0.055 0.872049
0.056 0.878607
0.057 0.885094
0.058 0.89151
0.059 0.897854
0.06 0.904127
0.061 0.910328
0.062 0.916457
0.063 0.922513
0.064 0.928497
0.065 0.934408
0.066 0.940246
0.067 0.94601
0.068 0.951702
0.069 0.957319
0.07 0.962863
0.071 0.968334
0.072 0.97373
0.073 0.979052
0.074 0.984301
0.075 0.989475
0.076 0.994574
0.077 0.999599
0.078 1.00455
0.079 1.00943
0.08 1.01423
0.081 1.01895
0.082 1.02361
0.083 1.02818
0.084 1.03269
0.085 1.03712
0.086 1.04147
0.087 1.04575
0.088 1.04995
0.089 1.05408
0.09 1.05814
0.091 1.06212
0.092 1.06603
0.093 1.06986
0.094 1.07362
0.095 1.0773
0.096 1.08092
0.097 1.08445
0.098 1.08792
0.099 1.09131
0.1 1.09462
0.101 1.09787
0.102 1.10104
0.103 1.10414
0.104 1.10716
0.105 1.11012
0.106 1.113
0.107 1.11581
0.108 1.11855
0.109 1.12121
0.11 1.12381
0.111 1.12633
0.112 1.12879
0.113 1.13117
0.114 1.13348
0.115 1.13573
0.116 1.1379
0.117 1.14001
0.118 1.14205
0.119 1.14402
0.12 1.14592
0.121 1.14775
0.122 1.14952
0.123 1.15122
0.124 1.15285
0.125 1.15441
0.126 1.15592
0.127 1.15735
0.128 1.15872
0.129 1.16003
0.13 1.16127
0.131 1.16245
0.132 1.16356
0.133 1.16462
0.134 1.16561
0.135 1.16653
0.136 1.1674
0.137 1.16821
0.138 1.16895
0.139 1.16964
0.14 1.17027
0.141 1.17083
0.142 1.17134
0.143 1.17179
0.144 1.17219
0.145 1.17253
0.146 1.17281
0.147 1.17303
0.148 1.1732
0.149 1.17332
0.15 1.17338
0.151 1.17339
0.152 1.17334
0.153 1.17325
0.154 1.1731
0.155 1.1729
0.156 1.17265
0.157 1.17235
0.158 1.172
0.159 1.1716
0.16 1.17116
0.161 1.17066
0.162 1.17012
0.163 1.16954
0.164 1.1689
0.165 1.16823
0.166 1.1675
0.167 1.16674
0.168 1.16593
0.169 1.16508
0.17 1.16419
0.171 1.16325
0.172 1.16228
0.173 1.16126
0.174 1.16021
0.175 1.15912
0.176 1.15799
0.177 1.15682
0.178 1.15562
0.179 1.15438
0.18 1.15311
0.181 1.1518
0.182 1.15046
0.183 1.14908
0.184 1.14767
0.185 1.14623
0.186 1.14476
0.187 1.14326
0.188 1.14173
0.189 1.14017
0.19 1.13859
0.191 1.13697
0.192 1.13533
0.193 1.13366
0.194 1.13197
0.195 1.13025
0.196 1.1285
0.197 1.12674
0.198 1.12495
0.199 1.12314
0.2 1.1213
0.201 1.11945
0.202 1.11758
0.203 1.11568
0.204 1.11377
0.205 1.11184
0.206 1.1099
0.207 1.10793
0.208 1.10595
0.209 1.10396
0.21 1.10195
0.211 1.09993
0.212 1.09789
0.213 1.09584
0.214 1.09378
0.215 1.09171
0.216 1.08963
0.217 1.08754
0.218 1.08543
0.219 1.08332
0.22 1.08121
0.221 1.07908
0.222 1.07695
0.223 1.07481
0.224 1.07267
0.225 1.07052
0.226 1.06837
0.227 1.06621
0.228 1.06405
0.229 1.06189
0.23 1.05973
0.231 1.05756
0.232 1.0554
0.233 1.05324
0.234 1.05107
0.235 1.04891
0.236 1.04675
0.237 1.0446
0.238 1.04244
0.239 1.04029
0.24 1.03815
0.241 1.03601
0.242 1.03387
0.243 1.03174
0.244 1.02962
0.245 1.0275
0.246 1.02539
0.247 1.02329
0.248 1.0212
0.249 1.01912
0.25 1.01705
0.251 1.01499
0.252 1.01294
0.253 1.0109
0.254 1.00887
0.255 1.00685
0.256 1.00485
0.257 1.00286
0.258 1.00088
0.259 0.998918
0.26 0.996969
0.261 0.995036
0.262 0.993119
0.263 0.991217
0.264 0.989331
0.265 0.987463
0.266 0.985611
0.267 0.983777
0.268 0.981961
0.269 0.980163
0.27 0.978384
0.271 0.976623
0.272 0.974883
0.273 0.973162
0.274 0.971461
0.275 0.969781
0.276 0.968122
0.277 0.966484
0.278 0.964867
0.279 0.963273
0.28 0.9617
0.281 0.96015
0.282 0.958622
0.283 0.957118
0.284 0.955637
0.285 0.954179
0.286 0.952746
0.287 0.951336
0.288 0.949951
0.289 0.94859
0.29 0.947255
0.291 0.945944
0.292 0.944659
0.293 0.943399
0.294 0.942164
0.295 0.940956
0.296 0.939773
0.297 0.938617
0.298 0.937488
0.299 0.936384
0.3 0.935308
0.301 0.934258
0.302 0.933236
0.303 0.93224
0.304 0.931272
0.305 0.930331
0.306 0.929418
0.307 0.928532
0.308 0.927674
0.309 0.926843
0.31 0.926041
0.311 0.925266
0.312 0.924519
0.313 0.9238
0.314 0.92311
0.315 0.922447
0.316 0.921812
0.317 0.921206
0.318 0.920627
0.319 0.920077
0.32 0.919555
0.321 0.919061
0.322 0.918595
0.323 0.918158
0.324 0.917748
0.325 0.917366
0.326 0.917012
0.327 0.916686
0.328 0.916388
0.329 0.916118
0.33 0.915875
0.331 0.91566
0.332 0.915473
0.333 0.915313
0.334 0.91518
0.335 0.915074
0.336 0.914996
0.337 0.914944
0.338 0.914919
0.339 0.914921
0.34 0.914949
0.341 0.915004
0.342 0.915085
0.343 0.915192
0.344 0.915325
0.345 0.915483
0.346 0.915667
0.347 0.915876
0.348 0.916111
0.349 0.91637
0.35 0.916654
0.351 0.916963
0.352 0.917295
0.353 0.917652
0.354 0.918033
0.355 0.918437
0.356 0.918864
0.357 0.919314
0.358 0.919788
0.359 0.920283
0.36 0.920801
0.361 0.921341
0.362 0.921903
0.363 0.922486
0.364 0.923091
0.365 0.923716
0.366 0.924362
0.367 0.925028
0.368 0.925714
0.369 0.926419
0.37 0.927144
0.371 0.927888
0.372 0.928651
0.373 0.929432
0.374 0.930231
0.375 0.931048
0.376 0.931882
0.377 0.932733
0.378 0.933601
0.379 0.934485
0.38 0.935385
0.381 0.936301
0.382 0.937232
0.383 0.938178
0.384 0.939139
0.385 0.940113
0.386 0.941102
0.387 0.942104
0.388 0.943119
0.389 0.944147
0.39 0.945187
0.391 0.946239
0.392 0.947302
0.393 0.948377
0.394 0.949463
0.395 0.950559
0.396 0.951665
0.397 0.95278
0.398 0.953905
0.399 0.955038
0.4 0.95618
0.401 0.957331
0.402 0.958488
0.403 0.959653
0.404 0.960825
0.405 0.962003
0.406 0.963188
0.407 0.964378
0.408 0.965573
0.409 0.966773
0.41 0.967978
0.411 0.969186
0.412 0.970398
0.413 0.971614
0.414 0.972832
0.415 0.974053
0.416 0.975276
0.417 0.976501
0.418 0.977727
0.419 0.978953
0.42 0.980181
0.421 0.981408
0.422 0.982635
0.423 0.983861
0.424 0.985087
0.425 0.98631
0.426 0.987532
0.427 0.988752
0.428 0.989969
0.429 0.991184
0.43 0.992394
0.431 0.993602
0.432 0.994805
0.433 0.996003
0.434 0.997197
0.435 0.998385
0.436 0.999568
0.437 1.00075
0.438 1.00192
0.439 1.00308
0.44 1.00424
0.441 1.00539
0.442 1.00653
0.443 1.00766
0.444 1.00879
0.445 1.00991
0.446 1.01101
0.447 1.01211
0.448 1.0132
0.449 1.01428
0.45 1.01535
0.451 1.01641
0.452 1.01745
0.453 1.01849
0.454 1.01952
0.455 1.02053
0.456 1.02153
0.457 1.02252
0.458 1.02349
0.459 1.02446
0.46 1.02541
0.461 1.02634
0.462 1.02727
0.463 1.02817
0.464 1.02907
0.465 1.02995
0.466 1.03081
0.467 1.03167
0.468 1.0325
0.469 1.03332
0.47 1.03413
0.471 1.03491
0.472 1.03569
0.473 1.03644
0.474 1.03718
0.475 1.03791
0.476 1.03861
0.477 1.0393
0.478 1.03998
0.479 1.04063
0.48 1.04127
0.481 1.04189
0.482 1.0425
0.483 1.04308
0.484 1.04365
0.485 1.0442
0.486 1.04473
0.487 1.04524
0.488 1.04574
0.489 1.04621
0.49 1.04667
0.491 1.04711
0.492 1.04753
0.493 1.04793
0.494 1.04831
0.495 1.04867
0.496 1.04902
0.497 1.04934
0.498 1.04965
0.499 1.04993
0.5 1.0502
0.501 1.05045
0.502 1.05068
0.503 1.05089
0.504 1.05108
0.505 1.05125
0.506 1.0514
0.507 1.05153
0.508 1.05164
0.509 1.05174
0.51 1.05181
0.511 1.05187
0.512 1.0519
0.513 1.05192
0.514 1.05192
0.515 1.0519
0.516 1.05186
0.517 1.0518
0.518 1.05172
0.519 1.05163
0.52 1.05152
0.521 1.05138
0.522 1.05123
0.523 1.05106
0.524 1.05088
0.525 1.05067
0.526 1.05045
0.527 1.05021
0.528 1.04995
0.529 1.04968
0.53 1.04938
0.531 1.04907
0.532 1.04875
0.533 1.0484
0.534 1.04804
0.535 1.04767
0.536 1.04728
0.537 1.04687
0.538 1.04644
0.539 1.04601
0.54 1.04555
0.541 1.04508
0.542 1.0446
0.543 1.0441
0.544 1.04358
0.545 1.04305
0.546 1.04251
0.547 1.04196
0.548 1.04139
0.549 1.04081
0.55 1.04021
0.551 1.0396
0.552 1.03898
0.553 1.03835
0.554 1.0377
0.555 1.03705
0.556 1.03638
0.557 1.0357
0.558 1.03501
0.559 1.03431
0.56 1.0336
0.561 1.03288
0.562 1.03215
0.563 1.03141
0.564 1.03066
0.565 1.02991
0.566 1.02914
0.567 1.02837
0.568 1.02759
0.569 1.0268
0.57 1.026
0.571 1.0252
0.572 1.02439
0.573 1.02358
0.574 1.02276
0.575 1.02193
0.576 1.0211
0.577 1.02027
0.578 1.01943
0.579 1.01858
0.58 1.01773
0.581 1.01688
0.582 1.01603
0.583 1.01517
0.584 1.01431
0.585 1.01345
0.586 1.01259
0.587 1.01172
0.588 1.01086
0.589 1.00999
0.59 1.00912
0.591 1.00826
0.592 1.00739
0.593 1.00653
0.594 1.00566
0.595 1.0048
0.596 1.00394
0.597 1.00308
0.598 1.00222
0.599 1.00137
0.6 1.00052
0.601 0.999671
0.602 0.998828
0.603 0.997988
0.604 0.997153
0.605 0.996323
0.606 0.995498
0.607 0.994678
0.608 0.993864
0.609 0.993057
0.61 0.992255
0.611 0.99146
0.612 0.990672
0.613 0.989892
0.614 0.989119
0.615 0.988354
0.616 0.987597
0.617 0.986849
0.618 0.986109
0.619 0.985378
0.62 0.984657
0.621 0.983946
0.622 0.983244
0.623 0.982553
0.624 0.981872
0.625 0.981202
0.626 0.980543
0.627 0.979895
0.628 0.979258
0.629 0.978633
0.63 0.97802
0.631 0.97742
0.632 0.976832
0.633 0.976256
0.634 0.975693
0.635 0.975144
0.636 0.974607
0.637 0.974084
0.638 0.973575
0.639 0.97308
0.64 0.972599
0.641 0.972132
0.642 0.971679
0.643 0.971241
0.644 0.970818
0.645 0.970409
0.646 0.970016
0.647 0.969638
0.648 0.969275
0.649 0.968928
0.65 0.968596
0.651 0.96828
0.652 0.967979
0.653 0.967695
0.654 0.967427
0.655 0.967174
0.656 0.966938
0.657 0.966718
0.658 0.966514
0.659 0.966327
0.66 0.966156
0.661 0.966001
0.662 0.965863
0.663 0.965742
0.664 0.965637
0.665 0.965548
0.666 0.965477
0.667 0.965421
0.668 0.965383
0.669 0.965361
0.67 0.965355
0.671 0.965366
0.672 0.965393
0.673 0.965437
0.674 0.965497
0.675 0.965574
0.676 0.965666
0.677 0.965775
0.678 0.9659
0.679 0.966041
0.68 0.966198
0.681 0.966371
0.682 0.966559
0.683 0.966763
0.684 0.966983
0.685 0.967218
0.686 0.967468
0.687 0.967733
0.688 0.968013
0.689 0.968307
0.69 0.968617
0.691 0.96894
0.692 0.969278
0.693 0.96963
0.694 0.969995
0.695 0.970375
0.696 0.970767
0.697 0.971173
0.698 0.971592
0.699 0.972024
0.7 0.972468
0.701 0.972924
0.702 0.973392
0.703 0.973872
0.704 0.974364
0.705 0.974867
0.706 0.975381
0.707 0.975906
0.708 0.976441
0.709 0.976986
0.71 0.977541
0.711 0.978105
0.712 0.978679
0.713 0.979262
0.714 0.979853
0.715 0.980452
0.716 0.98106
0.717 0.981675
0.718 0.982298
0.719 0.982927
0.72 0.983563
0.721 0.984206
0.722 0.984854
0.723 0.985508
0.724 0.986167
0.725 0.986831
0.726 0.9875
0.727 0.988173
0.728 0.988849
0.729 0.989529
0.73 0.990212
0.731 0.990898
0.732 0.991586
0.733 0.992276
0.734 0.992968
0.735 0.99366
0.736 0.994354
0.737 0.995048
0.738 0.995742
0.739 0.996435
0.74 0.997128
0.741 0.99782
0.742 0.99851
0.743 0.999198
0.744 0.999884
0.745 1.00057
0.746 1.00125
0.747 1.00192
0.748 1.0026
0.749 1.00327
0.75 1.00393
0.751 1.00459
0.752 1.00524
0.753 1.00589
0.754 1.00653
0.755 1.00717
0.756 1.0078
0.757 1.00842
0.758 1.00903
0.759 1.00964
0.76 1.01024
0.761 1.01082
0.762 1.0114
0.763 1.01198
0.764 1.01254
0.765 1.01309
0.766 1.01363
0.767 1.01416
0.768 1.01468
0.769 1.01519
0.77 1.01568
0.771 1.01617
0.772 1.01664
0.773 1.0171
0.774 1.01755
0.775 1.01798
0.776 1.0184
0.777 1.01881
0.778 1.0192
0.779 1.01958
0.78 1.01995
0.781 1.0203
0.782 1.02064
0.783 1.02096
0.784 1.02126
0.785 1.02156
0.786 1.02183
0.787 1.02209
0.788 1.02233
0.789 1.02256
0.79 1.02277
0.791 1.02297
0.792 1.02315
0.793 1.02331
0.794 1.02346
0.795 1.02359
0.796 1.0237
0.797 1.02379
0.798 1.02387
0.799 1.02393
0.8 1.02398
0.801 1.02401
0.802 1.02402
0.803 1.02401
0.804 1.02398
0.805 1.02394
0.806 1.02389
0.807 1.02381
0.808 1.02372
0.809 1.02361
0.81 1.02348
0.811 1.02334
0.812 1.02318
0.813 1.023
0.814 1.02281
0.815 1.0226
0.816 1.02238
0.817 1.02213
0.818 1.02188
0.819 1.0216
0.82 1.02132
0.821 1.02101
0.822 1.02069
0.823 1.02036
0.824 1.02001
0.825 1.01965
0.826 1.01927
0.827 1.01888
0.828 1.01848
0.829 1.01806
0.83 1.01763
0.831 1.01719
0.832 1.01674
0.833 1.01627
0.834 1.01579
0.835 1.0153
0.836 1.0148
0.837 1.01429
0.838 1.01377
0.839 1.01324
0.84 1.0127
0.841 1.01216
0.842 1.0116
0.843 1.01104
0.844 1.01047
0.845 1.00989
0.846 1.00931
0.847 1.00872
0.848 1.00812
0.849 1.00752
0.85 1.00692
0.851 1.00631
0.852 1.0057
0.853 1.00508
0.854 1.00447
0.855 1.00385
0.856 1.00323
0.857 1.00261
0.858 1.00199
0.859 1.00137
0.86 1.00075
0.861 1.00013
0.862 0.999519
0.863 0.998907
0.864 0.998299
0.865 0.997695
0.866 0.997095
0.867 0.996501
0.868 0.995913
0.869 0.99533
0.87 0.994755
0.871 0.994187
0.872 0.993628
0.873 0.993077
0.874 0.992535
0.875 0.992003
0.876 0.991482
0.877 0.990971
0.878 0.990472
0.879 0.989985
0.88 0.989511
0.881 0.98905
0.882 0.988602
0.883 0.988169
0.884 0.987751
0.885 0.987347
0.886 0.98696
0.887 0.986588
0.888 0.986234
0.889 0.985896
0.89 0.985577
0.891 0.985275
0.892 0.984991
0.893 0.984727
0.894 0.984481
0.895 0.984256
0.896 0.98405
0.897 0.983864
0.898 0.983699
0.899 0.983555
0.9 0.983432
0.901 0.983331
0.902 0.983251
0.903 0.983193
0.904 0.983157
0.905 0.983144
0.906 0.983152
0.907 0.983184
0.908 0.983237
0.909 0.983314
0.91 0.983413
0.911 0.983534
0.912 0.983678
0.913 0.983845
0.914 0.984035
0.915 0.984246
0.916 0.98448
0.917 0.984736
0.918 0.985014
0.919 0.985314
0.92 0.985635
0.921 0.985976
0.922 0.986339
0.923 0.986722
0.924 0.987124
0.925 0.987546
0.926 0.987987
0.927 0.988447
0.928 0.988924
0.929 0.989419
0.93 0.98993
0.931 0.990457
0.932 0.990999
0.933 0.991555
0.934 0.992126
0.935 0.992708
0.936 0.993303
0.937 0.993909
0.938 0.994525
0.939 0.99515
0.94 0.995783
0.941 0.996422
0.942 0.997068
0.943 0.997718
0.944 0.998371
0.945 0.999027
0.946 0.999683
0.947 1.00034
0.948 1.00099
0.949 1.00164
0.95 1.00229
0.951 1.00293
0.952 1.00356
0.953 1.00419
0.954 1.0048
0.955 1.0054
0.956 1.00598
0.957 1.00655
0.958 1.00711
0.959 1.00764
0.96 1.00815
0.961 1.00864
0.962 1.00911
0.963 1.00955
0.964 1.00996
0.965 1.01034
0.966 1.01068
0.967 1.011
0.968 1.01128
0.969 1.01152
0.97 1.01172
0.971 1.01187
0.972 1.01199
0.973 1.01206
0.974 1.01208
0.975 1.01205
0.976 1.01197
0.977 1.01183
0.978 1.01164
0.979 1.01139
0.98 1.01108
0.981 1.01071
0.982 1.01028
0.983 1.00978
0.984 1.00922
0.985 1.00859
0.986 1.00788
0.987 1.00711
0.988 1.00626
0.989 1.00534
0.99 1.00434
0.991 1.00326
0.992 1.0021
0.993 1.00086
0.994 0.999542
0.995 0.998141
0.996 0.996655
0.997 0.995086
0.998 0.993431
0.999 0.991691
1 0.989866
