1 1.5403
1.01 1.54882
1.02 1.5574
1.03 1.56607
1.04 1.5748
1.05 1.58361
1.06 1.59249
1.07 1.60143
1.08 1.61045
1.09 1.61953
1.1 1.62867
1.11 1.63788
1.12 1.64715
1.13 1.65649
1.14 1.66588
1.15 1.67533
1.16 1.68484
1.17 1.6944
1.18 1.70402
1.19 1.71369
1.2 1.72342
1.21 1.73319
1.22 1.74302
1.23 1.75289
1.24 1.76281
1.25 1.77277
1.26 1.78278
1.27 1.79283
1.28 1.80292
1.29 1.81305
1.3 1.82323
1.31 1.83343
1.32 1.84368
1.33 1.85396
1.34 1.86427
1.35 1.87462
1.36 1.885
1.37 1.8954
1.38 1.90584
1.39 1.9163
1.4 1.92679
1.41 1.9373
1.42 1.94783
1.43 1.95839
1.44 1.96897
1.45 1.97957
1.46 1.99018
1.47 2.00081
1.48 2.01146
1.49 2.02212
1.5 2.03279
1.51 2.04347
1.52 2.05417
1.53 2.06487
1.54 2.07558
1.55 2.0863
1.56 2.09702
1.57 2.10774
1.58 2.11847
1.59 2.1292
1.6 2.13992
1.61 2.15065
1.62 2.16137
1.63 2.17209
1.64 2.1828
1.65 2.19351
1.66 2.2042
1.67 2.21489
1.68 2.22557
1.69 2.23623
1.7 2.24688
1.71 2.25751
1.72 2.26813
1.73 2.27873
1.74 2.28932
1.75 2.29988
1.76 2.31042
1.77 2.32094
1.78 2.33143
1.79 2.3419
1.8 2.35234
1.81 2.36276
1.82 2.37314
1.83 2.3835
1.84 2.39382
1.85 2.40411
1.86 2.41436
1.87 2.42458
1.88 2.43476
1.89 2.4449
1.9 2.45501
1.91 2.46507
1.92 2.47509
1.93 2.48506
1.94 2.49499
1.95 2.50488
1.96 2.51471
1.97 2.5245
1.98 2.53424
1.99 2.54392
2 2.55356
2.01 2.56313
2.02 2.57266
2.03 2.58212
2.04 2.59153
2.05 2.60088
2.06 2.61017
2.07 2.61939
2.08 2.62855
2.09 2.63765
2.1 2.64668
2.11 2.65565
2.12 2.66454
2.13 2.67337
2.14 2.68212
2.15 2.6908
2.16 2.69941
2.17 2.70794
2.18 2.7164
2.19 2.72477
2.2 2.73307
2.21 2.74129
2.22 2.74943
2.23 2.75748
2.24 2.76545
2.25 2.77333
2.26 2.78113
2.27 2.78884
2.28 2.79646
2.29 2.80398
2.3 2.81139
2.31 2.81863
2.32 2.8257
2.33 2.83261
2.34 2.83936
2.35 2.84594
2.36 2.85237
2.37 2.85864
2.38 2.86476
2.39 2.87073
2.4 2.87655
2.41 2.88223
2.42 2.88777
2.43 2.89316
2.44 2.89841
2.45 2.90353
2.46 2.90852
2.47 2.91338
2.48 2.9181
2.49 2.9227
2.5 2.92718
2.51 2.93154
2.52 2.93577
2.53 2.9399
2.54 2.9439
2.55 2.9478
2.56 2.95159
2.57 2.95527
2.58 2.95884
2.59 2.96232
2.6 2.96569
2.61 2.96897
2.62 2.97215
2.63 2.97525
2.64 2.97825
2.65 2.98116
2.66 2.98399
2.67 2.98674
2.68 2.98941
2.69 2.992
2.7 2.99451
2.71 2.99695
2.72 2.99933
2.73 3.00163
2.74 3.00387
2.75 3.00604
2.76 3.00816
2.77 3.01022
2.78 3.01222
2.79 3.01417
2.8 3.01606
2.81 3.01791
2.82 3.01971
2.83 3.02147
2.84 3.02319
2.85 3.02487
2.86 3.02651
2.87 3.02812
2.88 3.0297
2.89 3.03124
2.9 3.03277
2.91 3.03426
2.92 3.03574
2.93 3.03719
2.94 3.03863
2.95 3.04006
2.96 3.04147
2.97 3.04287
2.98 3.04427
2.99 3.04566
3 3.04705
3.01 3.04843
3.02 3.04982
3.03 3.05122
3.04 3.05262
3.05 3.05403
3.06 3.05546
3.07 3.0569
3.08 3.05835
3.09 3.05983
3.1 3.06132
3.11 3.06285
3.12 3.06439
3.13 3.06597
3.14 3.06758
3.15 3.06922
3.16 3.0709
3.17 3.07262
3.18 3.07437
3.19 3.07618
3.2 3.07802
3.21 3.07992
3.22 3.08187
3.23 3.08387
3.24 3.08592
3.25 3.08804
3.26 3.09021
3.27 3.09245
3.28 3.09476
3.29 3.0971
3.3 3.09914
3.31 3.10076
3.32 3.10198
3.33 3.10281
3.34 3.10327
3.35 3.10337
3.36 3.10313
3.37 3.10256
3.38 3.10167
3.39 3.10048
3.4 3.09901
3.41 3.09727
3.42 3.09527
3.43 3.09303
3.44 3.09056
3.45 3.08788
3.46 3.08501
3.47 3.08195
3.48 3.07872
3.49 3.07534
3.5 3.07181
3.51 3.06817
3.52 3.06441
3.53 3.06056
3.54 3.05663
3.55 3.05263
3.56 3.04858
3.57 3.04449
3.58 3.04038
3.59 3.03627
3.6 3.03216
3.61 3.02807
3.62 3.02402
3.63 3.02001
3.64 3.01608
3.65 3.01222
3.66 3.00846
3.67 3.0048
3.68 3.00127
3.69 2.99788
3.7 2.99464
3.71 2.99157
3.72 2.98868
3.73 2.98599
3.74 2.98351
3.75 2.98125
3.76 2.97924
3.77 2.97748
3.78 2.97599
3.79 2.97478
3.8 2.97388
3.81 2.97328
3.82 2.97302
3.83 2.9731
3.84 2.97353
3.85 2.97434
3.86 2.97553
3.87 2.97712
3.88 2.97914
3.89 2.98158
3.9 2.98446
3.91 2.98781
3.92 2.9926
3.93 3.00233
3.94 3.01711
3.95 3.03672
3.96 3.06095
3.97 3.08958
3.98 3.12237
3.99 3.15912
4 3.19961
4.01 3.2436
4.02 3.29089
4.03 3.34125
4.04 3.39446
4.05 3.45031
4.06 3.50857
4.07 3.56902
4.08 3.63144
4.09 3.69561
4.1 3.76132
4.11 3.82833
4.12 3.89644
4.13 3.96542
4.14 4.03505
4.15 4.10511
4.16 4.17538
4.17 4.24564
4.18 4.31567
4.19 4.38524
4.2 4.45415
4.21 4.52217
4.22 4.58908
4.23 4.65466
4.24 4.71869
4.25 4.78094
4.26 4.84121
4.27 4.89926
4.28 4.95488
4.29 5.00785
4.3 5.05795
4.31 5.10496
4.32 5.14865
4.33 5.18881
4.34 5.22522
4.35 5.25766
4.36 5.2859
4.37 5.30973
4.38 5.32897
4.39 5.34632
4.4 5.36356
4.41 5.3807
4.42 5.39772
4.43 5.41462
4.44 5.43139
4.45 5.44803
4.46 5.46453
4.47 5.48089
4.48 5.49711
4.49 5.51317
4.5 5.52907
4.51 5.54481
4.52 5.56039
4.53 5.57579
4.54 5.59101
4.55 5.60605
4.56 5.6209
4.57 5.63556
4.58 5.65002
4.59 5.66427
4.6 5.67832
4.61 5.69215
4.62 5.70576
4.63 5.71915
4.64 5.73231
4.65 5.74524
4.66 5.75792
4.67 5.77036
4.68 5.78255
4.69 5.79449
4.7 5.80617
4.71 5.81757
4.72 5.82871
4.73 5.83958
4.74 5.85016
4.75 5.86046
4.76 5.87046
4.77 5.88017
4.78 5.88958
4.79 5.89868
4.8 5.90747
4.81 5.91594
4.82 5.92409
4.83 5.93191
4.84 5.93941
4.85 5.94656
4.86 5.95337
4.87 5.95983
4.88 5.96594
4.89 5.9717
4.9 5.97708
4.91 5.98211
4.92 5.98675
4.93 5.99102
4.94 5.99491
4.95 5.9984
4.96 6.00151
4.97 6.00421
4.98 6.00651
4.99 6.0084
5 6.00987
5.01 6.01093
5.02 6.01171
5.03 6.01246
5.04 6.01319
5.05 6.01388
5.06 6.01455
5.07 6.0152
5.08 6.01582
5.09 6.01641
5.1 6.01698
5.11 6.01752
5.12 6.01805
5.13 6.01855
5.14 6.01902
5.15 6.01948
5.16 6.01992
5.17 6.02034
5.18 6.02073
5.19 6.02111
5.2 6.02147
5.21 6.02182
5.22 6.02215
5.23 6.02246
5.24 6.02275
5.25 6.02303
5.26 6.0233
5.27 6.02355
5.28 6.02379
5.29 6.02402
5.3 6.02424
5.31 6.02444
5.32 6.02464
5.33 6.02482
5.34 6.025
5.35 6.02516
5.36 6.02532
5.37 6.02547
5.38 6.02562
5.39 6.02576
5.4 6.02589
5.41 6.02602
5.42 6.02614
5.43 6.02626
5.44 6.02638
5.45 6.0265
5.46 6.02661
5.47 6.02672
5.48 6.02684
5.49 6.02695
5.5 6.02706
5.51 6.02717
5.52 6.02729
5.53 6.02741
5.54 6.02753
5.55 6.02766
5.56 6.02779
5.57 6.02793
5.58 6.02807
5.59 6.02822
5.6 6.02837
5.61 6.02854
5.62 6.02871
5.63 6.02889
5.64 6.02908
5.65 6.02928
5.66 6.02949
5.67 6.02971
5.68 6.02994
5.69 6.03019
5.7 6.03045
5.71 6.03073
5.72 6.03102
5.73 6.03132
5.74 6.03164
5.75 6.03198
5.76 6.03233
5.77 6.0327
5.78 6.03309
5.79 6.0335
5.8 6.03392
5.81 6.03437
5.82 6.03484
5.83 6.03533
5.84 6.03584
5.85 6.03638
5.86 6.03694
5.87 6.03752
5.88 6.03812
5.89 6.03876
5.9 6.03941
5.91 6.0401
5.92 6.04081
5.93 6.04155
5.94 6.04232
5.95 6.04311
5.96 6.04394
5.97 6.04479
5.98 6.04568
5.99 6.0466
6 6.04755
6.01 6.04853
6.02 6.04954
6.03 6.05056
6.04 6.05159
6.05 6.05263
6.06 6.05367
6.07 6.05473
6.08 6.05579
6.09 6.05686
6.1 6.05794
6.11 6.05904
6.12 6.06014
6.13 6.06125
6.14 6.06237
6.15 6.0635
6.16 6.06464
6.17 6.06579
6.18 6.06695
6.19 6.06812
6.2 6.06931
6.21 6.0705
6.22 6.07171
6.23 6.07293
6.24 6.07416
6.25 6.0754
6.26 6.07665
6.27 6.07792
6.28 6.07919
6.29 6.08048
6.3 6.08179
6.31 6.0831
6.32 6.08443
6.33 6.08577
6.34 6.08713
6.35 6.0885
6.36 6.08988
6.37 6.09127
6.38 6.09268
6.39 6.09411
6.4 6.09555
6.41 6.097
6.42 6.09847
6.43 6.09995
6.44 6.10145
6.45 6.10296
6.46 6.10449
6.47 6.10604
6.48 6.1076
6.49 6.10917
6.5 6.11077
6.51 6.11238
6.52 6.114
6.53 6.11564
6.54 6.1173
6.55 6.11898
6.56 6.12067
6.57 6.12238
6.58 6.12411
6.59 6.12585
6.6 6.12761
6.61 6.12939
6.62 6.13119
6.63 6.13301
6.64 6.13485
6.65 6.1367
6.66 6.13857
6.67 6.14047
6.68 6.14238
6.69 6.14431
6.7 6.14626
6.71 6.14823
6.72 6.15022
6.73 6.15223
6.74 6.15426
6.75 6.15631
6.76 6.15838
6.77 6.16047
6.78 6.16259
6.79 6.16472
6.8 6.16688
6.81 6.16905
6.82 6.17125
6.83 6.17347
6.84 6.17571
6.85 6.17798
6.86 6.18026
6.87 6.18257
6.88 6.1849
6.89 6.18726
6.9 6.18963
6.91 6.19203
6.92 6.19446
6.93 6.1969
6.94 6.19938
6.95 6.20187
6.96 6.20439
6.97 6.20693
6.98 6.2095
6.99 6.21209
7 6.21471
7.01 6.21735
7.02 6.22001
7.03 6.2227
7.04 6.22542
7.05 6.22816
7.06 6.23093
7.07 6.23372
7.08 6.23654
7.09 6.23939
7.1 6.24226
7.11 6.24516
7.12 6.24809
7.13 6.25104
7.14 6.25402
7.15 6.25702
7.16 6.26006
7.17 6.26312
7.18 6.26621
7.19 6.26933
7.2 6.27247
7.21 6.27565
7.22 6.27885
7.23 6.28208
7.24 6.28534
7.25 6.28863
7.26 6.29195
7.27 6.29529
7.28 6.29867
7.29 6.30208
7.3 6.30551
7.31 6.30899
7.32 6.31289
7.33 6.31744
7.34 6.32262
7.35 6.32842
7.36 6.33483
7.37 6.34185
7.38 6.34946
7.39 6.35765
7.4 6.36641
7.41 6.37574
7.42 6.38562
7.43 6.39605
7.44 6.40701
7.45 6.41849
7.46 6.43049
7.47 6.44299
7.48 6.45599
7.49 6.46947
7.5 6.48343
7.51 6.49785
7.52 6.51273
7.53 6.52805
7.54 6.54381
7.55 6.55999
7.56 6.57659
7.57 6.5936
7.58 6.611
7.59 6.62879
7.6 6.64695
7.61 6.66548
7.62 6.68437
7.63 6.70361
7.64 6.72318
7.65 6.74308
7.66 6.7633
7.67 6.78382
7.68 6.80464
7.69 6.82576
7.7 6.84714
7.71 6.8688
7.72 6.89072
7.73 6.91288
7.74 6.93529
7.75 6.95792
7.76 6.98077
7.77 7.00383
7.78 7.0271
7.79 7.05055
7.8 7.07418
7.81 7.09798
7.82 7.12194
7.83 7.14605
7.84 7.1703
7.85 7.19469
7.86 7.21919
7.87 7.2438
7.88 7.26852
7.89 7.29333
7.9 7.31822
7.91 7.34318
7.92 7.3682
7.93 7.39328
7.94 7.41839
7.95 7.44354
7.96 7.46871
7.97 7.4939
7.98 7.51909
7.99 7.54427
8 7.56943
8.01 7.59457
8.02 7.61967
8.03 7.64472
8.04 7.66972
8.05 7.69466
8.06 7.71951
8.07 7.74428
8.08 7.76896
8.09 7.79353
8.1 7.81799
8.11 7.84232
8.12 7.86651
8.13 7.89057
8.14 7.91446
8.15 7.9382
8.16 7.96176
8.17 7.98513
8.18 8.00831
8.19 8.03129
8.2 8.05405
8.21 8.07659
8.22 8.0989
8.23 8.12097
8.24 8.14278
8.25 8.16433
8.26 8.18561
8.27 8.2066
8.28 8.22731
8.29 8.24771
8.3 8.2678
8.31 8.28757
8.32 8.307
8.33 8.3261
8.34 8.34484
8.35 8.36323
8.36 8.38124
8.37 8.39887
8.38 8.41611
8.39 8.43295
8.4 8.44939
8.41 8.4654
8.42 8.48098
8.43 8.49612
8.44 8.51081
8.45 8.52505
8.46 8.53881
8.47 8.5521
8.48 8.5649
8.49 8.5772
8.5 8.58899
8.51 8.60026
8.52 8.611
8.53 8.62121
8.54 8.63087
8.55 8.63997
8.56 8.6485
8.57 8.65646
8.58 8.66383
8.59 8.6706
8.6 8.67678
8.61 8.68262
8.62 8.68821
8.63 8.69353
8.64 8.69862
8.65 8.70346
8.66 8.70806
8.67 8.71244
8.68 8.71659
8.69 8.72052
8.7 8.72423
8.71 8.72774
8.72 8.73104
8.73 8.73415
8.74 8.73707
8.75 8.7398
8.76 8.74235
8.77 8.74472
8.78 8.74692
8.79 8.74896
8.8 8.75084
8.81 8.75257
8.82 8.75414
8.83 8.75558
8.84 8.75688
8.85 8.75805
8.86 8.75909
8.87 8.76001
8.88 8.76082
8.89 8.76152
8.9 8.76211
8.91 8.76261
8.92 8.76301
8.93 8.76332
8.94 8.76356
8.95 8.76372
8.96 8.7638
8.97 8.76382
8.98 8.76378
8.99 8.76369
9 8.76355
9.01 8.76337
9.02 8.76314
9.03 8.76289
9.04 8.76261
9.05 8.7623
9.06 8.76199
9.07 8.76166
9.08 8.76132
9.09 8.76099
9.1 8.76066
9.11 8.76035
9.12 8.76005
9.13 8.75978
9.14 8.75953
9.15 8.75932
9.16 8.75914
9.17 8.75902
9.18 8.75894
9.19 8.75892
9.2 8.75895
9.21 8.75906
9.22 8.75924
9.23 8.75949
9.24 8.75983
9.25 8.76026
9.26 8.76078
9.27 8.76141
9.28 8.76213
9.29 8.76297
9.3 8.76393
9.31 8.765
9.32 8.76621
9.33 8.76755
9.34 8.76902
9.35 8.77064
9.36 8.77241
9.37 8.77433
9.38 8.77642
9.39 8.77867
9.4 8.78109
9.41 8.78369
9.42 8.78647
9.43 8.78944
9.44 8.7926
9.45 8.79596
9.46 8.79952
9.47 8.8033
9.48 8.80729
9.49 8.8115
9.5 8.81594
9.51 8.82061
9.52 8.82552
9.53 8.83067
9.54 8.83607
9.55 8.84172
9.56 8.84763
9.57 8.85381
9.58 8.86026
9.59 8.86695
9.6 8.87368
9.61 8.88043
9.62 8.88718
9.63 8.89395
9.64 8.90074
9.65 8.90753
9.66 8.91435
9.67 8.92117
9.68 8.92801
9.69 8.93487
9.7 8.94175
9.71 8.94864
9.72 8.95555
9.73 8.96247
9.74 8.96942
9.75 8.97639
9.76 8.98337
9.77 8.99038
9.78 8.9974
9.79 9.00445
9.8 9.01153
9.81 9.01862
9.82 9.02574
9.83 9.03288
9.84 9.04005
9.85 9.04724
9.86 9.05445
9.87 9.0617
9.88 9.06897
9.89 9.07626
9.9 9.08359
9.91 9.09094
9.92 9.09832
9.93 9.10574
9.94 9.11318
9.95 9.12065
9.96 9.12816
9.97 9.13569
9.98 9.14326
9.99 9.15086
10 9.1585
