-1 2.12393
-0.999 2.12277
-0.998 2.12162
-0.997 2.12046
-0.996 2.1193
-0.995 2.11814
-0.994 2.11698
-0.993 2.11582
-0.992 2.11466
-0.991 2.11351
-0.99 2.11235
-0.989 2.11119
-0.988 2.11003
-0.987 2.10887
-0.986 2.10772
-0.985 2.10656
-0.984 2.1054
-0.983 2.10424
-0.982 2.10309
-0.981 2.10193
-0.98 2.10077
-0.979 2.09962
-0.978 2.09846
-0.977 2.0973
-0.976 2.09615
-0.975 2.09499
-0.974 2.09383
-0.973 2.09268
-0.972 2.09152
-0.971 2.09036
-0.97 2.08921
-0.969 2.08805
-0.968 2.0869
-0.967 2.08574
-0.966 2.08459
-0.965 2.08343
-0.964 2.08228
-0.963 2.08112
-0.962 2.07997
-0.961 2.07881
-0.96 2.07766
-0.959 2.0765
-0.958 2.07535
-0.957 2.07419
-0.956 2.07304
-0.955 2.07189
-0.954 2.07073
-0.953 2.06958
-0.952 2.06842
-0.951 2.06727
-0.95 2.06612
-0.949 2.06496
-0.948 2.06381
-0.947 2.06266
-0.946 2.06151
-0.945 2.06035
-0.944 2.0592
-0.943 2.05805
-0.942 2.05689
-0.941 2.05574
-0.94 2.05459
-0.939 2.05344
-0.938 2.05229
-0.937 2.05113
-0.936 2.04998
-0.935 2.04883
-0.934 2.04768
-0.933 2.04653
-0.932 2.04538
-0.931 2.04422
-0.93 2.04307
-0.929 2.04192
-0.928 2.04077
-0.927 2.03962
-0.926 2.03847
-0.925 2.03732
-0.924 2.03617
-0.923 2.03502
-0.922 2.03387
-0.921 2.03272
-0.92 2.03157
-0.919 2.03042
-0.918 2.02927
-0.917 2.02812
-0.916 2.02697
-0.915 2.02582
-0.914 2.02467
-0.913 2.02352
-0.912 2.02237
-0.911 2.02123
-0.91 2.02008
-0.909 2.01893
-0.908 2.01778
-0.907 2.01663
-0.906 2.01548
-0.905 2.01434
-0.904 2.01319
-0.903 2.01204
-0.902 2.01089
-0.901 2.00974
-0.9 2.0086
-0.899 2.00745
-0.898 2.0063
-0.897 2.00515
-0.896 2.00401
-0.895 2.00286
-0.894 2.00171
-0.893 2.00057
-0.892 1.99942
-0.891 1.99827
-0.89 1.99713
-0.889 1.99598
-0.888 1.99484
-0.887 1.99369
-0.886 1.99254
-0.885 1.9914
-0.884 1.99025
-0.883 1.98911
-0.882 1.98796
-0.881 1.98682
-0.88 1.98567
-0.879 1.98453
-0.878 1.98338
-0.877 1.98224
-0.876 1.98109
-0.875 1.97995
-0.874 1.9788
-0.873 1.97766
-0.872 1.97651
-0.871 1.97537
-0.87 1.97423
-0.869 1.97308
-0.868 1.97194
-0.867 1.97079
-0.866 1.96965
-0.865 1.96851
-0.864 1.96736
-0.863 1.96622
-0.862 1.96508
-0.861 1.96394
-0.86 1.96279
-0.859 1.96165
-0.858 1.96051
-0.857 1.95936
-0.856 1.95822
-0.855 1.95708
-0.854 1.95594
-0.853 1.9548
-0.852 1.95365
-0.851 1.95251
-0.85 1.95137
-0.849 1.95023
-0.848 1.94909
-0.847 1.94795
-0.846 1.94681
-0.845 1.94566
-0.844 1.94452
-0.843 1.94338
-0.842 1.94224
-0.841 1.9411
-0.84 1.93996
-0.839 1.93882
-0.838 1.93768
-0.837 1.93654
-0.836 1.9354
-0.835 1.93426
-0.834 1.93312
-0.833 1.93198
-0.832 1.93084
-0.831 1.9297
-0.83 1.92856
-0.829 1.92742
-0.828 1.92628
-0.827 1.92515
-0.826 1.92401
-0.825 1.92287
-0.824 1.92173
-0.823 1.92059
-0.822 1.91945
-0.821 1.91831
-0.82 1.91718
-0.819 1.91604
-0.818 1.9149
-0.817 1.91376
-0.816 1.91263
-0.815 1.91149
-0.814 1.91035
-0.813 1.90921
-0.812 1.90808
-0.811 1.90694
-0.81 1.9058
-0.809 1.90467
-0.808 1.90353
-0.807 1.90239
-0.806 1.90126
-0.805 1.90012
-0.804 1.89898
-0.803 1.89785
-0.802 1.89671
-0.801 1.89558
-0.8 1.89444
-0.799 1.8933
-0.798 1.89217
-0.797 1.89103
-0.796 1.8899
-0.795 1.88876
-0.794 1.88763
-0.793 1.88649
-0.792 1.88536
-0.791 1.88422
-0.79 1.88309
-0.789 1.88195
-0.788 1.88082
-0.787 1.87969
-0.786 1.87855
-0.785 1.87742
-0.784 1.87628
-0.783 1.87515
-0.782 1.87402
-0.781 1.87288
-0.78 1.87175
-0.779 1.87062
-0.778 1.86948
-0.777 1.86835
-0.776 1.86722
-0.775 1.86608
-0.774 1.86495
-0.773 1.86382
-0.772 1.86269
-0.771 1.86156
-0.77 1.86042
-0.769 1.85929
-0.768 1.85816
-0.767 1.85703
-0.766 1.8559
-0.765 1.85476
-0.764 1.85363
-0.763 1.8525
-0.762 1.85137
-0.761 1.85024
-0.76 1.84911
-0.759 1.84798
-0.758 1.84685
-0.757 1.84572
-0.756 1.84458
-0.755 1.84345
-0.754 1.84232
-0.753 1.84119
-0.752 1.84006
-0.751 1.83893
-0.75 1.8378
-0.749 1.83667
-0.748 1.83554
-0.747 1.83442
-0.746 1.83329
-0.745 1.83216
-0.744 1.83103
-0.743 1.8299
-0.742 1.82877
-0.741 1.82764
-0.74 1.82651
-0.739 1.82538
-0.738 1.82426
-0.737 1.82313
-0.736 1.822
-0.735 1.82087
-0.734 1.81974
-0.733 1.81861
-0.732 1.81749
-0.731 1.81636
-0.73 1.81523
-0.729 1.8141
-0.728 1.81298
-0.727 1.81185
-0.726 1.81072
-0.725 1.8096
-0.724 1.80847
-0.723 1.80734
-0.722 1.80622
-0.721 1.80509
-0.72 1.80396
-0.719 1.80284
-0.718 1.80171
-0.717 1.80059
-0.716 1.79946
-0.715 1.79833
-0.714 1.79721
-0.713 1.79608
-0.712 1.79496
-0.711 1.79383
-0.71 1.79271
-0.709 1.79158
-0.708 1.79046
-0.707 1.78933
-0.706 1.78821
-0.705 1.78708
-0.704 1.78596
-0.703 1.78484
-0.702 1.78371
-0.701 1.78259
-0.7 1.78146
-0.699 1.78034
-0.698 1.77922
-0.697 1.77809
-0.696 1.77697
-0.695 1.77585
-0.694 1.77472
-0.693 1.7736
-0.692 1.77248
-0.691 1.77135
-0.69 1.77023
-0.689 1.76911
-0.688 1.76799
-0.687 1.76686
-0.686 1.76574
-0.685 1.76462
-0.684 1.7635
-0.683 1.76237
-0.682 1.76125
-0.681 1.76013
-0.68 1.75901
-0.679 1.75789
-0.678 1.75677
-0.677 1.75565
-0.676 1.75452
-0.675 1.7534
-0.674 1.75228
-0.673 1.75116
-0.672 1.75004
-0.671 1.74892
-0.67 1.7478
-0.669 1.74668
-0.668 1.74556
-0.667 1.74444
-0.666 1.74332
-0.665 1.7422
-0.664 1.74108
-0.663 1.73996
-0.662 1.73884
-0.661 1.73772
-0.66 1.7366
-0.659 1.73548
-0.658 1.73436
-0.657 1.73325
-0.656 1.73213
-0.655 1.73101
-0.654 1.72989
-0.653 1.72877
-0.652 1.72765
-0.651 1.72654
-0.65 1.72542
-0.649 1.7243
-0.648 1.72318
-0.647 1.72206
-0.646 1.72095
-0.645 1.71983
-0.644 1.71871
-0.643 1.71759
-0.642 1.71648
-0.641 1.71536
-0.64 1.71424
-0.639 1.71313
-0.638 1.71201
-0.637 1.71089
-0.636 1.70978
-0.635 1.70866
-0.634 1.70754
-0.633 1.70643
-0.632 1.70531
-0.631 1.7042
-0.63 1.70308
-0.629 1.70197
-0.628 1.70085
-0.627 1.69973
-0.626 1.69862
-0.625 1.6975
-0.624 1.69639
-0.623 1.69527
-0.622 1.69416
-0.621 1.69305
-0.62 1.69193
-0.619 1.69082
-0.618 1.6897
-0.617 1.68859
-0.616 1.68747
-0.615 1.68636
-0.614 1.68525
-0.613 1.68413
-0.612 1.68302
-0.611 1.68191
-0.61 1.68079
-0.609 1.67968
-0.608 1.67857
-0.607 1.67745
-0.606 1.67634
-0.605 1.67523
-0.604 1.67412
-0.603 1.673
-0.602 1.67189
-0.601 1.67078
-0.6 1.66967
-0.599 1.66855
-0.598 1.66744
-0.597 1.66633
-0.596 1.66522
-0.595 1.66411
-0.594 1.663
-0.593 1.66188
-0.592 1.66077
-0.591 1.65966
-0.59 1.65855
-0.589 1.65744
-0.588 1.65633
-0.587 1.65522
-0.586 1.65411
-0.585 1.653
-0.584 1.65189
-0.583 1.65078
-0.582 1.64967
-0.581 1.64856
-0.58 1.64745
-0.579 1.64634
-0.578 1.64523
-0.577 1.64412
-0.576 1.64301
-0.575 1.6419
-0.574 1.64079
-0.573 1.63968
-0.572 1.63857
-0.571 1.63747
-0.57 1.63636
-0.569 1.63525
-0.568 1.63414
-0.567 1.63303
-0.566 1.63192
-0.565 1.63082
-0.564 1.62971
-0.563 1.6286
-0.562 1.62749
-0.561 1.62639
-0.56 1.62528
-0.559 1.62417
-0.558 1.62306
-0.557 1.62196
-0.556 1.62085
-0.555 1.61974
-0.554 1.61864
-0.553 1.61753
-0.552 1.61642
-0.551 1.61532
-0.55 1.61421
-0.549 1.6131
-0.548 1.612
-0.547 1.61089
-0.546 1.60979
-0.545 1.60868
-0.544 1.60758
-0.543 1.60647
-0.542 1.60536
-0.541 1.60426
-0.54 1.60315
-0.539 1.60205
-0.538 1.60094
-0.537 1.59984
-0.536 1.59874
-0.535 1.59763
-0.534 1.59653
-0.533 1.59542
-0.532 1.59432
-0.531 1.59321
-0.53 1.59211
-0.529 1.59101
-0.528 1.5899
-0.527 1.5888
-0.526 1.5877
-0.525 1.58659
-0.524 1.58549
-0.523 1.58439
-0.522 1.58328
-0.521 1.58218
-0.52 1.58108
-0.519 1.57998
-0.518 1.57887
-0.517 1.57777
-0.516 1.57667
-0.515 1.57557
-0.514 1.57446
-0.513 1.57336
-0.512 1.57226
-0.511 1.57116
-0.51 1.57006
-0.509 1.56896
-0.508 1.56786
-0.507 1.56675
-0.506 1.56565
-0.505 1.56455
-0.504 1.56345
-0.503 1.56235
-0.502 1.56125
-0.501 1.56015
-0.5 1.55905
-0.499 1.55795
-0.498 1.55685
-0.497 1.55575
-0.496 1.55465
-0.495 1.55355
-0.494 1.55245
-0.493 1.55135
-0.492 1.55025
-0.491 1.54915
-0.49 1.54805
-0.489 1.54695
-0.488 1.54585
-0.487 1.54476
-0.486 1.54366
-0.485 1.54256
-0.484 1.54146
-0.483 1.54036
-0.482 1.53926
-0.481 1.53817
-0.48 1.53707
-0.479 1.53597
-0.478 1.53487
-0.477 1.53377
-0.476 1.53268
-0.475 1.53158
-0.474 1.53048
-0.473 1.52939
-0.472 1.52829
-0.471 1.52719
-0.47 1.52609
-0.469 1.525
-0.468 1.5239
-0.467 1.5228
-0.466 1.52171
-0.465 1.52061
-0.464 1.51952
-0.463 1.51842
-0.462 1.51732
-0.461 1.51623
-0.46 1.51513
-0.459 1.51404
-0.458 1.51294
-0.457 1.51185
-0.456 1.51075
-0.455 1.50966
-0.454 1.50856
-0.453 1.50747
-0.452 1.50637
-0.451 1.50528
-0.45 1.50418
-0.449 1.50309
-0.448 1.50199
-0.447 1.5009
-0.446 1.49981
-0.445 1.49871
-0.444 1.49762
-0.443 1.49653
-0.442 1.49543
-0.441 1.49434
-0.44 1.49325
-0.439 1.49215
-0.438 1.49106
-0.437 1.48997
-0.436 1.48887
-0.435 1.48778
-0.434 1.48669
-0.433 1.4856
-0.432 1.4845
-0.431 1.48341
-0.43 1.48232
-0.429 1.48123
-0.428 1.48014
-0.427 1.47904
-0.426 1.47795
-0.425 1.47686
-0.424 1.47577
-0.423 1.47468
-0.422 1.47359
-0.421 1.4725
-0.42 1.47141
-0.419 1.47031
-0.418 1.46922
-0.417 1.46813
-0.416 1.46704
-0.415 1.46595
-0.414 1.46486
-0.413 1.46377
-0.412 1.46268
-0.411 1.46159
-0.41 1.4605
-0.409 1.45941
-0.408 1.45832
-0.407 1.45723
-0.406 1.45615
-0.405 1.45506
-0.404 1.45397
-0.403 1.45288
-0.402 1.45179
-0.401 1.4507
-0.4 1.44961
-0.399 1.44852
-0.398 1.44744
-0.397 1.44635
-0.396 1.44526
-0.395 1.44417
-0.394 1.44308
-0.393 1.442
-0.392 1.44091
-0.391 1.43982
-0.39 1.43873
-0.389 1.43765
-0.388 1.43656
-0.387 1.43547
-0.386 1.43439
-0.385 1.4333
-0.384 1.43221
-0.383 1.43113
-0.382 1.43004
-0.381 1.42895
-0.38 1.42787
-0.379 1.42678
-0.378 1.42569
-0.377 1.42461
-0.376 1.42352
-0.375 1.42244
-0.374 1.42135
-0.373 1.42027
-0.372 1.41918
-0.371 1.4181
-0.37 1.41701
-0.369 1.41593
-0.368 1.41484
-0.367 1.41376
-0.366 1.41267
-0.365 1.41159
-0.364 1.4105
-0.363 1.40942
-0.362 1.40834
-0.361 1.40725
-0.36 1.40617
-0.359 1.40508
-0.358 1.404
-0.357 1.40292
-0.356 1.40183
-0.355 1.40075
-0.354 1.39967
-0.353 1.39858
-0.352 1.3975
-0.351 1.39642
-0.35 1.39534
-0.349 1.39425
-0.348 1.39317
-0.347 1.39209
-0.346 1.39101
-0.345 1.38993
-0.344 1.38884
-0.343 1.38776
-0.342 1.38668
-0.341 1.3856
-0.34 1.38452
-0.339 1.38344
-0.338 1.38235
-0.337 1.38127
-0.336 1.38019
-0.335 1.37911
-0.334 1.37803
-0.333 1.37695
-0.332 1.37587
-0.331 1.37479
-0.33 1.37371
-0.329 1.37263
-0.328 1.37155
-0.327 1.37047
-0.326 1.36939
-0.325 1.36831
-0.324 1.36723
-0.323 1.36615
-0.322 1.36507
-0.321 1.36399
-0.32 1.36291
-0.319 1.36183
-0.318 1.36076
-0.317 1.35968
-0.316 1.3586
-0.315 1.35752
-0.314 1.35644
-0.313 1.35536
-0.312 1.35428
-0.311 1.35321
-0.31 1.35213
-0.309 1.35105
-0.308 1.34997
-0.307 1.3489
-0.306 1.34782
-0.305 1.34674
-0.304 1.34566
-0.303 1.34459
-0.302 1.34351
-0.301 1.34243
-0.3 1.34136
-0.299 1.34028
-0.298 1.3392
-0.297 1.33813
-0.296 1.33705
-0.295 1.33597
-0.294 1.3349
-0.293 1.33382
-0.292 1.33275
-0.291 1.33167
-0.29 1.3306
-0.289 1.32952
-0.288 1.32844
-0.287 1.32737
-0.286 1.32629
-0.285 1.32522
-0.284 1.32414
-0.283 1.32307
-0.282 1.322
-0.281 1.32092
-0.28 1.31985
-0.279 1.31877
-0.278 1.3177
-0.277 1.31662
-0.276 1.31555
-0.275 1.31448
-0.274 1.3134
-0.273 1.31233
-0.272 1.31126
-0.271 1.31018
-0.27 1.30911
-0.269 1.30804
-0.268 1.30696
-0.267 1.30589
-0.266 1.30482
-0.265 1.30374
-0.264 1.30267
-0.263 1.3016
-0.262 1.30053
-0.261 1.29946
-0.26 1.29838
-0.259 1.29731
-0.258 1.29624
-0.257 1.29517
-0.256 1.2941
-0.255 1.29303
-0.254 1.29195
-0.253 1.29088
-0.252 1.28981
-0.251 1.28874
-0.25 1.28767
-0.249 1.2866
-0.248 1.28553
-0.247 1.28446
-0.246 1.28339
-0.245 1.28232
-0.244 1.28125
-0.243 1.28018
-0.242 1.27911
-0.241 1.27804
-0.24 1.27697
-0.239 1.2759
-0.238 1.27483
-0.237 1.27376
-0.236 1.27269
-0.235 1.27162
-0.234 1.27055
-0.233 1.26948
-0.232 1.26842
-0.231 1.26735
-0.23 1.26628
-0.229 1.26521
-0.228 1.26414
-0.227 1.26307
-0.226 1.26201
-0.225 1.26094
-0.224 1.25987
-0.223 1.2588
-0.222 1.25773
-0.221 1.25667
-0.22 1.2556
-0.219 1.25453
-0.218 1.25347
-0.217 1.2524
-0.216 1.25133
-0.215 1.25027
-0.214 1.2492
-0.213 1.24813
-0.212 1.24707
-0.211 1.246
-0.21 1.24493
-0.209 1.24387
-0.208 1.2428
-0.207 1.24174
-0.206 1.24067
-0.205 1.23961
-0.204 1.23854
-0.203 1.23747
-0.202 1.23641
-0.201 1.23534
-0.2 1.23428
-0.199 1.23321
-0.198 1.23215
-0.197 1.23109
-0.196 1.23002
-0.195 1.22896
-0.194 1.22789
-0.193 1.22683
-0.192 1.22576
-0.191 1.2247
-0.19 1.22364
-0.189 1.22257
-0.188 1.22151
-0.187 1.22045
-0.186 1.21938
-0.185 1.21832
-0.184 1.21726
-0.183 1.21619
-0.182 1.21513
-0.181 1.21407
-0.18 1.21301
-0.179 1.21194
-0.178 1.21088
-0.177 1.20982
-0.176 1.20876
-0.175 1.20769
-0.174 1.20663
-0.173 1.20557
-0.172 1.20451
-0.171 1.20345
-0.17 1.20239
-0.169 1.20133
-0.168 1.20026
-0.167 1.1992
-0.166 1.19814
-0.165 1.19708
-0.164 1.19602
-0.163 1.19496
-0.162 1.1939
-0.161 1.19284
-0.16 1.19178
-0.159 1.19072
-0.158 1.18966
-0.157 1.1886
-0.156 1.18754
-0.155 1.18648
-0.154 1.18542
-0.153 1.18436
-0.152 1.1833
-0.151 1.18224
-0.15 1.18118
-0.149 1.18012
-0.148 1.17907
-0.147 1.17801
-0.146 1.17695
-0.145 1.17589
-0.144 1.17483
-0.143 1.17377
-0.142 1.17272
-0.141 1.17166
-0.14 1.1706
-0.139 1.16954
-0.138 1.16848
-0.137 1.16743
-0.136 1.16637
-0.135 1.16531
-0.134 1.16426
-0.133 1.1632
-0.132 1.16214
-0.131 1.16108
-0.13 1.16003
-0.129 1.15897
-0.128 1.15791
-0.127 1.15686
-0.126 1.1558
-0.125 1.15475
-0.124 1.15369
-0.123 1.15263
-0.122 1.15158
-0.121 1.15052
-0.12 1.14947
-0.119 1.14841
-0.118 1.14736
-0.117 1.1463
-0.116 1.14525
-0.115 1.14419
-0.114 1.14314
-0.113 1.14208
-0.112 1.14103
-0.111 1.13997
-0.11 1.13892
-0.109 1.13786
-0.108 1.13681
-0.107 1.13576
-0.106 1.1347
-0.105 1.13365
-0.104 1.1326
-0.103 1.13154
-0.102 1.13049
-0.101 1.12944
-0.1 1.12838
-0.099 1.12733
-0.098 1.12628
-0.097 1.12522
-0.096 1.12417
-0.095 1.12312
-0.094 1.12207
-0.093 1.12101
-0.092 1.11996
-0.091 1.11891
-0.09 1.11786
-0.089 1.11681
-0.088 1.11575
-0.087 1.1147
-0.086 1.11365
-0.085 1.1126
-0.084 1.11155
-0.083 1.1105
-0.082 1.10945
-0.081 1.1084
-0.08 1.10734
-0.079 1.10629
-0.078 1.10524
-0.077 1.10419
-0.076 1.10314
-0.075 1.10209
-0.074 1.10104
-0.073 1.09999
-0.072 1.09894
-0.071 1.09789
-0.07 1.09684
-0.069 1.09579
-0.068 1.09474
-0.067 1.0937
-0.066 1.09265
-0.065 1.0916
-0.064 1.09055
-0.063 1.0895
-0.062 1.08845
-0.061 1.0874
-0.06 1.08635
-0.059 1.08531
-0.058 1.08426
-0.057 1.08321
-0.056 1.08216
-0.055 1.08111
-0.054 1.08007
-0.053 1.07902
-0.052 1.07797
-0.051 1.07692
-0.05 1.07588
-0.049 1.07483
-0.048 1.07378
-0.047 1.07274
-0.046 1.07169
-0.045 1.07064
-0.044 1.0696
-0.043 1.06855
-0.042 1.0675
-0.041 1.06646
-0.04 1.06541
-0.039 1.06437
-0.038 1.06332
-0.037 1.06227
-0.036 1.06123
-0.035 1.06018
-0.034 1.05914
-0.033 1.05809
-0.032 1.05705
-0.031 1.056
-0.03 1.05496
-0.029 1.05391
-0.028 1.05287
-0.027 1.05182
-0.026 1.05078
-0.025 1.04973
-0.024 1.04869
-0.023 1.04765
-0.022 1.0466
-0.021 1.04556
-0.02 1.04451
-0.019 1.04347
-0.018 1.04243
-0.017 1.04138
-0.016 1.04034
-0.015 1.0393
-0.014 1.03826
-0.013 1.03721
-0.012 1.03617
-0.011 1.03513
-0.01 1.03408
-0.009 1.03304
-0.008 1.032
-0.007 1.03096
-0.006 1.02992
-0.005 1.02887
-0.004 1.02783
-0.003 1.02679
-0.002 1.02575
-0.001 1.02471
0 1.02367
0.001 1.02262
0.002 1.02158
0.003 1.02054
0.004 1.0195
0.005 1.01846
0.006 1.01742
0.007 1.01638
0.008 1.01534
0.009 1.0143
0.01 1.01326
0.011 1.01222
0.012 1.01118
0.013 1.01014
0.014 1.0091
0.015 1.00806
0.016 1.00702
0.017 1.00598
0.018 1.00494
0.019 1.0039
0.02 1.00286
0.021 1.00183
0.022 1.00079
0.023 0.999748
0.024 0.99871
0.025 0.997671
0.026 0.996633
0.027 0.995595
0.028 0.994557
0.029 0.993519
0.03 0.992481
0.031 0.991444
0.032 0.990406
0.033 0.989369
0.034 0.988331
0.035 0.987294
0.036 0.986257
0.037 0.98522
0.038 0.984183
0.039 0.983146
0.04 0.98211
0.041 0.981073
0.042 0.980037
0.043 0.979001
0.044 0.977965
0.045 0.976929
0.046 0.975893
0.047 0.974857
0.048 0.973821
0.049 0.972786
0.05 0.97175
0.051 0.970715
0.052 0.96968
0.053 0.968645
0.054 0.96761
0.055 0.966575
0.056 0.96554
0.057 0.964506
0.058 0.963471
0.059 0.962437
0.06 0.961403
0.061 0.960368
0.062 0.959334
0.063 0.9583
0.064 0.957267
0.065 0.956233
0.066 0.9552
0.067 0.954166
0.068 0.953133
0.069 0.9521
0.07 0.951067
0.071 0.950034
0.072 0.949001
0.073 0.947968
0.074 0.946935
0.075 0.945903
0.076 0.944871
0.077 0.943838
0.078 0.942806
0.079 0.941774
0.08 0.940742
0.081 0.939711
0.082 0.938679
0.083 0.937647
0.084 0.936616
0.085 0.935585
0.086 0.934554
0.087 0.933523
0.088 0.932492
0.089 0.931461
0.09 0.93043
0.091 0.929399
0.092 0.928369
0.093 0.927339
0.094 0.926308
0.095 0.925278
0.096 0.924248
0.097 0.923218
0.098 0.922189
0.099 0.921159
0.1 0.92013
0.101 0.9191
0.102 0.918071
0.103 0.917042
0.104 0.916013
0.105 0.914984
0.106 0.913955
0.107 0.912926
0.108 0.911898
0.109 0.910869
0.11 0.909841
0.111 0.908813
0.112 0.907784
0.113 0.906756
0.114 0.905729
0.115 0.904701
0.116 0.903673
0.117 0.902646
0.118 0.901618
0.119 0.900591
0.12 0.899564
0.121 0.898537
0.122 0.89751
0.123 0.896483
0.124 0.895456
0.125 0.89443
0.126 0.893403
0.127 0.892377
0.128 0.891351
0.129 0.890325
0.13 0.889299
0.131 0.888273
0.132 0.887247
0.133 0.886221
0.134 0.885196
0.135 0.88417
0.136 0.883145
0.137 0.88212
0.138 0.881095
0.139 0.88007
0.14 0.879045
0.141 0.878021
0.142 0.876996
0.143 0.875972
0.144 0.874947
0.145 0.873923
0.146 0.872899
0.147 0.871875
0.148 0.870851
0.149 0.869827
0.15 0.868804
0.151 0.86778
0.152 0.866757
0.153 0.865734
0.154 0.86471
0.155 0.863687
0.156 0.862664
0.157 0.861642
0.158 0.860619
0.159 0.859596
0.16 0.858574
0.161 0.857552
0.162 0.856529
0.163 0.855507
0.164 0.854485
0.165 0.853464
0.166 0.852442
0.167 0.85142
0.168 0.850399
0.169 0.849377
0.17 0.848356
0.171 0.847335
0.172 0.846314
0.173 0.845293
0.174 0.844272
0.175 0.843251
0.176 0.842231
0.177 0.841211
0.178 0.84019
0.179 0.83917
0.18 0.83815
0.181 0.83713
0.182 0.83611
0.183 0.83509
0.184 0.834071
0.185 0.833051
0.186 0.832032
0.187 0.831013
0.188 0.829993
0.189 0.828974
0.19 0.827956
0.191 0.826937
0.192 0.825918
0.193 0.8249
0.194 0.823881
0.195 0.822863
0.196 0.821845
0.197 0.820827
0.198 0.819809
0.199 0.818791
0.2 0.817773
0.201 0.816755
0.202 0.815738
0.203 0.814721
0.204 0.813703
0.205 0.812686
0.206 0.811669
0.207 0.810652
0.208 0.809635
0.209 0.808619
0.21 0.807602
0.211 0.806586
0.212 0.80557
0.213 0.804553
0.214 0.803537
0.215 0.802521
0.216 0.801505
0.217 0.80049
0.218 0.799474
0.219 0.798459
0.22 0.797443
0.221 0.796428
0.222 0.795413
0.223 0.794398
0.224 0.793383
0.225 0.792368
0.226 0.791354
0.227 0.790339
0.228 0.789325
0.229 0.78831
0.23 0.787296
0.231 0.786282
0.232 0.785268
0.233 0.784254
0.234 0.783241
0.235 0.782227
0.236 0.781214
0.237 0.7802
0.238 0.779187
0.239 0.778174
0.24 0.777161
0.241 0.776148
0.242 0.775135
0.243 0.774123
0.244 0.77311
0.245 0.772098
0.246 0.771085
0.247 0.770073
0.248 0.769061
0.249 0.768049
0.25 0.767037
0.251 0.766026
0.252 0.765014
0.253 0.764003
0.254 0.762991
0.255 0.76198
0.256 0.760969
0.257 0.759958
0.258 0.758947
0.259 0.757936
0.26 0.756926
0.261 0.755915
0.262 0.754905
0.263 0.753894
0.264 0.752884
0.265 0.751874
0.266 0.750864
0.267 0.749854
0.268 0.748845
0.269 0.747835
0.27 0.746826
0.271 0.745816
0.272 0.744807
0.273 0.743798
0.274 0.742789
0.275 0.74178
0.276 0.740771
0.277 0.739763
0.278 0.738754
0.279 0.737746
0.28 0.736737
0.281 0.735729
0.282 0.734721
0.283 0.733713
0.284 0.732705
0.285 0.731698
0.286 0.73069
0.287 0.729683
0.288 0.728675
0.289 0.727668
0.29 0.726661
0.291 0.725654
0.292 0.724647
0.293 0.72364
0.294 0.722634
0.295 0.721627
0.296 0.720621
0.297 0.719615
0.298 0.718609
0.299 0.717602
0.3 0.716597
0.301 0.715591
0.302 0.714585
0.303 0.713579
0.304 0.712574
0.305 0.711569
0.306 0.710563
0.307 0.709558
0.308 0.708553
0.309 0.707549
0.31 0.706544
0.311 0.705539
0.312 0.704535
0.313 0.70353
0.314 0.702526
0.315 0.701522
0.316 0.700518
0.317 0.699514
0.318 0.69851
0.319 0.697506
0.32 0.696503
0.321 0.695499
0.322 0.694496
0.323 0.693493
0.324 0.69249
0.325 0.691487
0.326 0.690484
0.327 0.689481
0.328 0.688479
0.329 0.687476
0.33 0.686474
0.331 0.685471
0.332 0.684469
0.333 0.683467
0.334 0.682465
0.335 0.681464
0.336 0.680462
0.337 0.67946
0.338 0.678459
0.339 0.677458
0.34 0.676456
0.341 0.675455
0.342 0.674454
0.343 0.673453
0.344 0.672453
0.345 0.671452
0.346 0.670452
0.347 0.669451
0.348 0.668451
0.349 0.667451
0.35 0.666451
0.351 0.665451
0.352 0.664451
0.353 0.663451
0.354 0.662452
0.355 0.661452
0.356 0.660453
0.357 0.659454
0.358 0.658455
0.359 0.657456
0.36 0.656457
0.361 0.655458
0.362 0.65446
0.363 0.653461
0.364 0.652463
0.365 0.651465
0.366 0.650467
0.367 0.649468
0.368 0.648471
0.369 0.647473
0.37 0.646475
0.371 0.645478
0.372 0.64448
0.373 0.643483
0.374 0.642486
0.375 0.641489
0.376 0.640492
0.377 0.639495
0.378 0.638498
0.379 0.637501
0.38 0.636505
0.381 0.635509
0.382 0.634512
0.383 0.633516
0.384 0.63252
0.385 0.631524
0.386 0.630529
0.387 0.629533
0.388 0.628537
0.389 0.627542
0.39 0.626547
0.391 0.625551
0.392 0.624556
0.393 0.623561
0.394 0.622567
0.395 0.621572
0.396 0.620577
0.397 0.619583
0.398 0.618588
0.399 0.617594
0.4 0.6166
0.401 0.615606
0.402 0.614612
0.403 0.613618
0.404 0.612625
0.405 0.611631
0.406 0.610638
0.407 0.609645
0.408 0.608651
0.409 0.607658
0.41 0.606665
0.411 0.605673
0.412 0.60468
0.413 0.603687
0.414 0.602695
0.415 0.601702
0.416 0.60071
0.417 0.599718
0.418 0.598726
0.419 0.597734
0.42 0.596742
0.421 0.595751
0.422 0.594759
0.423 0.593768
0.424 0.592777
0.425 0.591785
0.426 0.590794
0.427 0.589803
0.428 0.588813
0.429 0.587822
0.43 0.586831
0.431 0.585841
0.432 0.58485
0.433 0.58386
0.434 0.58287
0.435 0.58188
0.436 0.58089
0.437 0.579901
0.438 0.578911
0.439 0.577921
0.44 0.576932
0.441 0.575943
0.442 0.574954
0.443 0.573964
0.444 0.572976
0.445 0.571987
0.446 0.570998
0.447 0.570009
0.448 0.569021
0.449 0.568033
0.45 0.567044
0.451 0.566056
0.452 0.565068
0.453 0.56408
0.454 0.563093
0.455 0.562105
0.456 0.561118
0.457 0.56013
0.458 0.559143
0.459 0.558156
0.46 0.557169
0.461 0.556182
0.462 0.555195
0.463 0.554208
0.464 0.553222
0.465 0.552235
0.466 0.551249
0.467 0.550263
0.468 0.549277
0.469 0.548291
0.47 0.547305
0.471 0.546319
0.472 0.545333
0.473 0.544348
0.474 0.543362
0.475 0.542377
0.476 0.541392
0.477 0.540407
0.478 0.539422
0.479 0.538437
0.48 0.537453
0.481 0.536468
0.482 0.535484
0.483 0.534499
0.484 0.533515
0.485 0.532531
0.486 0.531547
0.487 0.530563
0.488 0.529579
0.489 0.528596
0.49 0.527612
0.491 0.526629
0.492 0.525646
0.493 0.524662
0.494 0.523679
0.495 0.522697
0.496 0.521714
0.497 0.520731
0.498 0.519749
0.499 0.518766
0.5 0.517784
0.501 0.516802
0.502 0.515819
0.503 0.514837
0.504 0.513856
0.505 0.512874
0.506 0.511892
0.507 0.510911
0.508 0.509929
0.509 0.508948
0.51 0.507967
0.511 0.506986
0.512 0.506005
0.513 0.505024
0.514 0.504044
0.515 0.503063
0.516 0.502083
0.517 0.501102
0.518 0.500122
0.519 0.499142
0.52 0.498162
0.521 0.497182
0.522 0.496203
0.523 0.495223
0.524 0.494243
0.525 0.493264
0.526 0.492285
0.527 0.491306
0.528 0.490327
0.529 0.489348
0.53 0.488369
0.531 0.48739
0.532 0.486412
0.533 0.485433
0.534 0.484455
0.535 0.483477
0.536 0.482499
0.537 0.481521
0.538 0.480543
0.539 0.479565
0.54 0.478588
0.541 0.47761
0.542 0.476633
0.543 0.475656
0.544 0.474678
0.545 0.473701
0.546 0.472724
0.547 0.471748
0.548 0.470771
0.549 0.469794
0.55 0.468818
0.551 0.467842
0.552 0.466866
0.553 0.46589
0.554 0.464914
0.555 0.463938
0.556 0.462962
0.557 0.461986
0.558 0.461011
0.559 0.460036
0.56 0.45906
0.561 0.458085
0.562 0.45711
0.563 0.456135
0.564 0.455161
0.565 0.454186
0.566 0.453211
0.567 0.452237
0.568 0.451263
0.569 0.450288
0.57 0.449314
0.571 0.44834
0.572 0.447367
0.573 0.446393
0.574 0.445419
0.575 0.444446
0.576 0.443473
0.577 0.442499
0.578 0.441526
0.579 0.440553
0.58 0.43958
0.581 0.438608
0.582 0.437635
0.583 0.436662
0.584 0.43569
0.585 0.434718
0.586 0.433745
0.587 0.432773
0.588 0.431801
0.589 0.43083
0.59 0.429858
0.591 0.428886
0.592 0.427915
0.593 0.426944
0.594 0.425972
0.595 0.425001
0.596 0.42403
0.597 0.423059
0.598 0.422089
0.599 0.421118
0.6 0.420147
0.601 0.419177
0.602 0.418207
0.603 0.417237
0.604 0.416267
0.605 0.415297
0.606 0.414327
0.607 0.413357
0.608 0.412387
0.609 0.411418
0.61 0.410449
0.611 0.409479
0.612 0.40851
0.613 0.407541
0.614 0.406572
0.615 0.405604
0.616 0.404635
0.617 0.403667
0.618 0.402698
0.619 0.40173
0.62 0.400762
0.621 0.399794
0.622 0.398826
0.623 0.397858
0.624 0.39689
0.625 0.395923
0.626 0.394955
0.627 0.393988
0.628 0.393021
0.629 0.392054
0.63 0.391087
0.631 0.39012
0.632 0.389153
0.633 0.388186
0.634 0.38722
0.635 0.386253
0.636 0.385287
0.637 0.384321
0.638 0.383355
0.639 0.382389
0.64 0.381423
0.641 0.380458
0.642 0.379492
0.643 0.378527
0.644 0.377561
0.645 0.376596
0.646 0.375631
0.647 0.374666
0.648 0.373701
0.649 0.372736
0.65 0.371772
0.651 0.370807
0.652 0.369843
0.653 0.368879
0.654 0.367914
0.655 0.36695
0.656 0.365987
0.657 0.365023
0.658 0.364059
0.659 0.363095
0.66 0.362132
0.661 0.361169
0.662 0.360206
0.663 0.359242
0.664 0.358279
0.665 0.357317
0.666 0.356354
0.667 0.355391
0.668 0.354429
0.669 0.353466
0.67 0.352504
0.671 0.351542
0.672 0.35058
0.673 0.349618
0.674 0.348656
0.675 0.347695
0.676 0.346733
0.677 0.345772
0.678 0.34481
0.679 0.343849
0.68 0.342888
0.681 0.341927
0.682 0.340966
0.683 0.340005
0.684 0.339045
0.685 0.338084
0.686 0.337124
0.687 0.336164
0.688 0.335204
0.689 0.334244
0.69 0.333284
0.691 0.332324
0.692 0.331364
0.693 0.330405
0.694 0.329445
0.695 0.328486
0.696 0.327527
0.697 0.326568
0.698 0.325609
0.699 0.32465
0.7 0.323691
0.701 0.322733
0.702 0.321774
0.703 0.320816
0.704 0.319857
0.705 0.318899
0.706 0.317941
0.707 0.316983
0.708 0.316026
0.709 0.315068
0.71 0.31411
0.711 0.313153
0.712 0.312196
0.713 0.311238
0.714 0.310281
0.715 0.309324
0.716 0.308368
0.717 0.307411
0.718 0.306454
0.719 0.305498
0.72 0.304541
0.721 0.303585
0.722 0.302629
0.723 0.301673
0.724 0.300717
0.725 0.299761
0.726 0.298806
0.727 0.29785
0.728 0.296895
0.729 0.29594
0.73 0.294984
0.731 0.294029
0.732 0.293074
0.733 0.29212
0.734 0.291165
0.735 0.29021
0.736 0.289256
0.737 0.288301
0.738 0.287347
0.739 0.286393
0.74 0.285439
0.741 0.284485
0.742 0.283531
0.743 0.282578
0.744 0.281624
0.745 0.280671
0.746 0.279717
0.747 0.278764
0.748 0.277811
0.749 0.276858
0.75 0.275905
0.751 0.274953
0.752 0.274
0.753 0.273048
0.754 0.272095
0.755 0.271143
0.756 0.270191
0.757 0.269239
0.758 0.268287
0.759 0.267335
0.76 0.266384
0.761 0.265432
0.762 0.264481
0.763 0.26353
0.764 0.262578
0.765 0.261627
0.766 0.260676
0.767 0.259726
0.768 0.258775
0.769 0.257824
0.77 0.256874
0.771 0.255923
0.772 0.254973
0.773 0.254023
0.774 0.253073
0.775 0.252123
0.776 0.251174
0.777 0.250224
0.778 0.249274
0.779 0.248325
0.78 0.247376
0.781 0.246427
0.782 0.245478
0.783 0.244529
0.784 0.24358
0.785 0.242631
0.786 0.241683
0.787 0.240734
0.788 0.239786
0.789 0.238837
0.79 0.237889
0.791 0.236941
0.792 0.235994
0.793 0.235046
0.794 0.234098
0.795 0.233151
0.796 0.232203
0.797 0.231256
0.798 0.230309
0.799 0.229362
0.8 0.228415
0.801 0.227468
0.802 0.226521
0.803 0.225575
0.804 0.224628
0.805 0.223682
0.806 0.222736
0.807 0.22179
0.808 0.220844
0.809 0.219898
0.81 0.218952
0.811 0.218007
0.812 0.217061
0.813 0.216116
0.814 0.21517
0.815 0.214225
0.816 0.21328
0.817 0.212335
0.818 0.21139
0.819 0.210446
0.82 0.209501
0.821 0.208557
0.822 0.207612
0.823 0.206668
0.824 0.205724
0.825 0.20478
0.826 0.203836
0.827 0.202893
0.828 0.201949
0.829 0.201005
0.83 0.200062
0.831 0.199119
0.832 0.198176
0.833 0.197233
0.834 0.19629
0.835 0.195347
0.836 0.194404
0.837 0.193462
0.838 0.192519
0.839 0.191577
0.84 0.190635
0.841 0.189693
0.842 0.188751
0.843 0.187809
0.844 0.186867
0.845 0.185926
0.846 0.184984
0.847 0.184043
0.848 0.183101
0.849 0.18216
0.85 0.181219
0.851 0.180278
0.852 0.179338
0.853 0.178397
0.854 0.177456
0.855 0.176516
0.856 0.175576
0.857 0.174635
0.858 0.173695
0.859 0.172755
0.86 0.171816
0.861 0.170876
0.862 0.169936
0.863 0.168997
0.864 0.168057
0.865 0.167118
0.866 0.166179
0.867 0.16524
0.868 0.164301
0.869 0.163362
0.87 0.162424
0.871 0.161485
0.872 0.160547
0.873 0.159608
0.874 0.15867
0.875 0.157732
0.876 0.156794
0.877 0.155856
0.878 0.154919
0.879 0.153981
0.88 0.153043
0.881 0.152106
0.882 0.151169
0.883 0.150232
0.884 0.149295
0.885 0.148358
0.886 0.147421
0.887 0.146484
0.888 0.145548
0.889 0.144611
0.89 0.143675
0.891 0.142739
0.892 0.141803
0.893 0.140867
0.894 0.139931
0.895 0.138995
0.896 0.13806
0.897 0.137124
0.898 0.136189
0.899 0.135254
0.9 0.134319
0.901 0.133384
0.902 0.132449
0.903 0.131514
0.904 0.130579
0.905 0.129645
0.906 0.12871
0.907 0.127776
0.908 0.126842
0.909 0.125908
0.91 0.124974
0.911 0.12404
0.912 0.123106
0.913 0.122173
0.914 0.121239
0.915 0.120306
0.916 0.119373
0.917 0.11844
0.918 0.117507
0.919 0.116574
0.92 0.115641
0.921 0.114708
0.922 0.113776
0.923 0.112843
0.924 0.111911
0.925 0.110979
0.926 0.110047
0.927 0.109115
0.928 0.108183
0.929 0.107251
0.93 0.10632
0.931 0.105388
0.932 0.104457
0.933 0.103526
0.934 0.102595
0.935 0.101664
0.936 0.100733
0.937 0.0998021
0.938 0.0988715
0.939 0.097941
0.94 0.0970106
0.941 0.0960803
0.942 0.0951501
0.943 0.0942201
0.944 0.0932902
0.945 0.0923603
0.946 0.0914307
0.947 0.0905011
0.948 0.0895716
0.949 0.0886423
0.95 0.0877131
0.951 0.086784
0.952 0.085855
0.953 0.0849261
0.954 0.0839974
0.955 0.0830687
0.956 0.0821402
0.957 0.0812118
0.958 0.0802835
0.959 0.0793554
0.96 0.0784273
0.961 0.0774994
0.962 0.0765716
0.963 0.0756439
0.964 0.0747164
0.965 0.0737889
0.966 0.0728616
0.967 0.0719344
0.968 0.0710073
0.969 0.0700803
0.97 0.0691534
0.971 0.0682267
0.972 0.0673001
0.973 0.0663736
0.974 0.0654472
0.975 0.0645209
0.976 0.0635947
0.977 0.0626687
0.978 0.0617428
0.979 0.060817
0.98 0.0598913
0.981 0.0589658
0.982 0.0580403
0.983 0.057115
0.984 0.0561898
0.985 0.0552647
0.986 0.0543397
0.987 0.0534149
0.988 0.0524901
0.989 0.0515655
0.99 0.050641
0.991 0.0497166
0.992 0.0487924
0.993 0.0478682
0.994 0.0469442
0.995 0.0460203
0.996 0.0450965
0.997 0.0441728
0.998 0.0432492
0.999 0.0423258
1 0.0414025
