-1 2
-0.999 1.996
-0.998 1.99201
-0.997 1.98803
-0.996 1.98405
-0.995 1.98007
-0.994 1.97611
-0.993 1.97215
-0.992 1.96819
-0.991 1.96424
-0.99 1.9603
-0.989 1.95636
-0.988 1.95243
-0.987 1.9485
-0.986 1.94459
-0.985 1.94067
-0.984 1.93676
-0.983 1.93286
-0.982 1.92897
-0.981 1.92508
-0.98 1.92119
-0.979 1.91731
-0.978 1.91344
-0.977 1.90957
-0.976 1.90571
-0.975 1.90186
-0.974 1.89801
-0.973 1.89417
-0.972 1.89033
-0.971 1.8865
-0.97 1.88267
-0.969 1.87885
-0.968 1.87504
-0.967 1.87123
-0.966 1.86743
-0.965 1.86363
-0.964 1.85984
-0.963 1.85606
-0.962 1.85228
-0.961 1.8485
-0.96 1.84474
-0.959 1.84097
-0.958 1.83722
-0.957 1.83347
-0.956 1.82972
-0.955 1.82598
-0.954 1.82225
-0.953 1.81852
-0.952 1.8148
-0.951 1.81109
-0.95 1.80737
-0.949 1.80367
-0.948 1.79997
-0.947 1.79628
-0.946 1.79259
-0.945 1.78891
-0.944 1.78523
-0.943 1.78156
-0.942 1.7779
-0.941 1.77424
-0.94 1.77058
-0.939 1.76694
-0.938 1.76329
-0.937 1.75966
-0.936 1.75603
-0.935 1.7524
-0.934 1.74878
-0.933 1.74517
-0.932 1.74156
-0.931 1.73795
-0.93 1.73436
-0.929 1.73077
-0.928 1.72718
-0.927 1.7236
-0.926 1.72002
-0.925 1.71645
-0.924 1.71289
-0.923 1.70933
-0.922 1.70578
-0.921 1.70223
-0.92 1.69869
-0.919 1.69515
-0.918 1.69162
-0.917 1.6881
-0.916 1.68458
-0.915 1.68106
-0.914 1.67755
-0.913 1.67405
-0.912 1.67055
-0.911 1.66706
-0.91 1.66357
-0.909 1.66009
-0.908 1.65661
-0.907 1.65314
-0.906 1.64968
-0.905 1.64622
-0.904 1.64276
-0.903 1.63931
-0.902 1.63587
-0.901 1.63243
-0.9 1.629
-0.899 1.62557
-0.898 1.62215
-0.897 1.61873
-0.896 1.61532
-0.895 1.61192
-0.894 1.60852
-0.893 1.60512
-0.892 1.60173
-0.891 1.59835
-0.89 1.59497
-0.889 1.5916
-0.888 1.58823
-0.887 1.58486
-0.886 1.58151
-0.885 1.57815
-0.884 1.57481
-0.883 1.57147
-0.882 1.56813
-0.881 1.5648
-0.88 1.56147
-0.879 1.55815
-0.878 1.55484
-0.877 1.55153
-0.876 1.54822
-0.875 1.54492
-0.874 1.54163
-0.873 1.53834
-0.872 1.53505
-0.871 1.53178
-0.87 1.5285
-0.869 1.52523
-0.868 1.52197
-0.867 1.51871
-0.866 1.51546
-0.865 1.51221
-0.864 1.50897
-0.863 1.50574
-0.862 1.5025
-0.861 1.49928
-0.86 1.49606
-0.859 1.49284
-0.858 1.48963
-0.857 1.48642
-0.856 1.48322
-0.855 1.48003
-0.854 1.47684
-0.853 1.47365
-0.852 1.47047
-0.851 1.4673
-0.85 1.46412
-0.849 1.46096
-0.848 1.4578
-0.847 1.45465
-0.846 1.4515
-0.845 1.44835
-0.844 1.44521
-0.843 1.44208
-0.842 1.43895
-0.841 1.43582
-0.84 1.4327
-0.839 1.42959
-0.838 1.42648
-0.837 1.42338
-0.836 1.42028
-0.835 1.41718
-0.834 1.41409
-0.833 1.41101
-0.832 1.40793
-0.831 1.40486
-0.83 1.40179
-0.829 1.39872
-0.828 1.39566
-0.827 1.39261
-0.826 1.38956
-0.825 1.38652
-0.824 1.38348
-0.823 1.38044
-0.822 1.37741
-0.821 1.37439
-0.82 1.37137
-0.819 1.36835
-0.818 1.36534
-0.817 1.36234
-0.816 1.35934
-0.815 1.35634
-0.814 1.35335
-0.813 1.35037
-0.812 1.34739
-0.811 1.34441
-0.81 1.34144
-0.809 1.33848
-0.808 1.33551
-0.807 1.33256
-0.806 1.32961
-0.805 1.32666
-0.804 1.32372
-0.803 1.32078
-0.802 1.31785
-0.801 1.31492
-0.8 1.312
-0.799 1.30908
-0.798 1.30617
-0.797 1.30326
-0.796 1.30036
-0.795 1.29746
-0.794 1.29457
-0.793 1.29168
-0.792 1.28879
-0.791 1.28591
-0.79 1.28304
-0.789 1.28017
-0.788 1.2773
-0.787 1.27444
-0.786 1.27159
-0.785 1.26874
-0.784 1.26589
-0.783 1.26305
-0.782 1.26021
-0.781 1.25738
-0.78 1.25455
-0.779 1.25173
-0.778 1.24891
-0.777 1.2461
-0.776 1.24329
-0.775 1.24048
-0.774 1.23768
-0.773 1.23489
-0.772 1.2321
-0.771 1.22931
-0.77 1.22653
-0.769 1.22376
-0.768 1.22098
-0.767 1.21822
-0.766 1.21546
-0.765 1.2127
-0.764 1.20994
-0.763 1.20719
-0.762 1.20445
-0.761 1.20171
-0.76 1.19898
-0.759 1.19625
-0.758 1.19352
-0.757 1.1908
-0.756 1.18808
-0.755 1.18537
-0.754 1.18266
-0.753 1.17996
-0.752 1.17726
-0.751 1.17456
-0.75 1.17188
-0.749 1.16919
-0.748 1.16651
-0.747 1.16383
-0.746 1.16116
-0.745 1.15849
-0.744 1.15583
-0.743 1.15317
-0.742 1.15052
-0.741 1.14787
-0.74 1.14522
-0.739 1.14258
-0.738 1.13995
-0.737 1.13732
-0.736 1.13469
-0.735 1.13207
-0.734 1.12945
-0.733 1.12683
-0.732 1.12422
-0.731 1.12162
-0.73 1.11902
-0.729 1.11642
-0.728 1.11383
-0.727 1.11124
-0.726 1.10866
-0.725 1.10608
-0.724 1.1035
-0.723 1.10093
-0.722 1.09837
-0.721 1.09581
-0.72 1.09325
-0.719 1.09069
-0.718 1.08815
-0.717 1.0856
-0.716 1.08306
-0.715 1.08053
-0.714 1.07799
-0.713 1.07547
-0.712 1.07294
-0.711 1.07043
-0.71 1.06791
-0.709 1.0654
-0.708 1.06289
-0.707 1.06039
-0.706 1.0579
-0.705 1.0554
-0.704 1.05291
-0.703 1.05043
-0.702 1.04795
-0.701 1.04547
-0.7 1.043
-0.699 1.04053
-0.698 1.03807
-0.697 1.03561
-0.696 1.03315
-0.695 1.0307
-0.694 1.02826
-0.693 1.02581
-0.692 1.02337
-0.691 1.02094
-0.69 1.01851
-0.689 1.01608
-0.688 1.01366
-0.687 1.01124
-0.686 1.00883
-0.685 1.00642
-0.684 1.00401
-0.683 1.00161
-0.682 0.999215
-0.681 0.996821
-0.68 0.994432
-0.679 0.992047
-0.678 0.989666
-0.677 0.987289
-0.676 0.984916
-0.675 0.982547
-0.674 0.980182
-0.673 0.977821
-0.672 0.975464
-0.671 0.973112
-0.67 0.970763
-0.669 0.968418
-0.668 0.966078
-0.667 0.963741
-0.666 0.961408
-0.665 0.95908
-0.664 0.956755
-0.663 0.954434
-0.662 0.952118
-0.661 0.949805
-0.66 0.947496
-0.659 0.945191
-0.658 0.94289
-0.657 0.940593
-0.656 0.9383
-0.655 0.936011
-0.654 0.933726
-0.653 0.931445
-0.652 0.929168
-0.651 0.926894
-0.65 0.924625
-0.649 0.922359
-0.648 0.920098
-0.647 0.91784
-0.646 0.915586
-0.645 0.913336
-0.644 0.91109
-0.643 0.908848
-0.642 0.906609
-0.641 0.904375
-0.64 0.902144
-0.639 0.899917
-0.638 0.897694
-0.637 0.895475
-0.636 0.893259
-0.635 0.891048
-0.634 0.88884
-0.633 0.886636
-0.632 0.884436
-0.631 0.88224
-0.63 0.880047
-0.629 0.877858
-0.628 0.875673
-0.627 0.873492
-0.626 0.871314
-0.625 0.869141
-0.624 0.866971
-0.623 0.864804
-0.622 0.862642
-0.621 0.860483
-0.62 0.858328
-0.619 0.856177
-0.618 0.854029
-0.617 0.851885
-0.616 0.849745
-0.615 0.847608
-0.614 0.845476
-0.613 0.843346
-0.612 0.841221
-0.611 0.839099
-0.61 0.836981
-0.609 0.834867
-0.608 0.832756
-0.607 0.830649
-0.606 0.828545
-0.605 0.826445
-0.604 0.824349
-0.603 0.822256
-0.602 0.820167
-0.601 0.818082
-0.6 0.816
-0.599 0.813922
-0.598 0.811847
-0.597 0.809776
-0.596 0.807709
-0.595 0.805645
-0.594 0.803585
-0.593 0.801528
-0.592 0.799475
-0.591 0.797425
-0.59 0.795379
-0.589 0.793336
-0.588 0.791297
-0.587 0.789262
-0.586 0.78723
-0.585 0.785202
-0.584 0.783177
-0.583 0.781155
-0.582 0.779137
-0.581 0.777123
-0.58 0.775112
-0.579 0.773105
-0.578 0.771101
-0.577 0.7691
-0.576 0.767103
-0.575 0.765109
-0.574 0.763119
-0.573 0.761133
-0.572 0.759149
-0.571 0.757169
-0.57 0.755193
-0.569 0.75322
-0.568 0.75125
-0.567 0.749284
-0.566 0.747321
-0.565 0.745362
-0.564 0.743406
-0.563 0.741454
-0.562 0.739504
-0.561 0.737558
-0.56 0.735616
-0.559 0.733677
-0.558 0.731741
-0.557 0.729809
-0.556 0.72788
-0.555 0.725954
-0.554 0.724031
-0.553 0.722112
-0.552 0.720197
-0.551 0.718284
-0.55 0.716375
-0.549 0.714469
-0.548 0.712567
-0.547 0.710667
-0.546 0.708771
-0.545 0.706879
-0.544 0.704989
-0.543 0.703103
-0.542 0.70122
-0.541 0.69934
-0.54 0.697464
-0.539 0.695591
-0.538 0.693721
-0.537 0.691854
-0.536 0.689991
-0.535 0.68813
-0.534 0.686273
-0.533 0.684419
-0.532 0.682569
-0.531 0.680721
-0.53 0.678877
-0.529 0.677036
-0.528 0.675198
-0.527 0.673363
-0.526 0.671532
-0.525 0.669703
-0.524 0.667878
-0.523 0.666056
-0.522 0.664237
-0.521 0.662421
-0.52 0.660608
-0.519 0.658798
-0.518 0.656992
-0.517 0.655188
-0.516 0.653388
-0.515 0.651591
-0.514 0.649797
-0.513 0.648006
-0.512 0.646218
-0.511 0.644433
-0.51 0.642651
-0.509 0.640872
-0.508 0.639097
-0.507 0.637324
-0.506 0.635554
-0.505 0.633788
-0.504 0.632024
-0.503 0.630264
-0.502 0.628506
-0.501 0.626752
-0.5 0.625
-0.499 0.623251
-0.498 0.621506
-0.497 0.619763
-0.496 0.618024
-0.495 0.616287
-0.494 0.614554
-0.493 0.612823
-0.492 0.611095
-0.491 0.609371
-0.49 0.607649
-0.489 0.60593
-0.488 0.604214
-0.487 0.602501
-0.486 0.600791
-0.485 0.599084
-0.484 0.59738
-0.483 0.595679
-0.482 0.59398
-0.481 0.592285
-0.48 0.590592
-0.479 0.588902
-0.478 0.587215
-0.477 0.585531
-0.476 0.58385
-0.475 0.582172
-0.474 0.580496
-0.473 0.578824
-0.472 0.577154
-0.471 0.575487
-0.47 0.573823
-0.469 0.572162
-0.468 0.570503
-0.467 0.568848
-0.466 0.567195
-0.465 0.565545
-0.464 0.563897
-0.463 0.562253
-0.462 0.560611
-0.461 0.558972
-0.46 0.557336
-0.459 0.555703
-0.458 0.554072
-0.457 0.552444
-0.456 0.550819
-0.455 0.549196
-0.454 0.547577
-0.453 0.54596
-0.452 0.544345
-0.451 0.542734
-0.45 0.541125
-0.449 0.539519
-0.448 0.537915
-0.447 0.536315
-0.446 0.534717
-0.445 0.533121
-0.444 0.531528
-0.443 0.529938
-0.442 0.528351
-0.441 0.526766
-0.44 0.525184
-0.439 0.523605
-0.438 0.522028
-0.437 0.520453
-0.436 0.518882
-0.435 0.517313
-0.434 0.515747
-0.433 0.514183
-0.432 0.512622
-0.431 0.511063
-0.43 0.509507
-0.429 0.507954
-0.428 0.506403
-0.427 0.504854
-0.426 0.503309
-0.425 0.501766
-0.424 0.500225
-0.423 0.498687
-0.422 0.497151
-0.421 0.495618
-0.42 0.494088
-0.419 0.49256
-0.418 0.491035
-0.417 0.489512
-0.416 0.487991
-0.415 0.486473
-0.414 0.484958
-0.413 0.483445
-0.412 0.481935
-0.411 0.480427
-0.41 0.478921
-0.409 0.477418
-0.408 0.475917
-0.407 0.474419
-0.406 0.472923
-0.405 0.47143
-0.404 0.469939
-0.403 0.468451
-0.402 0.466965
-0.401 0.465481
-0.4 0.464
-0.399 0.462521
-0.398 0.461045
-0.397 0.459571
-0.396 0.458099
-0.395 0.45663
-0.394 0.455163
-0.393 0.453698
-0.392 0.452236
-0.391 0.450776
-0.39 0.449319
-0.389 0.447864
-0.388 0.446411
-0.387 0.444961
-0.386 0.443512
-0.385 0.442067
-0.384 0.440623
-0.383 0.439182
-0.382 0.437743
-0.381 0.436306
-0.38 0.434872
-0.379 0.43344
-0.378 0.43201
-0.377 0.430583
-0.376 0.429157
-0.375 0.427734
-0.374 0.426314
-0.373 0.424895
-0.372 0.423479
-0.371 0.422065
-0.37 0.420653
-0.369 0.419243
-0.368 0.417836
-0.367 0.416431
-0.366 0.415028
-0.365 0.413627
-0.364 0.412229
-0.363 0.410832
-0.362 0.409438
-0.361 0.408046
-0.36 0.406656
-0.359 0.405268
-0.358 0.403883
-0.357 0.402499
-0.356 0.401118
-0.355 0.399739
-0.354 0.398362
-0.353 0.396987
-0.352 0.395614
-0.351 0.394244
-0.35 0.392875
-0.349 0.391509
-0.348 0.390144
-0.347 0.388782
-0.346 0.387422
-0.345 0.386064
-0.344 0.384708
-0.343 0.383354
-0.342 0.382002
-0.341 0.380652
-0.34 0.379304
-0.339 0.377958
-0.338 0.376614
-0.337 0.375273
-0.336 0.373933
-0.335 0.372595
-0.334 0.37126
-0.333 0.369926
-0.332 0.368594
-0.331 0.367265
-0.33 0.365937
-0.329 0.364611
-0.328 0.363288
-0.327 0.361966
-0.326 0.360646
-0.325 0.359328
-0.324 0.358012
-0.323 0.356698
-0.322 0.355386
-0.321 0.354076
-0.32 0.352768
-0.319 0.351462
-0.318 0.350157
-0.317 0.348855
-0.316 0.347554
-0.315 0.346256
-0.314 0.344959
-0.313 0.343664
-0.312 0.342371
-0.311 0.34108
-0.31 0.339791
-0.309 0.338504
-0.308 0.337218
-0.307 0.335934
-0.306 0.334653
-0.305 0.333373
-0.304 0.332094
-0.303 0.330818
-0.302 0.329544
-0.301 0.328271
-0.3 0.327
-0.299 0.325731
-0.298 0.324464
-0.297 0.323198
-0.296 0.321934
-0.295 0.320672
-0.294 0.319412
-0.293 0.318154
-0.292 0.316897
-0.291 0.315642
-0.29 0.314389
-0.289 0.313138
-0.288 0.311888
-0.287 0.31064
-0.286 0.309394
-0.285 0.308149
-0.284 0.306906
-0.283 0.305665
-0.282 0.304426
-0.281 0.303188
-0.28 0.301952
-0.279 0.300718
-0.278 0.299485
-0.277 0.298254
-0.276 0.297025
-0.275 0.295797
-0.274 0.294571
-0.273 0.293346
-0.272 0.292124
-0.271 0.290903
-0.27 0.289683
-0.269 0.288465
-0.268 0.287249
-0.267 0.286034
-0.266 0.284821
-0.265 0.28361
-0.264 0.2824
-0.263 0.281191
-0.262 0.279985
-0.261 0.27878
-0.26 0.277576
-0.259 0.276374
-0.258 0.275174
-0.257 0.273975
-0.256 0.272777
-0.255 0.271581
-0.254 0.270387
-0.253 0.269194
-0.252 0.268003
-0.251 0.266813
-0.25 0.265625
-0.249 0.264438
-0.248 0.263253
-0.247 0.262069
-0.246 0.260887
-0.245 0.259706
-0.244 0.258527
-0.243 0.257349
-0.242 0.256172
-0.241 0.254998
-0.24 0.253824
-0.239 0.252652
-0.238 0.251481
-0.237 0.250312
-0.236 0.249144
-0.235 0.247978
-0.234 0.246813
-0.233 0.245649
-0.232 0.244487
-0.231 0.243326
-0.23 0.242167
-0.229 0.241009
-0.228 0.239852
-0.227 0.238697
-0.226 0.237543
-0.225 0.236391
-0.224 0.235239
-0.223 0.23409
-0.222 0.232941
-0.221 0.231794
-0.22 0.230648
-0.219 0.229503
-0.218 0.22836
-0.217 0.227218
-0.216 0.226078
-0.215 0.224938
-0.214 0.2238
-0.213 0.222664
-0.212 0.221528
-0.211 0.220394
-0.21 0.219261
-0.209 0.218129
-0.208 0.216999
-0.207 0.21587
-0.206 0.214742
-0.205 0.213615
-0.204 0.21249
-0.203 0.211365
-0.202 0.210242
-0.201 0.209121
-0.2 0.208
-0.199 0.206881
-0.198 0.205762
-0.197 0.204645
-0.196 0.20353
-0.195 0.202415
-0.194 0.201301
-0.193 0.200189
-0.192 0.199078
-0.191 0.197968
-0.19 0.196859
-0.189 0.195751
-0.188 0.194645
-0.187 0.193539
-0.186 0.192435
-0.185 0.191332
-0.184 0.19023
-0.183 0.189128
-0.182 0.188029
-0.181 0.18693
-0.18 0.185832
-0.179 0.184735
-0.178 0.18364
-0.177 0.182545
-0.176 0.181452
-0.175 0.180359
-0.174 0.179268
-0.173 0.178178
-0.172 0.177088
-0.171 0.176
-0.17 0.174913
-0.169 0.173827
-0.168 0.172742
-0.167 0.171657
-0.166 0.170574
-0.165 0.169492
-0.164 0.168411
-0.163 0.167331
-0.162 0.166252
-0.161 0.165173
-0.16 0.164096
-0.159 0.16302
-0.158 0.161944
-0.157 0.16087
-0.156 0.159796
-0.155 0.158724
-0.154 0.157652
-0.153 0.156582
-0.152 0.155512
-0.151 0.154443
-0.15 0.153375
-0.149 0.152308
-0.148 0.151242
-0.147 0.150177
-0.146 0.149112
-0.145 0.148049
-0.144 0.146986
-0.143 0.145924
-0.142 0.144863
-0.141 0.143803
-0.14 0.142744
-0.139 0.141686
-0.138 0.140628
-0.137 0.139571
-0.136 0.138515
-0.135 0.13746
-0.134 0.136406
-0.133 0.135353
-0.132 0.1343
-0.131 0.133248
-0.13 0.132197
-0.129 0.131147
-0.128 0.130097
-0.127 0.129048
-0.126 0.128
-0.125 0.126953
-0.124 0.125907
-0.123 0.124861
-0.122 0.123816
-0.121 0.122772
-0.12 0.121728
-0.119 0.120685
-0.118 0.119643
-0.117 0.118602
-0.116 0.117561
-0.115 0.116521
-0.114 0.115482
-0.113 0.114443
-0.112 0.113405
-0.111 0.112368
-0.11 0.111331
-0.109 0.110295
-0.108 0.10926
-0.107 0.108225
-0.106 0.107191
-0.105 0.106158
-0.104 0.105125
-0.103 0.104093
-0.102 0.103061
-0.101 0.10203
-0.1 0.101
-0.099 0.0999703
-0.098 0.0989412
-0.097 0.0979127
-0.096 0.0968847
-0.095 0.0958574
-0.094 0.0948306
-0.093 0.0938044
-0.092 0.0927787
-0.091 0.0917536
-0.09 0.090729
-0.089 0.089705
-0.088 0.0886815
-0.087 0.0876585
-0.086 0.0866361
-0.085 0.0856141
-0.084 0.0845927
-0.083 0.0835718
-0.082 0.0825514
-0.081 0.0815314
-0.08 0.080512
-0.079 0.079493
-0.078 0.0784746
-0.077 0.0774565
-0.076 0.076439
-0.075 0.0754219
-0.074 0.0744052
-0.073 0.073389
-0.072 0.0723732
-0.071 0.0713579
-0.07 0.070343
-0.069 0.0693285
-0.068 0.0683144
-0.067 0.0673008
-0.066 0.0662875
-0.065 0.0652746
-0.064 0.0642621
-0.063 0.06325
-0.062 0.0622383
-0.061 0.061227
-0.06 0.060216
-0.059 0.0592054
-0.058 0.0581951
-0.057 0.0571852
-0.056 0.0561756
-0.055 0.0551664
-0.054 0.0541575
-0.053 0.0531489
-0.052 0.0521406
-0.051 0.0511327
-0.05 0.050125
-0.049 0.0491176
-0.048 0.0481106
-0.047 0.0471038
-0.046 0.0460973
-0.045 0.0450911
-0.044 0.0440852
-0.043 0.0430795
-0.042 0.0420741
-0.041 0.0410689
-0.04 0.040064
-0.039 0.0390593
-0.038 0.0380549
-0.037 0.0370507
-0.036 0.0360467
-0.035 0.0350429
-0.034 0.0340393
-0.033 0.0330359
-0.032 0.0320328
-0.031 0.0310298
-0.03 0.030027
-0.029 0.0290244
-0.028 0.028022
-0.027 0.0270197
-0.026 0.0260176
-0.025 0.0250156
-0.024 0.0240138
-0.023 0.0230122
-0.022 0.0220106
-0.021 0.0210093
-0.02 0.020008
-0.019 0.0190069
-0.018 0.0180058
-0.017 0.0170049
-0.016 0.0160041
-0.015 0.0150034
-0.014 0.0140027
-0.013 0.0130022
-0.012 0.0120017
-0.011 0.0110013
-0.01 0.010001
-0.009 0.00900073
-0.008 0.00800051
-0.007 0.00700034
-0.006 0.00600022
-0.005 0.00500013
-0.004 0.00400006
-0.003 0.00300003
-0.002 0.00200001
-0.001 0.001
0 0
0.001 0.001
0.002 0.00200001
0.003 0.00300003
0.004 0.00400006
0.005 0.00500013
0.006 0.00600022
0.007 0.00700034
0.008 0.00800051
0.009 0.00900073
0.01 0.010001
0.011 0.0110013
0.012 0.0120017
0.013 0.0130022
0.014 0.0140027
0.015 0.0150034
0.016 0.0160041
0.017 0.0170049
0.018 0.0180058
0.019 0.0190069
0.02 0.020008
0.021 0.0210093
0.022 0.0220106
0.023 0.0230122
0.024 0.0240138
0.025 0.0250156
0.026 0.0260176
0.027 0.0270197
0.028 0.028022
0.029 0.0290244
0.03 0.030027
0.031 0.0310298
0.032 0.0320328
0.033 0.0330359
0.034 0.0340393
0.035 0.0350429
0.036 0.0360467
0.037 0.0370507
0.038 0.0380549
0.039 0.0390593
0.04 0.040064
0.041 0.0410689
0.042 0.0420741
0.043 0.0430795
0.044 0.0440852
0.045 0.0450911
0.046 0.0460973
0.047 0.0471038
0.048 0.0481106
0.049 0.0491176
0.05 0.050125
0.051 0.0511327
0.052 0.0521406
0.053 0.0531489
0.054 0.0541575
0.055 0.0551664
0.056 0.0561756
0.057 0.0571852
0.058 0.0581951
0.059 0.0592054
0.06 0.060216
0.061 0.061227
0.062 0.0622383
0.063 0.06325
0.064 0.0642621
0.065 0.0652746
0.066 0.0662875
0.067 0.0673008
0.068 0.0683144
0.069 0.0693285
0.07 0.070343
0.071 0.0713579
0.072 0.0723732
0.073 0.073389
0.074 0.0744052
0.075 0.0754219
0.076 0.076439
0.077 0.0774565
0.078 0.0784746
0.079 0.079493
0.08 0.080512
0.081 0.0815314
0.082 0.0825514
0.083 0.0835718
0.084 0.0845927
0.085 0.0856141
0.086 0.0866361
0.087 0.0876585
0.088 0.0886815
0.089 0.089705
0.09 0.090729
0.091 0.0917536
0.092 0.0927787
0.093 0.0938044
0.094 0.0948306
0.095 0.0958574
0.096 0.0968847
0.097 0.0979127
0.098 0.0989412
0.099 0.0999703
0.1 0.101
0.101 0.10203
0.102 0.103061
0.103 0.104093
0.104 0.105125
0.105 0.106158
0.106 0.107191
0.107 0.108225
0.108 0.10926
0.109 0.110295
0.11 0.111331
0.111 0.112368
0.112 0.113405
0.113 0.114443
0.114 0.115482
0.115 0.116521
0.116 0.117561
0.117 0.118602
0.118 0.119643
0.119 0.120685
0.12 0.121728
0.121 0.122772
0.122 0.123816
0.123 0.124861
0.124 0.125907
0.125 0.126953
0.126 0.128
0.127 0.129048
0.128 0.130097
0.129 0.131147
0.13 0.132197
0.131 0.133248
0.132 0.1343
0.133 0.135353
0.134 0.136406
0.135 0.13746
0.136 0.138515
0.137 0.139571
0.138 0.140628
0.139 0.141686
0.14 0.142744
0.141 0.143803
0.142 0.144863
0.143 0.145924
0.144 0.146986
0.145 0.148049
0.146 0.149112
0.147 0.150177
0.148 0.151242
0.149 0.152308
0.15 0.153375
0.151 0.154443
0.152 0.155512
0.153 0.156582
0.154 0.157652
0.155 0.158724
0.156 0.159796
0.157 0.16087
0.158 0.161944
0.159 0.16302
0.16 0.164096
0.161 0.165173
0.162 0.166252
0.163 0.167331
0.164 0.168411
0.165 0.169492
0.166 0.170574
0.167 0.171657
0.168 0.172742
0.169 0.173827
0.17 0.174913
0.171 0.176
0.172 0.177088
0.173 0.178178
0.174 0.179268
0.175 0.180359
0.176 0.181452
0.177 0.182545
0.178 0.18364
0.179 0.184735
0.18 0.185832
0.181 0.18693
0.182 0.188029
0.183 0.189128
0.184 0.19023
0.185 0.191332
0.186 0.192435
0.187 0.193539
0.188 0.194645
0.189 0.195751
0.19 0.196859
0.191 0.197968
0.192 0.199078
0.193 0.200189
0.194 0.201301
0.195 0.202415
0.196 0.20353
0.197 0.204645
0.198 0.205762
0.199 0.206881
0.2 0.208
0.201 0.209121
0.202 0.210242
0.203 0.211365
0.204 0.21249
0.205 0.213615
0.206 0.214742
0.207 0.21587
0.208 0.216999
0.209 0.218129
0.21 0.219261
0.211 0.220394
0.212 0.221528
0.213 0.222664
0.214 0.2238
0.215 0.224938
0.216 0.226078
0.217 0.227218
0.218 0.22836
0.219 0.229503
0.22 0.230648
0.221 0.231794
0.222 0.232941
0.223 0.23409
0.224 0.235239
0.225 0.236391
0.226 0.237543
0.227 0.238697
0.228 0.239852
0.229 0.241009
0.23 0.242167
0.231 0.243326
0.232 0.244487
0.233 0.245649
0.234 0.246813
0.235 0.247978
0.236 0.249144
0.237 0.250312
0.238 0.251481
0.239 0.252652
0.24 0.253824
0.241 0.254998
0.242 0.256172
0.243 0.257349
0.244 0.258527
0.245 0.259706
0.246 0.260887
0.247 0.262069
0.248 0.263253
0.249 0.264438
0.25 0.265625
0.251 0.266813
0.252 0.268003
0.253 0.269194
0.254 0.270387
0.255 0.271581
0.256 0.272777
0.257 0.273975
0.258 0.275174
0.259 0.276374
0.26 0.277576
0.261 0.27878
0.262 0.279985
0.263 0.281191
0.264 0.2824
0.265 0.28361
0.266 0.284821
0.267 0.286034
0.268 0.287249
0.269 0.288465
0.27 0.289683
0.271 0.290903
0.272 0.292124
0.273 0.293346
0.274 0.294571
0.275 0.295797
0.276 0.297025
0.277 0.298254
0.278 0.299485
0.279 0.300718
0.28 0.301952
0.281 0.303188
0.282 0.304426
0.283 0.305665
0.284 0.306906
0.285 0.308149
0.286 0.309394
0.287 0.31064
0.288 0.311888
0.289 0.313138
0.29 0.314389
0.291 0.315642
0.292 0.316897
0.293 0.318154
0.294 0.319412
0.295 0.320672
0.296 0.321934
0.297 0.323198
0.298 0.324464
0.299 0.325731
0.3 0.327
0.301 0.328271
0.302 0.329544
0.303 0.330818
0.304 0.332094
0.305 0.333373
0.306 0.334653
0.307 0.335934
0.308 0.337218
0.309 0.338504
0.31 0.339791
0.311 0.34108
0.312 0.342371
0.313 0.343664
0.314 0.344959
0.315 0.346256
0.316 0.347554
0.317 0.348855
0.318 0.350157
0.319 0.351462
0.32 0.352768
0.321 0.354076
0.322 0.355386
0.323 0.356698
0.324 0.358012
0.325 0.359328
0.326 0.360646
0.327 0.361966
0.328 0.363288
0.329 0.364611
0.33 0.365937
0.331 0.367265
0.332 0.368594
0.333 0.369926
0.334 0.37126
0.335 0.372595
0.336 0.373933
0.337 0.375273
0.338 0.376614
0.339 0.377958
0.34 0.379304
0.341 0.380652
0.342 0.382002
0.343 0.383354
0.344 0.384708
0.345 0.386064
0.346 0.387422
0.347 0.388782
0.348 0.390144
0.349 0.391509
0.35 0.392875
0.351 0.394244
0.352 0.395614
0.353 0.396987
0.354 0.398362
0.355 0.399739
0.356 0.401118
0.357 0.402499
0.358 0.403883
0.359 0.405268
0.36 0.406656
0.361 0.408046
0.362 0.409438
0.363 0.410832
0.364 0.412229
0.365 0.413627
0.366 0.415028
0.367 0.416431
0.368 0.417836
0.369 0.419243
0.37 0.420653
0.371 0.422065
0.372 0.423479
0.373 0.424895
0.374 0.426314
0.375 0.427734
0.376 0.429157
0.377 0.430583
0.378 0.43201
0.379 0.43344
0.38 0.434872
0.381 0.436306
0.382 0.437743
0.383 0.439182
0.384 0.440623
0.385 0.442067
0.386 0.443512
0.387 0.444961
0.388 0.446411
0.389 0.447864
0.39 0.449319
0.391 0.450776
0.392 0.452236
0.393 0.453698
0.394 0.455163
0.395 0.45663
0.396 0.458099
0.397 0.459571
0.398 0.461045
0.399 0.462521
0.4 0.464
0.401 0.465481
0.402 0.466965
0.403 0.468451
0.404 0.469939
0.405 0.47143
0.406 0.472923
0.407 0.474419
0.408 0.475917
0.409 0.477418
0.41 0.478921
0.411 0.480427
0.412 0.481935
0.413 0.483445
0.414 0.484958
0.415 0.486473
0.416 0.487991
0.417 0.489512
0.418 0.491035
0.419 0.49256
0.42 0.494088
0.421 0.495618
0.422 0.497151
0.423 0.498687
0.424 0.500225
0.425 0.501766
0.426 0.503309
0.427 0.504854
0.428 0.506403
0.429 0.507954
0.43 0.509507
0.431 0.511063
0.432 0.512622
0.433 0.514183
0.434 0.515747
0.435 0.517313
0.436 0.518882
0.437 0.520453
0.438 0.522028
0.439 0.523605
0.44 0.525184
0.441 0.526766
0.442 0.528351
0.443 0.529938
0.444 0.531528
0.445 0.533121
0.446 0.534717
0.447 0.536315
0.448 0.537915
0.449 0.539519
0.45 0.541125
0.451 0.542734
0.452 0.544345
0.453 0.54596
0.454 0.547577
0.455 0.549196
0.456 0.550819
0.457 0.552444
0.458 0.554072
0.459 0.555703
0.46 0.557336
0.461 0.558972
0.462 0.560611
0.463 0.562253
0.464 0.563897
0.465 0.565545
0.466 0.567195
0.467 0.568848
0.468 0.570503
0.469 0.572162
0.47 0.573823
0.471 0.575487
0.472 0.577154
0.473 0.578824
0.474 0.580496
0.475 0.582172
0.476 0.58385
0.477 0.585531
0.478 0.587215
0.479 0.588902
0.48 0.590592
0.481 0.592285
0.482 0.59398
0.483 0.595679
0.484 0.59738
0.485 0.599084
0.486 0.600791
0.487 0.602501
0.488 0.604214
0.489 0.60593
0.49 0.607649
0.491 0.609371
0.492 0.611095
0.493 0.612823
0.494 0.614554
0.495 0.616287
0.496 0.618024
0.497 0.619763
0.498 0.621506
0.499 0.623251
0.5 0.625
0.501 0.626752
0.502 0.628506
0.503 0.630264
0.504 0.632024
0.505 0.633788
0.506 0.635554
0.507 0.637324
0.508 0.639097
0.509 0.640872
0.51 0.642651
0.511 0.644433
0.512 0.646218
0.513 0.648006
0.514 0.649797
0.515 0.651591
0.516 0.653388
0.517 0.655188
0.518 0.656992
0.519 0.658798
0.52 0.660608
0.521 0.662421
0.522 0.664237
0.523 0.666056
0.524 0.667878
0.525 0.669703
0.526 0.671532
0.527 0.673363
0.528 0.675198
0.529 0.677036
0.53 0.678877
0.531 0.680721
0.532 0.682569
0.533 0.684419
0.534 0.686273
0.535 0.68813
0.536 0.689991
0.537 0.691854
0.538 0.693721
0.539 0.695591
0.54 0.697464
0.541 0.69934
0.542 0.70122
0.543 0.703103
0.544 0.704989
0.545 0.706879
0.546 0.708771
0.547 0.710667
0.548 0.712567
0.549 0.714469
0.55 0.716375
0.551 0.718284
0.552 0.720197
0.553 0.722112
0.554 0.724031
0.555 0.725954
0.556 0.72788
0.557 0.729809
0.558 0.731741
0.559 0.733677
0.56 0.735616
0.561 0.737558
0.562 0.739504
0.563 0.741454
0.564 0.743406
0.565 0.745362
0.566 0.747321
0.567 0.749284
0.568 0.75125
0.569 0.75322
0.57 0.755193
0.571 0.757169
0.572 0.759149
0.573 0.761133
0.574 0.763119
0.575 0.765109
0.576 0.767103
0.577 0.7691
0.578 0.771101
0.579 0.773105
0.58 0.775112
0.581 0.777123
0.582 0.779137
0.583 0.781155
0.584 0.783177
0.585 0.785202
0.586 0.78723
0.587 0.789262
0.588 0.791297
0.589 0.793336
0.59 0.795379
0.591 0.797425
0.592 0.799475
0.593 0.801528
0.594 0.803585
0.595 0.805645
0.596 0.807709
0.597 0.809776
0.598 0.811847
0.599 0.813922
0.6 0.816
0.601 0.818082
0.602 0.820167
0.603 0.822256
0.604 0.824349
0.605 0.826445
0.606 0.828545
0.607 0.830649
0.608 0.832756
0.609 0.834867
0.61 0.836981
0.611 0.839099
0.612 0.841221
0.613 0.843346
0.614 0.845476
0.615 0.847608
0.616 0.849745
0.617 0.851885
0.618 0.854029
0.619 0.856177
0.62 0.858328
0.621 0.860483
0.622 0.862642
0.623 0.864804
0.624 0.866971
0.625 0.869141
0.626 0.871314
0.627 0.873492
0.628 0.875673
0.629 0.877858
0.63 0.880047
0.631 0.88224
0.632 0.884436
0.633 0.886636
0.634 0.88884
0.635 0.891048
0.636 0.893259
0.637 0.895475
0.638 0.897694
0.639 0.899917
0.64 0.902144
0.641 0.904375
0.642 0.906609
0.643 0.908848
0.644 0.91109
0.645 0.913336
0.646 0.915586
0.647 0.91784
0.648 0.920098
0.649 0.922359
0.65 0.924625
0.651 0.926894
0.652 0.929168
0.653 0.931445
0.654 0.933726
0.655 0.936011
0.656 0.9383
0.657 0.940593
0.658 0.94289
0.659 0.945191
0.66 0.947496
0.661 0.949805
0.662 0.952118
0.663 0.954434
0.664 0.956755
0.665 0.95908
0.666 0.961408
0.667 0.963741
0.668 0.966078
0.669 0.968418
0.67 0.970763
0.671 0.973112
0.672 0.975464
0.673 0.977821
0.674 0.980182
0.675 0.982547
0.676 0.984916
0.677 0.987289
0.678 0.989666
0.679 0.992047
0.68 0.994432
0.681 0.996821
0.682 0.999215
0.683 1.00161
0.684 1.00401
0.685 1.00642
0.686 1.00883
0.687 1.01124
0.688 1.01366
0.689 1.01608
0.69 1.01851
0.691 1.02094
0.692 1.02337
0.693 1.02581
0.694 1.02826
0.695 1.0307
0.696 1.03315
0.697 1.03561
0.698 1.03807
0.699 1.04053
0.7 1.043
0.701 1.04547
0.702 1.04795
0.703 1.05043
0.704 1.05291
0.705 1.0554
0.706 1.0579
0.707 1.06039
0.708 1.06289
0.709 1.0654
0.71 1.06791
0.711 1.07043
0.712 1.07294
0.713 1.07547
0.714 1.07799
0.715 1.08053
0.716 1.08306
0.717 1.0856
0.718 1.08815
0.719 1.09069
0.72 1.09325
0.721 1.09581
0.722 1.09837
0.723 1.10093
0.724 1.1035
0.725 1.10608
0.726 1.10866
0.727 1.11124
0.728 1.11383
0.729 1.11642
0.73 1.11902
0.731 1.12162
0.732 1.12422
0.733 1.12683
0.734 1.12945
0.735 1.13207
0.736 1.13469
0.737 1.13732
0.738 1.13995
0.739 1.14258
0.74 1.14522
0.741 1.14787
0.742 1.15052
0.743 1.15317
0.744 1.15583
0.745 1.15849
0.746 1.16116
0.747 1.16383
0.748 1.16651
0.749 1.16919
0.75 1.17188
0.751 1.17456
0.752 1.17726
0.753 1.17996
0.754 1.18266
0.755 1.18537
0.756 1.18808
0.757 1.1908
0.758 1.19352
0.759 1.19625
0.76 1.19898
0.761 1.20171
0.762 1.20445
0.763 1.20719
0.764 1.20994
0.765 1.2127
0.766 1.21546
0.767 1.21822
0.768 1.22098
0.769 1.22376
0.77 1.22653
0.771 1.22931
0.772 1.2321
0.773 1.23489
0.774 1.23768
0.775 1.24048
0.776 1.24329
0.777 1.2461
0.778 1.24891
0.779 1.25173
0.78 1.25455
0.781 1.25738
0.782 1.26021
0.783 1.26305
0.784 1.26589
0.785 1.26874
0.786 1.27159
0.787 1.27444
0.788 1.2773
0.789 1.28017
0.79 1.28304
0.791 1.28591
0.792 1.28879
0.793 1.29168
0.794 1.29457
0.795 1.29746
0.796 1.30036
0.797 1.30326
0.798 1.30617
0.799 1.30908
0.8 1.312
0.801 1.31492
0.802 1.31785
0.803 1.32078
0.804 1.32372
0.805 1.32666
0.806 1.32961
0.807 1.33256
0.808 1.33551
0.809 1.33848
0.81 1.34144
0.811 1.34441
0.812 1.34739
0.813 1.35037
0.814 1.35335
0.815 1.35634
0.816 1.35934
0.817 1.36234
0.818 1.36534
0.819 1.36835
0.82 1.37137
0.821 1.37439
0.822 1.37741
0.823 1.38044
0.824 1.38348
0.825 1.38652
0.826 1.38956
0.827 1.39261
0.828 1.39566
0.829 1.39872
0.83 1.40179
0.831 1.40486
0.832 1.40793
0.833 1.41101
0.834 1.41409
0.835 1.41718
0.836 1.42028
0.837 1.42338
0.838 1.42648
0.839 1.42959
0.84 1.4327
0.841 1.43582
0.842 1.43895
0.843 1.44208
0.844 1.44521
0.845 1.44835
0.846 1.4515
0.847 1.45465
0.848 1.4578
0.849 1.46096
0.85 1.46412
0.851 1.4673
0.852 1.47047
0.853 1.47365
0.854 1.47684
0.855 1.48003
0.856 1.48322
0.857 1.48642
0.858 1.48963
0.859 1.49284
0.86 1.49606
0.861 1.49928
0.862 1.5025
0.863 1.50574
0.864 1.50897
0.865 1.51221
0.866 1.51546
0.867 1.51871
0.868 1.52197
0.869 1.52523
0.87 1.5285
0.871 1.53178
0.872 1.53505
0.873 1.53834
0.874 1.54163
0.875 1.54492
0.876 1.54822
0.877 1.55153
0.878 1.55484
0.879 1.55815
0.88 1.56147
0.881 1.5648
0.882 1.56813
0.883 1.57147
0.884 1.57481
0.885 1.57815
0.886 1.58151
0.887 1.58486
0.888 1.58823
0.889 1.5916
0.89 1.59497
0.891 1.59835
0.892 1.60173
0.893 1.60512
0.894 1.60852
0.895 1.61192
0.896 1.61532
0.897 1.61873
0.898 1.62215
0.899 1.62557
0.9 1.629
0.901 1.63243
0.902 1.63587
0.903 1.63931
0.904 1.64276
0.905 1.64622
0.906 1.64968
0.907 1.65314
0.908 1.65661
0.909 1.66009
0.91 1.66357
0.911 1.66706
0.912 1.67055
0.913 1.67405
0.914 1.67755
0.915 1.68106
0.916 1.68458
0.917 1.6881
0.918 1.69162
0.919 1.69515
0.92 1.69869
0.921 1.70223
0.922 1.70578
0.923 1.70933
0.924 1.71289
0.925 1.71645
0.926 1.72002
0.927 1.7236
0.928 1.72718
0.929 1.73077
0.93 1.73436
0.931 1.73795
0.932 1.74156
0.933 1.74517
0.934 1.74878
0.935 1.7524
0.936 1.75603
0.937 1.75966
0.938 1.76329
0.939 1.76694
0.94 1.77058
0.941 1.77424
0.942 1.7779
0.943 1.78156
0.944 1.78523
0.945 1.78891
0.946 1.79259
0.947 1.79628
0.948 1.79997
0.949 1.80367
0.95 1.80737
0.951 1.81109
0.952 1.8148
0.953 1.81852
0.954 1.82225
0.955 1.82598
0.956 1.82972
0.957 1.83347
0.958 1.83722
0.959 1.84097
0.96 1.84474
0.961 1.8485
0.962 1.85228
0.963 1.85606
0.964 1.85984
0.965 1.86363
0.966 1.86743
0.967 1.87123
0.968 1.87504
0.969 1.87885
0.97 1.88267
0.971 1.8865
0.972 1.89033
0.973 1.89417
0.974 1.89801
0.975 1.90186
0.976 1.90571
0.977 1.90957
0.978 1.91344
0.979 1.91731
0.98 1.92119
0.981 1.92508
0.982 1.92897
0.983 1.93286
0.984 1.93676
0.985 1.94067
0.986 1.94459
0.987 1.9485
0.988 1.95243
0.989 1.95636
0.99 1.9603
0.991 1.96424
0.992 1.96819
0.993 1.97215
0.994 1.97611
0.995 1.98007
0.996 1.98405
0.997 1.98803
0.998 1.99201
0.999 1.996
1 2
