-1 -0.974676
-0.999 -1.00659
-0.998 -1.02166
-0.997 -1.02539
-0.996 -1.02198
-0.995 -1.0146
-0.994 -1.00553
-0.993 -0.996399
-0.992 -0.988271
-0.991 -0.981797
-0.99 -0.977303
-0.989 -0.974876
-0.988 -0.974429
-0.987 -0.975758
-0.986 -0.978583
-0.985 -0.982585
-0.984 -0.987432
-0.983 -0.992797
-0.982 -0.998374
-0.981 -1.00389
-0.98 -1.0091
-0.979 -1.01382
-0.978 -1.01789
-0.977 -1.0212
-0.976 -1.02367
-0.975 -1.02527
-0.974 -1.02599
-0.973 -1.02585
-0.972 -1.02491
-0.971 -1.02324
-0.97 -1.02091
-0.969 -1.01803
-0.968 -1.01469
-0.967 -1.01101
-0.966 -1.00709
-0.965 -1.00304
-0.964 -0.99897
-0.963 -0.994967
-0.962 -0.991123
-0.961 -0.987518
-0.96 -0.984223
-0.959 -0.981296
-0.958 -0.978786
-0.957 -0.976731
-0.956 -0.975155
-0.955 -0.974076
-0.954 -0.973498
-0.953 -0.973418
-0.952 -0.973822
-0.951 -0.974689
-0.95 -0.975993
-0.949 -0.977698
-0.948 -0.979766
-0.947 -0.982153
-0.946 -0.984813
-0.945 -0.987697
-0.944 -0.990754
-0.943 -0.993933
-0.942 -0.997185
-0.941 -1.00046
-0.94 -1.0037
-0.939 -1.00688
-0.938 -1.00994
-0.937 -1.01284
-0.936 -1.01556
-0.935 -1.01804
-0.934 -1.02028
-0.933 -1.02224
-0.932 -1.0239
-0.931 -1.02525
-0.93 -1.02627
-0.929 -1.02696
-0.928 -1.02733
-0.927 -1.02736
-0.926 -1.02706
-0.925 -1.02645
-0.924 -1.02553
-0.923 -1.02432
-0.922 -1.02285
-0.921 -1.02112
-0.92 -1.01917
-0.919 -1.01702
-0.918 -1.01469
-0.917 -1.01221
-0.916 -1.00961
-0.915 -1.00692
-0.914 -1.00417
-0.913 -1.00139
-0.912 -0.998596
-0.911 -0.995829
-0.91 -0.993111
-0.909 -0.990468
-0.908 -0.987925
-0.907 -0.985505
-0.906 -0.983228
-0.905 -0.981115
-0.904 -0.979182
-0.903 -0.977446
-0.902 -0.975918
-0.901 -0.974611
-0.9 -0.973534
-0.899 -0.972692
-0.898 -0.972092
-0.897 -0.971734
-0.896 -0.97162
-0.895 -0.971748
-0.894 -0.972113
-0.893 -0.97271
-0.892 -0.973532
-0.891 -0.97457
-0.89 -0.975813
-0.889 -0.977248
-0.888 -0.978863
-0.887 -0.980642
-0.886 -0.982571
-0.885 -0.984632
-0.884 -0.986808
-0.883 -0.989082
-0.882 -0.991436
-0.881 -0.99385
-0.88 -0.996307
-0.879 -0.998787
-0.878 -1.00127
-0.877 -1.00375
-0.876 -1.00619
-0.875 -1.00858
-0.874 -1.01091
-0.873 -1.01316
-0.872 -1.01531
-0.871 -1.01736
-0.87 -1.01928
-0.869 -1.02106
-0.868 -1.0227
-0.867 -1.02418
-0.866 -1.0255
-0.865 -1.02664
-0.864 -1.02761
-0.863 -1.02839
-0.862 -1.02899
-0.861 -1.02939
-0.86 -1.0296
-0.859 -1.02963
-0.858 -1.02946
-0.857 -1.02911
-0.856 -1.02857
-0.855 -1.02785
-0.854 -1.02696
-0.853 -1.0259
-0.852 -1.02469
-0.851 -1.02332
-0.85 -1.02181
-0.849 -1.02018
-0.848 -1.01842
-0.847 -1.01655
-0.846 -1.01459
-0.845 -1.01253
-0.844 -1.01041
-0.843 -1.00823
-0.842 -1.006
-0.841 -1.00374
-0.84 -1.00145
-0.839 -0.999163
-0.838 -0.996877
-0.837 -0.99461
-0.836 -0.992374
-0.835 -0.990181
-0.834 -0.988042
-0.833 -0.985971
-0.832 -0.983976
-0.831 -0.98207
-0.83 -0.980261
-0.829 -0.978559
-0.828 -0.976972
-0.827 -0.975509
-0.826 -0.974175
-0.825 -0.972978
-0.824 -0.971924
-0.823 -0.971016
-0.822 -0.970259
-0.821 -0.969656
-0.82 -0.969209
-0.819 -0.968921
-0.818 -0.96879
-0.817 -0.968818
-0.816 -0.969004
-0.815 -0.969345
-0.814 -0.96984
-0.813 -0.970485
-0.812 -0.971276
-0.811 -0.972209
-0.81 -0.973279
-0.809 -0.974479
-0.808 -0.975804
-0.807 -0.977246
-0.806 -0.978798
-0.805 -0.980452
-0.804 -0.9822
-0.803 -0.984033
-0.802 -0.985942
-0.801 -0.987918
-0.8 -0.989952
-0.799 -0.992033
-0.798 -0.994152
-0.797 -0.996299
-0.796 -0.998464
-0.795 -1.00064
-0.794 -1.00281
-0.793 -1.00497
-0.792 -1.00711
-0.791 -1.00921
-0.79 -1.01128
-0.789 -1.0133
-0.788 -1.01526
-0.787 -1.01715
-0.786 -1.01897
-0.785 -1.0207
-0.784 -1.02235
-0.783 -1.0239
-0.782 -1.02535
-0.781 -1.02669
-0.78 -1.02791
-0.779 -1.02902
-0.778 -1.03
-0.777 -1.03086
-0.776 -1.03158
-0.775 -1.03218
-0.774 -1.03263
-0.773 -1.03295
-0.772 -1.03314
-0.771 -1.03319
-0.77 -1.03309
-0.769 -1.03287
-0.768 -1.0325
-0.767 -1.03201
-0.766 -1.03138
-0.765 -1.03062
-0.764 -1.02974
-0.763 -1.02874
-0.762 -1.02763
-0.761 -1.0264
-0.76 -1.02506
-0.759 -1.02362
-0.758 -1.02209
-0.757 -1.02047
-0.756 -1.01877
-0.755 -1.01699
-0.754 -1.01514
-0.753 -1.01324
-0.752 -1.01128
-0.751 -1.00927
-0.75 -1.00723
-0.749 -1.00515
-0.748 -1.00306
-0.747 -1.00095
-0.746 -0.998829
-0.745 -0.996715
-0.744 -0.994611
-0.743 -0.992525
-0.742 -0.990464
-0.741 -0.988437
-0.74 -0.98645
-0.739 -0.984512
-0.738 -0.982628
-0.737 -0.980806
-0.736 -0.979053
-0.735 -0.977374
-0.734 -0.975775
-0.733 -0.974263
-0.732 -0.972843
-0.731 -0.971519
-0.73 -0.970296
-0.729 -0.969178
-0.728 -0.968169
-0.727 -0.967273
-0.726 -0.966492
-0.725 -0.965829
-0.724 -0.965287
-0.723 -0.964866
-0.722 -0.964568
-0.721 -0.964395
-0.72 -0.964346
-0.719 -0.964421
-0.718 -0.96462
-0.717 -0.964942
-0.716 -0.965386
-0.715 -0.965949
-0.714 -0.966631
-0.713 -0.967428
-0.712 -0.968338
-0.711 -0.969357
-0.71 -0.970482
-0.709 -0.971708
-0.708 -0.973032
-0.707 -0.974449
-0.706 -0.975954
-0.705 -0.977542
-0.704 -0.979207
-0.703 -0.980945
-0.702 -0.982748
-0.701 -0.984612
-0.7 -0.986529
-0.699 -0.988495
-0.698 -0.990501
-0.697 -0.992541
-0.696 -0.994609
-0.695 -0.996699
-0.694 -0.998802
-0.693 -1.00091
-0.692 -1.00303
-0.691 -1.00513
-0.69 -1.00722
-0.689 -1.0093
-0.688 -1.01134
-0.687 -1.01336
-0.686 -1.01533
-0.685 -1.01726
-0.684 -1.01914
-0.683 -1.02096
-0.682 -1.02272
-0.681 -1.02441
-0.68 -1.02603
-0.679 -1.02757
-0.678 -1.02903
-0.677 -1.0304
-0.676 -1.03167
-0.675 -1.03285
-0.674 -1.03393
-0.673 -1.03491
-0.672 -1.03579
-0.671 -1.03655
-0.67 -1.03721
-0.669 -1.03775
-0.668 -1.03818
-0.667 -1.03849
-0.666 -1.03869
-0.665 -1.03877
-0.664 -1.03874
-0.663 -1.03859
-0.662 -1.03832
-0.661 -1.03794
-0.66 -1.03744
-0.659 -1.03683
-0.658 -1.03611
-0.657 -1.03528
-0.656 -1.03435
-0.655 -1.03331
-0.654 -1.03217
-0.653 -1.03094
-0.652 -1.02961
-0.651 -1.02819
-0.65 -1.02669
-0.649 -1.0251
-0.648 -1.02344
-0.647 -1.02171
-0.646 -1.01991
-0.645 -1.01805
-0.644 -1.01614
-0.643 -1.01417
-0.642 -1.01216
-0.641 -1.01011
-0.64 -1.00803
-0.639 -1.00591
-0.638 -1.00378
-0.637 -1.00163
-0.636 -0.999476
-0.635 -0.997315
-0.634 -0.995157
-0.633 -0.993007
-0.632 -0.990873
-0.631 -0.988758
-0.63 -0.986671
-0.629 -0.984615
-0.628 -0.982598
-0.627 -0.980624
-0.626 -0.9787
-0.625 -0.976829
-0.624 -0.975019
-0.623 -0.973272
-0.622 -0.971595
-0.621 -0.969992
-0.62 -0.968468
-0.619 -0.967025
-0.618 -0.965669
-0.617 -0.964404
-0.616 -0.963231
-0.615 -0.962156
-0.614 -0.96118
-0.613 -0.960307
-0.612 -0.959539
-0.611 -0.958877
-0.61 -0.958324
-0.609 -0.957881
-0.608 -0.95755
-0.607 -0.957331
-0.606 -0.957225
-0.605 -0.957233
-0.604 -0.957354
-0.603 -0.957589
-0.602 -0.957936
-0.601 -0.958394
-0.6 -0.958964
-0.599 -0.959643
-0.598 -0.960429
-0.597 -0.961322
-0.596 -0.962317
-0.595 -0.963414
-0.594 -0.964608
-0.593 -0.965898
-0.592 -0.96728
-0.591 -0.96875
-0.59 -0.970305
-0.589 -0.97194
-0.588 -0.973653
-0.587 -0.975437
-0.586 -0.97729
-0.585 -0.979206
-0.584 -0.98118
-0.583 -0.983208
-0.582 -0.985284
-0.581 -0.987403
-0.58 -0.98956
-0.579 -0.99175
-0.578 -0.993966
-0.577 -0.996204
-0.576 -0.998458
-0.575 -1.00072
-0.574 -1.00299
-0.573 -1.00526
-0.572 -1.00752
-0.571 -1.00977
-0.57 -1.012
-0.569 -1.01421
-0.568 -1.01638
-0.567 -1.01853
-0.566 -1.02063
-0.565 -1.02269
-0.564 -1.0247
-0.563 -1.02666
-0.562 -1.02855
-0.561 -1.03038
-0.56 -1.03214
-0.559 -1.03383
-0.558 -1.03544
-0.557 -1.03697
-0.556 -1.03841
-0.555 -1.03976
-0.554 -1.04102
-0.553 -1.04219
-0.552 -1.04325
-0.551 -1.04422
-0.55 -1.04508
-0.549 -1.04583
-0.548 -1.04648
-0.547 -1.04702
-0.546 -1.04744
-0.545 -1.04776
-0.544 -1.04796
-0.543 -1.04804
-0.542 -1.04802
-0.541 -1.04787
-0.54 -1.04762
-0.539 -1.04725
-0.538 -1.04676
-0.537 -1.04617
-0.536 -1.04546
-0.535 -1.04464
-0.534 -1.04372
-0.533 -1.04269
-0.532 -1.04155
-0.531 -1.04032
-0.53 -1.03898
-0.529 -1.03755
-0.528 -1.03603
-0.527 -1.03442
-0.526 -1.03272
-0.525 -1.03094
-0.524 -1.02909
-0.523 -1.02716
-0.522 -1.02516
-0.521 -1.02309
-0.52 -1.02097
-0.519 -1.01879
-0.518 -1.01656
-0.517 -1.01428
-0.516 -1.01196
-0.515 -1.00961
-0.514 -1.00723
-0.513 -1.00482
-0.512 -1.0024
-0.511 -0.999954
-0.51 -0.997505
-0.509 -0.995053
-0.508 -0.992604
-0.507 -0.990162
-0.506 -0.987735
-0.505 -0.985326
-0.504 -0.982942
-0.503 -0.980588
-0.502 -0.978269
-0.501 -0.975991
-0.5 -0.973758
-0.499 -0.971577
-0.498 -0.969451
-0.497 -0.967386
-0.496 -0.965386
-0.495 -0.963456
-0.494 -0.9616
-0.493 -0.959823
-0.492 -0.958129
-0.491 -0.956521
-0.49 -0.955004
-0.489 -0.953581
-0.488 -0.952255
-0.487 -0.95103
-0.486 -0.949908
-0.485 -0.948892
-0.484 -0.947985
-0.483 -0.947189
-0.482 -0.946505
-0.481 -0.945936
-0.48 -0.945484
-0.479 -0.945149
-0.478 -0.944932
-0.477 -0.944835
-0.476 -0.944857
-0.475 -0.945
-0.474 -0.945262
-0.473 -0.945645
-0.472 -0.946147
-0.471 -0.946767
-0.47 -0.947505
-0.469 -0.948359
-0.468 -0.949329
-0.467 -0.950411
-0.466 -0.951604
-0.465 -0.952906
-0.464 -0.954315
-0.463 -0.955827
-0.462 -0.95744
-0.461 -0.959151
-0.46 -0.960956
-0.459 -0.962851
-0.458 -0.964834
-0.457 -0.9669
-0.456 -0.969044
-0.455 -0.971264
-0.454 -0.973553
-0.453 -0.975909
-0.452 -0.978325
-0.451 -0.980797
-0.45 -0.98332
-0.449 -0.985889
-0.448 -0.988499
-0.447 -0.991144
-0.446 -0.993818
-0.445 -0.996518
-0.444 -0.999236
-0.443 -1.00197
-0.442 -1.00471
-0.441 -1.00745
-0.44 -1.01019
-0.439 -1.01291
-0.438 -1.01563
-0.437 -1.01832
-0.436 -1.02099
-0.435 -1.02362
-0.434 -1.02622
-0.433 -1.02877
-0.432 -1.03128
-0.431 -1.03373
-0.43 -1.03612
-0.429 -1.03845
-0.428 -1.04071
-0.427 -1.0429
-0.426 -1.04501
-0.425 -1.04704
-0.424 -1.04898
-0.423 -1.05082
-0.422 -1.05257
-0.421 -1.05423
-0.42 -1.05577
-0.419 -1.05721
-0.418 -1.05855
-0.417 -1.05976
-0.416 -1.06087
-0.415 -1.06185
-0.414 -1.06271
-0.413 -1.06345
-0.412 -1.06406
-0.411 -1.06455
-0.41 -1.06491
-0.409 -1.06514
-0.408 -1.06524
-0.407 -1.0652
-0.406 -1.06504
-0.405 -1.06474
-0.404 -1.06431
-0.403 -1.06375
-0.402 -1.06306
-0.401 -1.06224
-0.4 -1.06129
-0.399 -1.06021
-0.398 -1.059
-0.397 -1.05768
-0.396 -1.05623
-0.395 -1.05466
-0.394 -1.05297
-0.393 -1.05117
-0.392 -1.04926
-0.391 -1.04724
-0.39 -1.04512
-0.389 -1.04289
-0.388 -1.04057
-0.387 -1.03816
-0.386 -1.03566
-0.385 -1.03307
-0.384 -1.03041
-0.383 -1.02767
-0.382 -1.02487
-0.381 -1.022
-0.38 -1.01907
-0.379 -1.01609
-0.378 -1.01306
-0.377 -1.00999
-0.376 -1.00688
-0.375 -1.00374
-0.374 -1.00058
-0.373 -0.997401
-0.372 -0.994209
-0.371 -0.991012
-0.37 -0.987814
-0.369 -0.984623
-0.368 -0.981444
-0.367 -0.978284
-0.366 -0.975149
-0.365 -0.972045
-0.364 -0.968978
-0.363 -0.965953
-0.362 -0.962978
-0.361 -0.960058
-0.36 -0.957199
-0.359 -0.954407
-0.358 -0.951686
-0.357 -0.949044
-0.356 -0.946485
-0.355 -0.944014
-0.354 -0.941638
-0.353 -0.939359
-0.352 -0.937185
-0.351 -0.935118
-0.35 -0.933164
-0.349 -0.931327
-0.348 -0.929611
-0.347 -0.92802
-0.346 -0.926557
-0.345 -0.925226
-0.344 -0.92403
-0.343 -0.922972
-0.342 -0.922054
-0.341 -0.92128
-0.34 -0.920652
-0.339 -0.92017
-0.338 -0.919838
-0.337 -0.919656
-0.336 -0.919626
-0.335 -0.919749
-0.334 -0.920024
-0.333 -0.920453
-0.332 -0.921035
-0.331 -0.921771
-0.33 -0.922659
-0.329 -0.923699
-0.328 -0.924889
-0.327 -0.926229
-0.326 -0.927717
-0.325 -0.929351
-0.324 -0.931128
-0.323 -0.933047
-0.322 -0.935103
-0.321 -0.937296
-0.32 -0.93962
-0.319 -0.942073
-0.318 -0.94465
-0.317 -0.947349
-0.316 -0.950164
-0.315 -0.953091
-0.314 -0.956125
-0.313 -0.959261
-0.312 -0.962495
-0.311 -0.96582
-0.31 -0.969232
-0.309 -0.972724
-0.308 -0.976291
-0.307 -0.979927
-0.306 -0.983625
-0.305 -0.987378
-0.304 -0.991182
-0.303 -0.995028
-0.302 -0.99891
-0.301 -1.00282
-0.3 -1.00675
-0.299 -1.0107
-0.298 -1.01466
-0.297 -1.01862
-0.296 -1.02257
-0.295 -1.02651
-0.294 -1.03043
-0.293 -1.03432
-0.292 -1.03817
-0.291 -1.04198
-0.29 -1.04575
-0.289 -1.04945
-0.288 -1.0531
-0.287 -1.05667
-0.286 -1.06016
-0.285 -1.06357
-0.284 -1.06689
-0.283 -1.07012
-0.282 -1.07323
-0.281 -1.07624
-0.28 -1.07913
-0.279 -1.0819
-0.278 -1.08454
-0.277 -1.08704
-0.276 -1.08941
-0.275 -1.09163
-0.274 -1.0937
-0.273 -1.09561
-0.272 -1.09737
-0.271 -1.09896
-0.27 -1.10039
-0.269 -1.10164
-0.268 -1.10272
-0.267 -1.10362
-0.266 -1.10434
-0.265 -1.10488
-0.264 -1.10523
-0.263 -1.1054
-0.262 -1.10537
-0.261 -1.10515
-0.26 -1.10474
-0.259 -1.10414
-0.258 -1.10334
-0.257 -1.10235
-0.256 -1.10117
-0.255 -1.09979
-0.254 -1.09823
-0.253 -1.09647
-0.252 -1.09452
-0.251 -1.09239
-0.25 -1.09007
-0.249 -1.08757
-0.248 -1.08488
-0.247 -1.08203
-0.246 -1.079
-0.245 -1.0758
-0.244 -1.07243
-0.243 -1.06891
-0.242 -1.06523
-0.241 -1.0614
-0.24 -1.05743
-0.239 -1.05331
-0.238 -1.04907
-0.237 -1.04469
-0.236 -1.0402
-0.235 -1.03559
-0.234 -1.03088
-0.233 -1.02606
-0.232 -1.02115
-0.231 -1.01616
-0.23 -1.0111
-0.229 -1.00596
-0.228 -1.00077
-0.227 -0.995518
-0.226 -0.990228
-0.225 -0.984903
-0.224 -0.979553
-0.223 -0.974186
-0.222 -0.968811
-0.221 -0.963439
-0.22 -0.958077
-0.219 -0.952736
-0.218 -0.947425
-0.217 -0.942153
-0.216 -0.936929
-0.215 -0.931763
-0.214 -0.926665
-0.213 -0.921643
-0.212 -0.916708
-0.211 -0.911868
-0.21 -0.907133
-0.209 -0.902512
-0.208 -0.898014
-0.207 -0.893647
-0.206 -0.889422
-0.205 -0.885345
-0.204 -0.881426
-0.203 -0.877674
-0.202 -0.874096
-0.201 -0.8707
-0.2 -0.867494
-0.199 -0.864485
-0.198 -0.861681
-0.197 -0.859089
-0.196 -0.856714
-0.195 -0.854565
-0.194 -0.852647
-0.193 -0.850965
-0.192 -0.849525
-0.191 -0.848333
-0.19 -0.847393
-0.189 -0.84671
-0.188 -0.846288
-0.187 -0.84613
-0.186 -0.84624
-0.185 -0.84662
-0.184 -0.847275
-0.183 -0.848204
-0.182 -0.849412
-0.181 -0.850897
-0.18 -0.852663
-0.179 -0.854708
-0.178 -0.857034
-0.177 -0.859639
-0.176 -0.862523
-0.175 -0.865685
-0.174 -0.869122
-0.173 -0.872833
-0.172 -0.876815
-0.171 -0.881065
-0.17 -0.885579
-0.169 -0.890353
-0.168 -0.895384
-0.167 -0.900665
-0.166 -0.906191
-0.165 -0.911958
-0.164 -0.917958
-0.163 -0.924184
-0.162 -0.930631
-0.161 -0.937289
-0.16 -0.944152
-0.159 -0.95121
-0.158 -0.958456
-0.157 -0.965879
-0.156 -0.97347
-0.155 -0.98122
-0.154 -0.989117
-0.153 -0.997152
-0.152 -1.00531
-0.151 -1.01359
-0.15 -1.02197
-0.149 -1.03044
-0.148 -1.03898
-0.147 -1.0476
-0.146 -1.05627
-0.145 -1.06497
-0.144 -1.07371
-0.143 -1.08245
-0.142 -1.0912
-0.141 -1.09993
-0.14 -1.10863
-0.139 -1.11729
-0.138 -1.12589
-0.137 -1.13441
-0.136 -1.14285
-0.135 -1.15119
-0.134 -1.1594
-0.133 -1.16749
-0.132 -1.17542
-0.131 -1.1832
-0.13 -1.19079
-0.129 -1.19819
-0.128 -1.20538
-0.127 -1.21235
-0.126 -1.21908
-0.125 -1.22555
-0.124 -1.23176
-0.123 -1.23768
-0.122 -1.2433
-0.121 -1.24861
-0.12 -1.25359
-0.119 -1.25823
-0.118 -1.26252
-0.117 -1.26644
-0.116 -1.26997
-0.115 -1.27311
-0.114 -1.27584
-0.113 -1.27815
-0.112 -1.28003
-0.111 -1.28146
-0.11 -1.28243
-0.109 -1.28294
-0.108 -1.28296
-0.107 -1.2825
-0.106 -1.28154
-0.105 -1.28007
-0.104 -1.27808
-0.103 -1.27556
-0.102 -1.2725
-0.101 -1.26891
-0.1 -1.26476
-0.099 -1.26005
-0.098 -1.25478
-0.097 -1.24894
-0.096 -1.24252
-0.095 -1.23553
-0.094 -1.22794
-0.093 -1.21977
-0.092 -1.21101
-0.091 -1.20165
-0.09 -1.1917
-0.089 -1.18115
-0.088 -1.17
-0.087 -1.15825
-0.086 -1.1459
-0.085 -1.13295
-0.084 -1.11941
-0.083 -1.10527
-0.082 -1.09054
-0.081 -1.07522
-0.08 -1.05932
-0.079 -1.04283
-0.078 -1.02577
-0.077 -1.00813
-0.076 -0.989935
-0.075 -0.971178
-0.074 -0.951871
-0.073 -0.93202
-0.072 -0.911634
-0.071 -0.890722
-0.07 -0.869293
-0.069 -0.847358
-0.068 -0.824925
-0.067 -0.802007
-0.066 -0.778615
-0.065 -0.754761
-0.064 -0.730456
-0.063 -0.705714
-0.062 -0.680548
-0.061 -0.654972
-0.06 -0.629
-0.059 -0.602646
-0.058 -0.575926
-0.057 -0.548854
-0.056 -0.521447
-0.055 -0.49372
-0.054 -0.46569
-0.053 -0.437373
-0.052 -0.408787
-0.051 -0.379948
-0.05 -0.350874
-0.049 -0.321583
-0.048 -0.292093
-0.047 -0.262422
-0.046 -0.232588
-0.045 -0.20261
-0.044 -0.172507
-0.043 -0.142297
-0.042 -0.111999
-0.041 -0.0816329
-0.04 -0.0512168
-0.039 -0.0207701
-0.038 0.00968803
-0.037 0.0401384
-0.036 0.0705618
-0.035 0.100939
-0.034 0.131252
-0.033 0.16148
-0.032 0.191605
-0.031 0.221609
-0.03 0.251472
-0.029 0.281177
-0.028 0.310704
-0.027 0.340036
-0.026 0.369154
-0.025 0.398042
-0.024 0.426681
-0.023 0.455054
-0.022 0.483145
-0.021 0.510936
-0.02 0.538412
-0.019 0.565557
-0.018 0.592354
-0.017 0.61879
-0.016 0.644847
-0.015 0.670514
-0.014 0.695774
-0.013 0.720615
-0.012 0.745023
-0.011 0.768985
-0.01 0.79249
-0.009 0.815525
-0.008 0.838079
-0.007 0.860142
-0.006 0.881702
-0.005 0.90275
-0.004 0.923276
-0.003 0.943272
-0.002 0.96273
-0.001 0.981642
0 1
0.001 1.0178
0.002 1.03503
0.003 1.05169
0.004 1.06778
0.005 1.08328
0.006 1.0982
0.007 1.11253
0.008 1.12627
0.009 1.13942
0.01 1.15198
0.011 1.16394
0.012 1.1753
0.013 1.18607
0.014 1.19625
0.015 1.20584
0.016 1.21483
0.017 1.22324
0.018 1.23106
0.019 1.2383
0.02 1.24496
0.021 1.25105
0.022 1.25658
0.023 1.26154
0.024 1.26594
0.025 1.2698
0.026 1.27312
0.027 1.2759
0.028 1.27816
0.029 1.2799
0.03 1.28113
0.031 1.28186
0.032 1.28211
0.033 1.28187
0.034 1.28117
0.035 1.28001
0.036 1.27841
0.037 1.27637
0.038 1.27391
0.039 1.27104
0.04 1.26777
0.041 1.26412
0.042 1.2601
0.043 1.25572
0.044 1.251
0.045 1.24594
0.046 1.24057
0.047 1.2349
0.048 1.22894
0.049 1.2227
0.05 1.21621
0.051 1.20947
0.052 1.2025
0.053 1.19532
0.054 1.18794
0.055 1.18037
0.056 1.17264
0.057 1.16475
0.058 1.15671
0.059 1.14856
0.06 1.14029
0.061 1.13192
0.062 1.12347
0.063 1.11496
0.064 1.10639
0.065 1.09779
0.066 1.08916
0.067 1.08052
0.068 1.07188
0.069 1.06325
0.07 1.05466
0.071 1.04611
0.072 1.03762
0.073 1.02919
0.074 1.02084
0.075 1.01258
0.076 1.00443
0.077 0.996392
0.078 0.988479
0.079 0.980702
0.08 0.973072
0.081 0.965599
0.082 0.958291
0.083 0.951159
0.084 0.94421
0.085 0.937455
0.086 0.930899
0.087 0.924552
0.088 0.91842
0.089 0.91251
0.09 0.906829
0.091 0.901382
0.092 0.896175
0.093 0.891213
0.094 0.886501
0.095 0.882044
0.096 0.877844
0.097 0.873905
0.098 0.870231
0.099 0.866823
0.1 0.863684
0.101 0.860815
0.102 0.858218
0.103 0.855894
0.104 0.853842
0.105 0.852063
0.106 0.850556
0.107 0.849321
0.108 0.848356
0.109 0.847659
0.11 0.847228
0.111 0.847061
0.112 0.847155
0.113 0.847507
0.114 0.848112
0.115 0.848969
0.116 0.850071
0.117 0.851414
0.118 0.852994
0.119 0.854805
0.12 0.856841
0.121 0.859097
0.122 0.861567
0.123 0.864244
0.124 0.867122
0.125 0.870193
0.126 0.873451
0.127 0.876888
0.128 0.880496
0.129 0.884269
0.13 0.888197
0.131 0.892274
0.132 0.89649
0.133 0.900837
0.134 0.905307
0.135 0.90989
0.136 0.91458
0.137 0.919366
0.138 0.924239
0.139 0.929192
0.14 0.934214
0.141 0.939297
0.142 0.944432
0.143 0.949609
0.144 0.954821
0.145 0.960057
0.146 0.96531
0.147 0.970569
0.148 0.975827
0.149 0.981075
0.15 0.986303
0.151 0.991504
0.152 0.996669
0.153 1.00179
0.154 1.00686
0.155 1.01187
0.156 1.01681
0.157 1.02167
0.158 1.02646
0.159 1.03115
0.16 1.03574
0.161 1.04023
0.162 1.04461
0.163 1.04888
0.164 1.05302
0.165 1.05703
0.166 1.0609
0.167 1.06464
0.168 1.06823
0.169 1.07168
0.17 1.07496
0.171 1.07809
0.172 1.08106
0.173 1.08386
0.174 1.0865
0.175 1.08896
0.176 1.09124
0.177 1.09335
0.178 1.09528
0.179 1.09703
0.18 1.09859
0.181 1.09998
0.182 1.10117
0.183 1.10218
0.184 1.10301
0.185 1.10365
0.186 1.10411
0.187 1.10438
0.188 1.10447
0.189 1.10437
0.19 1.1041
0.191 1.10365
0.192 1.10302
0.193 1.10221
0.194 1.10124
0.195 1.1001
0.196 1.09879
0.197 1.09732
0.198 1.09569
0.199 1.09391
0.2 1.09198
0.201 1.08991
0.202 1.08769
0.203 1.08534
0.204 1.08285
0.205 1.08024
0.206 1.07751
0.207 1.07467
0.208 1.07172
0.209 1.06866
0.21 1.0655
0.211 1.06226
0.212 1.05893
0.213 1.05552
0.214 1.05204
0.215 1.04849
0.216 1.04489
0.217 1.04123
0.218 1.03753
0.219 1.03378
0.22 1.03001
0.221 1.02621
0.222 1.02239
0.223 1.01855
0.224 1.01472
0.225 1.01088
0.226 1.00705
0.227 1.00324
0.228 0.999446
0.229 0.99568
0.23 0.991949
0.231 0.988257
0.232 0.984612
0.233 0.981019
0.234 0.977484
0.235 0.974013
0.236 0.970611
0.237 0.967285
0.238 0.96404
0.239 0.96088
0.24 0.95781
0.241 0.954836
0.242 0.951963
0.243 0.949193
0.244 0.946532
0.245 0.943984
0.246 0.941553
0.247 0.939242
0.248 0.937053
0.249 0.934992
0.25 0.93306
0.251 0.93126
0.252 0.929594
0.253 0.928065
0.254 0.926674
0.255 0.925423
0.256 0.924314
0.257 0.923348
0.258 0.922525
0.259 0.921846
0.26 0.921312
0.261 0.920922
0.262 0.920677
0.263 0.920576
0.264 0.920619
0.265 0.920804
0.266 0.921131
0.267 0.921598
0.268 0.922204
0.269 0.922946
0.27 0.923823
0.271 0.924832
0.272 0.925972
0.273 0.927238
0.274 0.928629
0.275 0.93014
0.276 0.93177
0.277 0.933513
0.278 0.935367
0.279 0.937327
0.28 0.93939
0.281 0.941551
0.282 0.943806
0.283 0.94615
0.284 0.948579
0.285 0.951087
0.286 0.953671
0.287 0.956324
0.288 0.959042
0.289 0.96182
0.29 0.964651
0.291 0.967532
0.292 0.970455
0.293 0.973417
0.294 0.976411
0.295 0.979431
0.296 0.982473
0.297 0.98553
0.298 0.988597
0.299 0.991668
0.3 0.994738
0.301 0.9978
0.302 1.00085
0.303 1.00388
0.304 1.00689
0.305 1.00987
0.306 1.01282
0.307 1.01572
0.308 1.01859
0.309 1.0214
0.31 1.02416
0.311 1.02685
0.312 1.02949
0.313 1.03205
0.314 1.03455
0.315 1.03696
0.316 1.0393
0.317 1.04155
0.318 1.04371
0.319 1.04578
0.32 1.04775
0.321 1.04962
0.322 1.05139
0.323 1.05306
0.324 1.05462
0.325 1.05606
0.326 1.0574
0.327 1.05862
0.328 1.05973
0.329 1.06071
0.33 1.06158
0.331 1.06233
0.332 1.06296
0.333 1.06346
0.334 1.06385
0.335 1.06411
0.336 1.06425
0.337 1.06426
0.338 1.06416
0.339 1.06393
0.34 1.06359
0.341 1.06312
0.342 1.06254
0.343 1.06184
0.344 1.06103
0.345 1.06011
0.346 1.05907
0.347 1.05793
0.348 1.05669
0.349 1.05534
0.35 1.05389
0.351 1.05234
0.352 1.05071
0.353 1.04898
0.354 1.04717
0.355 1.04527
0.356 1.0433
0.357 1.04125
0.358 1.03914
0.359 1.03695
0.36 1.03471
0.361 1.03241
0.362 1.03006
0.363 1.02766
0.364 1.02521
0.365 1.02273
0.366 1.02022
0.367 1.01768
0.368 1.01511
0.369 1.01253
0.37 1.00994
0.371 1.00733
0.372 1.00473
0.373 1.00212
0.374 0.999526
0.375 0.996941
0.376 0.994373
0.377 0.991828
0.378 0.989309
0.379 0.986822
0.38 0.984371
0.381 0.981961
0.382 0.979597
0.383 0.977283
0.384 0.975024
0.385 0.972823
0.386 0.970685
0.387 0.968613
0.388 0.966612
0.389 0.964685
0.39 0.962836
0.391 0.961068
0.392 0.959384
0.393 0.957788
0.394 0.956282
0.395 0.954868
0.396 0.953551
0.397 0.952331
0.398 0.95121
0.399 0.950192
0.4 0.949277
0.401 0.948466
0.402 0.947762
0.403 0.947165
0.404 0.946677
0.405 0.946297
0.406 0.946026
0.407 0.945865
0.408 0.945813
0.409 0.94587
0.41 0.946037
0.411 0.946311
0.412 0.946692
0.413 0.94718
0.414 0.947772
0.415 0.948468
0.416 0.949266
0.417 0.950163
0.418 0.951158
0.419 0.952249
0.42 0.953433
0.421 0.954706
0.422 0.956068
0.423 0.957514
0.424 0.959041
0.425 0.960646
0.426 0.962326
0.427 0.964076
0.428 0.965894
0.429 0.967775
0.43 0.969716
0.431 0.971711
0.432 0.973758
0.433 0.975851
0.434 0.977986
0.435 0.980159
0.436 0.982365
0.437 0.9846
0.438 0.986858
0.439 0.989136
0.44 0.991428
0.441 0.993729
0.442 0.996036
0.443 0.998342
0.444 1.00064
0.445 1.00294
0.446 1.00521
0.447 1.00747
0.448 1.00971
0.449 1.01192
0.45 1.01409
0.451 1.01623
0.452 1.01832
0.453 1.02037
0.454 1.02237
0.455 1.02432
0.456 1.02621
0.457 1.02803
0.458 1.02979
0.459 1.03149
0.46 1.0331
0.461 1.03465
0.462 1.03611
0.463 1.03749
0.464 1.03879
0.465 1.04
0.466 1.04112
0.467 1.04215
0.468 1.04308
0.469 1.04392
0.47 1.04466
0.471 1.0453
0.472 1.04585
0.473 1.04629
0.474 1.04663
0.475 1.04687
0.476 1.04701
0.477 1.04704
0.478 1.04697
0.479 1.0468
0.48 1.04653
0.481 1.04616
0.482 1.04569
0.483 1.04512
0.484 1.04446
0.485 1.04369
0.486 1.04284
0.487 1.04189
0.488 1.04086
0.489 1.03974
0.49 1.03853
0.491 1.03724
0.492 1.03588
0.493 1.03444
0.494 1.03292
0.495 1.03134
0.496 1.02969
0.497 1.02799
0.498 1.02622
0.499 1.02441
0.5 1.02254
0.501 1.02063
0.502 1.01868
0.503 1.01669
0.504 1.01467
0.505 1.01262
0.506 1.01055
0.507 1.00847
0.508 1.00637
0.509 1.00426
0.51 1.00215
0.511 1.00004
0.512 0.997936
0.513 0.995843
0.514 0.993765
0.515 0.991708
0.516 0.989676
0.517 0.987673
0.518 0.985704
0.519 0.983773
0.52 0.981885
0.521 0.980045
0.522 0.978255
0.523 0.97652
0.524 0.974845
0.525 0.973232
0.526 0.971686
0.527 0.97021
0.528 0.968807
0.529 0.967481
0.53 0.966234
0.531 0.965069
0.532 0.963989
0.533 0.962996
0.534 0.962093
0.535 0.961281
0.536 0.960562
0.537 0.959938
0.538 0.95941
0.539 0.958979
0.54 0.958646
0.541 0.958413
0.542 0.958278
0.543 0.958243
0.544 0.958308
0.545 0.958471
0.546 0.958733
0.547 0.959094
0.548 0.959551
0.549 0.960104
0.55 0.960751
0.551 0.961491
0.552 0.962322
0.553 0.963242
0.554 0.964248
0.555 0.965338
0.556 0.966509
0.557 0.967759
0.558 0.969084
0.559 0.970481
0.56 0.971947
0.561 0.973477
0.562 0.975069
0.563 0.976718
0.564 0.97842
0.565 0.98017
0.566 0.981966
0.567 0.983801
0.568 0.985672
0.569 0.987574
0.57 0.989502
0.571 0.991452
0.572 0.993418
0.573 0.995396
0.574 0.997381
0.575 0.999367
0.576 1.00135
0.577 1.00333
0.578 1.00529
0.579 1.00723
0.58 1.00915
0.581 1.01105
0.582 1.01291
0.583 1.01473
0.584 1.01652
0.585 1.01825
0.586 1.01994
0.587 1.02157
0.588 1.02314
0.589 1.02465
0.59 1.0261
0.591 1.02747
0.592 1.02877
0.593 1.02999
0.594 1.03113
0.595 1.03219
0.596 1.03316
0.597 1.03404
0.598 1.03483
0.599 1.03553
0.6 1.03614
0.601 1.03665
0.602 1.03706
0.603 1.03737
0.604 1.03759
0.605 1.0377
0.606 1.03772
0.607 1.03763
0.608 1.03744
0.609 1.03716
0.61 1.03678
0.611 1.0363
0.612 1.03572
0.613 1.03505
0.614 1.03428
0.615 1.03343
0.616 1.03249
0.617 1.03146
0.618 1.03034
0.619 1.02915
0.62 1.02788
0.621 1.02654
0.622 1.02513
0.623 1.02365
0.624 1.02211
0.625 1.02051
0.626 1.01886
0.627 1.01716
0.628 1.01541
0.629 1.01363
0.63 1.01181
0.631 1.00996
0.632 1.00809
0.633 1.0062
0.634 1.00429
0.635 1.00238
0.636 1.00046
0.637 0.998551
0.638 0.996644
0.639 0.994751
0.64 0.992876
0.641 0.991025
0.642 0.989203
0.643 0.987415
0.644 0.985667
0.645 0.983962
0.646 0.982307
0.647 0.980705
0.648 0.979163
0.649 0.977683
0.65 0.976271
0.651 0.97493
0.652 0.973664
0.653 0.972477
0.654 0.971373
0.655 0.970355
0.656 0.969426
0.657 0.968589
0.658 0.967845
0.659 0.967198
0.66 0.96665
0.661 0.966201
0.662 0.965854
0.663 0.96561
0.664 0.965469
0.665 0.965432
0.666 0.965499
0.667 0.96567
0.668 0.965944
0.669 0.966321
0.67 0.9668
0.671 0.967379
0.672 0.968057
0.673 0.968832
0.674 0.969701
0.675 0.970662
0.676 0.971712
0.677 0.972847
0.678 0.974065
0.679 0.975362
0.68 0.976734
0.681 0.978176
0.682 0.979684
0.683 0.981253
0.684 0.98288
0.685 0.984558
0.686 0.986282
0.687 0.988048
0.688 0.989848
0.689 0.991679
0.69 0.993534
0.691 0.995406
0.692 0.997291
0.693 0.999182
0.694 1.00107
0.695 1.00296
0.696 1.00483
0.697 1.00668
0.698 1.00851
0.699 1.01031
0.7 1.01208
0.701 1.0138
0.702 1.01547
0.703 1.01709
0.704 1.01865
0.705 1.02015
0.706 1.02158
0.707 1.02293
0.708 1.02421
0.709 1.0254
0.71 1.02651
0.711 1.02752
0.712 1.02844
0.713 1.02926
0.714 1.02998
0.715 1.0306
0.716 1.03111
0.717 1.03151
0.718 1.03181
0.719 1.03199
0.72 1.03206
0.721 1.03202
0.722 1.03187
0.723 1.03161
0.724 1.03124
0.725 1.03075
0.726 1.03016
0.727 1.02946
0.728 1.02866
0.729 1.02775
0.73 1.02675
0.731 1.02565
0.732 1.02446
0.733 1.02319
0.734 1.02183
0.735 1.02039
0.736 1.01888
0.737 1.0173
0.738 1.01566
0.739 1.01397
0.74 1.01222
0.741 1.01043
0.742 1.0086
0.743 1.00674
0.744 1.00486
0.745 1.00296
0.746 1.00106
0.747 0.999147
0.748 0.997242
0.749 0.995348
0.75 0.993475
0.751 0.991627
0.752 0.989814
0.753 0.988041
0.754 0.986316
0.755 0.984646
0.756 0.983037
0.757 0.981495
0.758 0.980028
0.759 0.97864
0.76 0.977338
0.761 0.976127
0.762 0.975012
0.763 0.973997
0.764 0.973088
0.765 0.972288
0.766 0.971601
0.767 0.971029
0.768 0.970576
0.769 0.970244
0.77 0.970034
0.771 0.969948
0.772 0.969986
0.773 0.970149
0.774 0.970436
0.775 0.970848
0.776 0.971381
0.777 0.972035
0.778 0.972807
0.779 0.973695
0.78 0.974694
0.781 0.975802
0.782 0.977013
0.783 0.978323
0.784 0.979726
0.785 0.981218
0.786 0.982791
0.787 0.984439
0.788 0.986155
0.789 0.987932
0.79 0.989762
0.791 0.991637
0.792 0.993549
0.793 0.99549
0.794 0.99745
0.795 0.999422
0.796 1.0014
0.797 1.00336
0.798 1.00531
0.799 1.00724
0.8 1.00913
0.801 1.01098
0.802 1.01278
0.803 1.01452
0.804 1.01618
0.805 1.01778
0.806 1.01928
0.807 1.0207
0.808 1.02201
0.809 1.02322
0.81 1.02431
0.811 1.02529
0.812 1.02614
0.813 1.02686
0.814 1.02745
0.815 1.02791
0.816 1.02822
0.817 1.02839
0.818 1.02842
0.819 1.02831
0.82 1.02805
0.821 1.02764
0.822 1.0271
0.823 1.02641
0.824 1.02559
0.825 1.02463
0.826 1.02354
0.827 1.02233
0.828 1.021
0.829 1.01955
0.83 1.018
0.831 1.01635
0.832 1.01462
0.833 1.0128
0.834 1.01091
0.835 1.00896
0.836 1.00696
0.837 1.00492
0.838 1.00285
0.839 1.00076
0.84 0.998673
0.841 0.996588
0.842 0.994521
0.843 0.992484
0.844 0.99049
0.845 0.98855
0.846 0.986676
0.847 0.984879
0.848 0.983171
0.849 0.981562
0.85 0.980063
0.851 0.978684
0.852 0.977433
0.853 0.976319
0.854 0.97535
0.855 0.974534
0.856 0.973875
0.857 0.973381
0.858 0.973054
0.859 0.972898
0.86 0.972916
0.861 0.973109
0.862 0.973477
0.863 0.974018
0.864 0.974731
0.865 0.975613
0.866 0.976658
0.867 0.977861
0.868 0.979216
0.869 0.980714
0.87 0.982347
0.871 0.984104
0.872 0.985974
0.873 0.987945
0.874 0.990004
0.875 0.992137
0.876 0.99433
0.877 0.996567
0.878 0.998833
0.879 1.00111
0.88 1.00339
0.881 1.00564
0.882 1.00785
0.883 1.01001
0.884 1.0121
0.885 1.01409
0.886 1.01599
0.887 1.01776
0.888 1.01939
0.889 1.02087
0.89 1.02219
0.891 1.02334
0.892 1.02429
0.893 1.02505
0.894 1.0256
0.895 1.02594
0.896 1.02606
0.897 1.02595
0.898 1.02563
0.899 1.02508
0.9 1.02431
0.901 1.02332
0.902 1.02212
0.903 1.02072
0.904 1.01913
0.905 1.01735
0.906 1.01541
0.907 1.01332
0.908 1.0111
0.909 1.00876
0.91 1.00633
0.911 1.00384
0.912 1.00129
0.913 0.998725
0.914 0.996164
0.915 0.993633
0.916 0.991159
0.917 0.988768
0.918 0.986488
0.919 0.984343
0.92 0.982359
0.921 0.980561
0.922 0.978972
0.923 0.977611
0.924 0.9765
0.925 0.975654
0.926 0.975088
0.927 0.974813
0.928 0.974839
0.929 0.975169
0.93 0.975806
0.931 0.976748
0.932 0.977987
0.933 0.979515
0.934 0.981317
0.935 0.983375
0.936 0.985666
0.937 0.988164
0.938 0.99084
0.939 0.993659
0.94 0.996585
0.941 0.999578
0.942 1.0026
0.943 1.00559
0.944 1.00853
0.945 1.01135
0.946 1.01401
0.947 1.01646
0.948 1.01866
0.949 1.02057
0.95 1.02215
0.951 1.02335
0.952 1.02416
0.953 1.02453
0.954 1.02446
0.955 1.02393
0.956 1.02293
0.957 1.02148
0.958 1.01958
0.959 1.01727
0.96 1.01457
0.961 1.01153
0.962 1.0082
0.963 1.00465
0.964 1.00095
0.965 0.997188
0.966 0.993449
0.967 0.989829
0.968 0.986427
0.969 0.983343
0.97 0.980677
0.971 0.978524
0.972 0.976974
0.973 0.976105
0.974 0.975979
0.975 0.976642
0.976 0.978117
0.977 0.980399
0.978 0.983455
0.979 0.987217
0.98 0.991581
0.981 0.996404
0.982 1.0015
0.983 1.00666
0.984 1.01163
0.985 1.01611
0.986 1.01982
0.987 1.02243
0.988 1.02366
0.989 1.02325
0.99 1.02101
0.991 1.01685
0.992 1.01086
0.993 1.00333
0.994 0.994879
0.995 0.986484
0.996 0.979645
0.997 0.97649
0.998 0.979941
0.999 0.993897
1 1.02346
