-1 -0.991372
-0.999 -0.995527
-0.998 -0.99901
-0.997 -1.00188
-0.996 -1.00419
-0.995 -1.006
-0.994 -1.00736
-0.993 -1.00831
-0.992 -1.00889
-0.991 -1.00916
-0.99 -1.00915
-0.989 -1.0089
-0.988 -1.00843
-0.987 -1.0078
-0.986 -1.00701
-0.985 -1.00611
-0.984 -1.00511
-0.983 -1.00405
-0.982 -1.00293
-0.981 -1.00179
-0.98 -1.00064
-0.979 -0.99949
-0.978 -0.998361
-0.977 -0.997264
-0.976 -0.996209
-0.975 -0.995208
-0.974 -0.994268
-0.973 -0.993395
-0.972 -0.992598
-0.971 -0.991879
-0.97 -0.991243
-0.969 -0.990693
-0.968 -0.990231
-0.967 -0.989857
-0.966 -0.989572
-0.965 -0.989376
-0.964 -0.989268
-0.963 -0.989245
-0.962 -0.989306
-0.961 -0.989448
-0.96 -0.989668
-0.959 -0.989963
-0.958 -0.990328
-0.957 -0.99076
-0.956 -0.991254
-0.955 -0.991806
-0.954 -0.992411
-0.953 -0.993064
-0.952 -0.99376
-0.951 -0.994495
-0.95 -0.995263
-0.949 -0.996059
-0.948 -0.996879
-0.947 -0.997717
-0.946 -0.998568
-0.945 -0.999429
-0.944 -1.00029
-0.943 -1.00116
-0.942 -1.00202
-0.941 -1.00286
-0.94 -1.0037
-0.939 -1.00452
-0.938 -1.00532
-0.937 -1.00609
-0.936 -1.00684
-0.935 -1.00755
-0.934 -1.00824
-0.933 -1.00888
-0.932 -1.00949
-0.931 -1.01005
-0.93 -1.01058
-0.929 -1.01105
-0.928 -1.01149
-0.927 -1.01187
-0.926 -1.01221
-0.925 -1.01249
-0.924 -1.01273
-0.923 -1.01291
-0.922 -1.01305
-0.921 -1.01313
-0.92 -1.01316
-0.919 -1.01314
-0.918 -1.01308
-0.917 -1.01296
-0.916 -1.01279
-0.915 -1.01258
-0.914 -1.01232
-0.913 -1.01201
-0.912 -1.01166
-0.911 -1.01127
-0.91 -1.01084
-0.909 -1.01037
-0.908 -1.00986
-0.907 -1.00932
-0.906 -1.00874
-0.905 -1.00814
-0.904 -1.0075
-0.903 -1.00684
-0.902 -1.00615
-0.901 -1.00545
-0.9 -1.00472
-0.899 -1.00397
-0.898 -1.00321
-0.897 -1.00244
-0.896 -1.00166
-0.895 -1.00087
-0.894 -1.00007
-0.893 -0.999275
-0.892 -0.998475
-0.891 -0.997678
-0.89 -0.996885
-0.889 -0.996098
-0.888 -0.995319
-0.887 -0.994551
-0.886 -0.993796
-0.885 -0.993055
-0.884 -0.992331
-0.883 -0.991626
-0.882 -0.990941
-0.881 -0.990279
-0.88 -0.98964
-0.879 -0.989026
-0.878 -0.98844
-0.877 -0.987882
-0.876 -0.987353
-0.875 -0.986856
-0.874 -0.986391
-0.873 -0.985958
-0.872 -0.985561
-0.871 -0.985198
-0.87 -0.984871
-0.869 -0.98458
-0.868 -0.984327
-0.867 -0.984111
-0.866 -0.983934
-0.865 -0.983795
-0.864 -0.983694
-0.863 -0.983632
-0.862 -0.983609
-0.861 -0.983625
-0.86 -0.983679
-0.859 -0.983771
-0.858 -0.983902
-0.857 -0.98407
-0.856 -0.984276
-0.855 -0.984518
-0.854 -0.984797
-0.853 -0.98511
-0.852 -0.985458
-0.851 -0.98584
-0.85 -0.986255
-0.849 -0.986701
-0.848 -0.987179
-0.847 -0.987686
-0.846 -0.988222
-0.845 -0.988785
-0.844 -0.989374
-0.843 -0.989989
-0.842 -0.990626
-0.841 -0.991286
-0.84 -0.991967
-0.839 -0.992668
-0.838 -0.993386
-0.837 -0.99412
-0.836 -0.99487
-0.835 -0.995633
-0.834 -0.996407
-0.833 -0.997192
-0.832 -0.997986
-0.831 -0.998787
-0.83 -0.999593
-0.829 -1.0004
-0.828 -1.00122
-0.827 -1.00203
-0.826 -1.00284
-0.825 -1.00365
-0.824 -1.00446
-0.823 -1.00526
-0.822 -1.00606
-0.821 -1.00684
-0.82 -1.00762
-0.819 -1.00838
-0.818 -1.00914
-0.817 -1.00987
-0.816 -1.0106
-0.815 -1.0113
-0.814 -1.01199
-0.813 -1.01266
-0.812 -1.01331
-0.811 -1.01394
-0.81 -1.01454
-0.809 -1.01512
-0.808 -1.01568
-0.807 -1.01621
-0.806 -1.01671
-0.805 -1.01719
-0.804 -1.01764
-0.803 -1.01806
-0.802 -1.01845
-0.801 -1.01881
-0.8 -1.01913
-0.799 -1.01943
-0.798 -1.01969
-0.797 -1.01992
-0.796 -1.02012
-0.795 -1.02029
-0.794 -1.02042
-0.793 -1.02052
-0.792 -1.02058
-0.791 -1.02061
-0.79 -1.02061
-0.789 -1.02057
-0.788 -1.0205
-0.787 -1.02039
-0.786 -1.02026
-0.785 -1.02008
-0.784 -1.01988
-0.783 -1.01964
-0.782 -1.01937
-0.781 -1.01906
-0.78 -1.01873
-0.779 -1.01836
-0.778 -1.01796
-0.777 -1.01754
-0.776 -1.01708
-0.775 -1.0166
-0.774 -1.01608
-0.773 -1.01554
-0.772 -1.01498
-0.771 -1.01439
-0.77 -1.01377
-0.769 -1.01313
-0.768 -1.01247
-0.767 -1.01179
-0.766 -1.01108
-0.765 -1.01036
-0.764 -1.00962
-0.763 -1.00886
-0.762 -1.00808
-0.761 -1.00729
-0.76 -1.00648
-0.759 -1.00566
-0.758 -1.00483
-0.757 -1.00399
-0.756 -1.00314
-0.755 -1.00228
-0.754 -1.00142
-0.753 -1.00055
-0.752 -0.999672
-0.751 -0.998794
-0.75 -0.997913
-0.749 -0.997032
-0.748 -0.996152
-0.747 -0.995273
-0.746 -0.994398
-0.745 -0.993526
-0.744 -0.99266
-0.743 -0.991801
-0.742 -0.99095
-0.741 -0.990108
-0.74 -0.989276
-0.739 -0.988455
-0.738 -0.987647
-0.737 -0.986852
-0.736 -0.986072
-0.735 -0.985308
-0.734 -0.984561
-0.733 -0.983831
-0.732 -0.98312
-0.731 -0.98243
-0.73 -0.981759
-0.729 -0.981111
-0.728 -0.980485
-0.727 -0.979883
-0.726 -0.979304
-0.725 -0.978751
-0.724 -0.978224
-0.723 -0.977723
-0.722 -0.977249
-0.721 -0.976803
-0.72 -0.976385
-0.719 -0.975997
-0.718 -0.975638
-0.717 -0.975309
-0.716 -0.975011
-0.715 -0.974743
-0.714 -0.974507
-0.713 -0.974303
-0.712 -0.974131
-0.711 -0.973991
-0.71 -0.973883
-0.709 -0.973808
-0.708 -0.973766
-0.707 -0.973756
-0.706 -0.97378
-0.705 -0.973837
-0.704 -0.973927
-0.703 -0.974049
-0.702 -0.974204
-0.701 -0.974393
-0.7 -0.974613
-0.699 -0.974866
-0.698 -0.975151
-0.697 -0.975468
-0.696 -0.975816
-0.695 -0.976195
-0.694 -0.976605
-0.693 -0.977045
-0.692 -0.977514
-0.691 -0.978013
-0.69 -0.978541
-0.689 -0.979097
-0.688 -0.97968
-0.687 -0.98029
-0.686 -0.980927
-0.685 -0.981588
-0.684 -0.982275
-0.683 -0.982985
-0.682 -0.983719
-0.681 -0.984475
-0.68 -0.985253
-0.679 -0.986052
-0.678 -0.98687
-0.677 -0.987707
-0.676 -0.988562
-0.675 -0.989435
-0.674 -0.990323
-0.673 -0.991226
-0.672 -0.992144
-0.671 -0.993074
-0.67 -0.994017
-0.669 -0.994971
-0.668 -0.995934
-0.667 -0.996907
-0.666 -0.997887
-0.665 -0.998874
-0.664 -0.999867
-0.663 -1.00086
-0.662 -1.00186
-0.661 -1.00287
-0.66 -1.00387
-0.659 -1.00488
-0.658 -1.00588
-0.657 -1.00688
-0.656 -1.00788
-0.655 -1.00887
-0.654 -1.00986
-0.653 -1.01084
-0.652 -1.01182
-0.651 -1.01278
-0.65 -1.01374
-0.649 -1.01468
-0.648 -1.01562
-0.647 -1.01654
-0.646 -1.01744
-0.645 -1.01833
-0.644 -1.01921
-0.643 -1.02007
-0.642 -1.02091
-0.641 -1.02173
-0.64 -1.02253
-0.639 -1.02331
-0.638 -1.02408
-0.637 -1.02481
-0.636 -1.02553
-0.635 -1.02622
-0.634 -1.02689
-0.633 -1.02753
-0.632 -1.02814
-0.631 -1.02873
-0.63 -1.02929
-0.629 -1.02982
-0.628 -1.03032
-0.627 -1.0308
-0.626 -1.03124
-0.625 -1.03165
-0.624 -1.03203
-0.623 -1.03238
-0.622 -1.0327
-0.621 -1.03299
-0.62 -1.03324
-0.619 -1.03346
-0.618 -1.03365
-0.617 -1.0338
-0.616 -1.03392
-0.615 -1.034
-0.614 -1.03405
-0.613 -1.03407
-0.612 -1.03405
-0.611 -1.03399
-0.61 -1.0339
-0.609 -1.03378
-0.608 -1.03362
-0.607 -1.03343
-0.606 -1.0332
-0.605 -1.03294
-0.604 -1.03264
-0.603 -1.03231
-0.602 -1.03195
-0.601 -1.03155
-0.6 -1.03112
-0.599 -1.03066
-0.598 -1.03016
-0.597 -1.02963
-0.596 -1.02907
-0.595 -1.02848
-0.594 -1.02786
-0.593 -1.0272
-0.592 -1.02652
-0.591 -1.02581
-0.59 -1.02507
-0.589 -1.0243
-0.588 -1.0235
-0.587 -1.02268
-0.586 -1.02183
-0.585 -1.02096
-0.584 -1.02006
-0.583 -1.01913
-0.582 -1.01819
-0.581 -1.01722
-0.58 -1.01623
-0.579 -1.01522
-0.578 -1.0142
-0.577 -1.01315
-0.576 -1.01208
-0.575 -1.011
-0.574 -1.00991
-0.573 -1.0088
-0.572 -1.00767
-0.571 -1.00653
-0.57 -1.00538
-0.569 -1.00422
-0.568 -1.00305
-0.567 -1.00187
-0.566 -1.00069
-0.565 -0.999494
-0.564 -0.998296
-0.563 -0.997094
-0.562 -0.995889
-0.561 -0.994681
-0.56 -0.993473
-0.559 -0.992265
-0.558 -0.991058
-0.557 -0.989853
-0.556 -0.988652
-0.555 -0.987455
-0.554 -0.986264
-0.553 -0.98508
-0.552 -0.983904
-0.551 -0.982736
-0.55 -0.981579
-0.549 -0.980433
-0.548 -0.979299
-0.547 -0.978178
-0.546 -0.977072
-0.545 -0.975981
-0.544 -0.974906
-0.543 -0.973849
-0.542 -0.97281
-0.541 -0.971791
-0.54 -0.970792
-0.539 -0.969814
-0.538 -0.968859
-0.537 -0.967926
-0.536 -0.967018
-0.535 -0.966136
-0.534 -0.965278
-0.533 -0.964448
-0.532 -0.963645
-0.531 -0.962871
-0.53 -0.962126
-0.529 -0.961411
-0.528 -0.960726
-0.527 -0.960073
-0.526 -0.959452
-0.525 -0.958864
-0.524 -0.958309
-0.523 -0.957788
-0.522 -0.957301
-0.521 -0.95685
-0.52 -0.956434
-0.519 -0.956055
-0.518 -0.955712
-0.517 -0.955406
-0.516 -0.955137
-0.515 -0.954907
-0.514 -0.954714
-0.513 -0.95456
-0.512 -0.954445
-0.511 -0.954369
-0.51 -0.954332
-0.509 -0.954334
-0.508 -0.954376
-0.507 -0.954458
-0.506 -0.954579
-0.505 -0.954741
-0.504 -0.954942
-0.503 -0.955183
-0.502 -0.955464
-0.501 -0.955784
-0.5 -0.956145
-0.499 -0.956544
-0.498 -0.956983
-0.497 -0.957462
-0.496 -0.957979
-0.495 -0.958534
-0.494 -0.959128
-0.493 -0.95976
-0.492 -0.960429
-0.491 -0.961136
-0.49 -0.961879
-0.489 -0.962659
-0.488 -0.963474
-0.487 -0.964325
-0.486 -0.965211
-0.485 -0.96613
-0.484 -0.967083
-0.483 -0.968069
-0.482 -0.969087
-0.481 -0.970137
-0.48 -0.971217
-0.479 -0.972328
-0.478 -0.973468
-0.477 -0.974636
-0.476 -0.975831
-0.475 -0.977054
-0.474 -0.978302
-0.473 -0.979576
-0.472 -0.980873
-0.471 -0.982193
-0.47 -0.983536
-0.469 -0.9849
-0.468 -0.986284
-0.467 -0.987687
-0.466 -0.989108
-0.465 -0.990546
-0.464 -0.992
-0.463 -0.993468
-0.462 -0.994951
-0.461 -0.996446
-0.46 -0.997952
-0.459 -0.999468
-0.458 -1.00099
-0.457 -1.00253
-0.456 -1.00407
-0.455 -1.00561
-0.454 -1.00716
-0.453 -1.00872
-0.452 -1.01027
-0.451 -1.01183
-0.45 -1.01338
-0.449 -1.01494
-0.448 -1.01649
-0.447 -1.01803
-0.446 -1.01957
-0.445 -1.02111
-0.444 -1.02263
-0.443 -1.02415
-0.442 -1.02566
-0.441 -1.02715
-0.44 -1.02863
-0.439 -1.0301
-0.438 -1.03155
-0.437 -1.03299
-0.436 -1.0344
-0.435 -1.0358
-0.434 -1.03718
-0.433 -1.03854
-0.432 -1.03987
-0.431 -1.04118
-0.43 -1.04247
-0.429 -1.04373
-0.428 -1.04496
-0.427 -1.04616
-0.426 -1.04734
-0.425 -1.04848
-0.424 -1.0496
-0.423 -1.05068
-0.422 -1.05173
-0.421 -1.05274
-0.42 -1.05372
-0.419 -1.05466
-0.418 -1.05556
-0.417 -1.05643
-0.416 -1.05726
-0.415 -1.05805
-0.414 -1.0588
-0.413 -1.0595
-0.412 -1.06017
-0.411 -1.06079
-0.41 -1.06137
-0.409 -1.0619
-0.408 -1.06239
-0.407 -1.06283
-0.406 -1.06323
-0.405 -1.06358
-0.404 -1.06388
-0.403 -1.06414
-0.402 -1.06435
-0.401 -1.06451
-0.4 -1.06462
-0.399 -1.06468
-0.398 -1.06469
-0.397 -1.06465
-0.396 -1.06457
-0.395 -1.06443
-0.394 -1.06424
-0.393 -1.064
-0.392 -1.06371
-0.391 -1.06337
-0.39 -1.06298
-0.389 -1.06254
-0.388 -1.06204
-0.387 -1.0615
-0.386 -1.0609
-0.385 -1.06026
-0.384 -1.05956
-0.383 -1.05882
-0.382 -1.05802
-0.381 -1.05718
-0.38 -1.05629
-0.379 -1.05534
-0.378 -1.05435
-0.377 -1.05332
-0.376 -1.05223
-0.375 -1.0511
-0.374 -1.04992
-0.373 -1.04869
-0.372 -1.04742
-0.371 -1.04611
-0.37 -1.04475
-0.369 -1.04335
-0.368 -1.0419
-0.367 -1.04042
-0.366 -1.03889
-0.365 -1.03732
-0.364 -1.03572
-0.363 -1.03408
-0.362 -1.0324
-0.361 -1.03068
-0.36 -1.02893
-0.359 -1.02714
-0.358 -1.02533
-0.357 -1.02348
-0.356 -1.0216
-0.355 -1.01969
-0.354 -1.01775
-0.353 -1.01578
-0.352 -1.01379
-0.351 -1.01178
-0.35 -1.00974
-0.349 -1.00768
-0.348 -1.0056
-0.347 -1.0035
-0.346 -1.00138
-0.345 -0.999245
-0.344 -0.997096
-0.343 -0.994933
-0.342 -0.992758
-0.341 -0.990572
-0.34 -0.988377
-0.339 -0.986175
-0.338 -0.983966
-0.337 -0.981753
-0.336 -0.979537
-0.335 -0.97732
-0.334 -0.975102
-0.333 -0.972887
-0.332 -0.970674
-0.331 -0.968467
-0.33 -0.966266
-0.329 -0.964073
-0.328 -0.96189
-0.327 -0.959719
-0.326 -0.95756
-0.325 -0.955416
-0.324 -0.953288
-0.323 -0.951178
-0.322 -0.949087
-0.321 -0.947017
-0.32 -0.94497
-0.319 -0.942948
-0.318 -0.940951
-0.317 -0.938982
-0.316 -0.937042
-0.315 -0.935132
-0.314 -0.933255
-0.313 -0.931411
-0.312 -0.929603
-0.311 -0.927831
-0.31 -0.926098
-0.309 -0.924405
-0.308 -0.922753
-0.307 -0.921144
-0.306 -0.919579
-0.305 -0.91806
-0.304 -0.916588
-0.303 -0.915164
-0.302 -0.913791
-0.301 -0.912468
-0.3 -0.911198
-0.299 -0.909982
-0.298 -0.908821
-0.297 -0.907716
-0.296 -0.906668
-0.295 -0.905679
-0.294 -0.904751
-0.293 -0.903883
-0.292 -0.903077
-0.291 -0.902334
-0.29 -0.901655
-0.289 -0.901042
-0.288 -0.900494
-0.287 -0.900014
-0.286 -0.899601
-0.285 -0.899257
-0.284 -0.898983
-0.283 -0.898779
-0.282 -0.898645
-0.281 -0.898584
-0.28 -0.898595
-0.279 -0.898678
-0.278 -0.898835
-0.277 -0.899067
-0.276 -0.899372
-0.275 -0.899753
-0.274 -0.900209
-0.273 -0.90074
-0.272 -0.901347
-0.271 -0.902031
-0.27 -0.902791
-0.269 -0.903627
-0.268 -0.90454
-0.267 -0.90553
-0.266 -0.906596
-0.265 -0.907739
-0.264 -0.908959
-0.263 -0.910254
-0.262 -0.911627
-0.261 -0.913075
-0.26 -0.914598
-0.259 -0.916198
-0.258 -0.917872
-0.257 -0.91962
-0.256 -0.921443
-0.255 -0.923339
-0.254 -0.925308
-0.253 -0.927349
-0.252 -0.929462
-0.251 -0.931646
-0.25 -0.9339
-0.249 -0.936222
-0.248 -0.938614
-0.247 -0.941072
-0.246 -0.943597
-0.245 -0.946187
-0.244 -0.948841
-0.243 -0.951559
-0.242 -0.954338
-0.241 -0.957177
-0.24 -0.960077
-0.239 -0.963034
-0.238 -0.966047
-0.237 -0.969116
-0.236 -0.972238
-0.235 -0.975413
-0.234 -0.978638
-0.233 -0.981912
-0.232 -0.985233
-0.231 -0.988599
-0.23 -0.99201
-0.229 -0.995462
-0.228 -0.998954
-0.227 -1.00248
-0.226 -1.00605
-0.225 -1.00965
-0.224 -1.01329
-0.223 -1.01695
-0.222 -1.02064
-0.221 -1.02436
-0.22 -1.0281
-0.219 -1.03186
-0.218 -1.03565
-0.217 -1.03945
-0.216 -1.04326
-0.215 -1.04709
-0.214 -1.05092
-0.213 -1.05477
-0.212 -1.05862
-0.211 -1.06247
-0.21 -1.06632
-0.209 -1.07018
-0.208 -1.07402
-0.207 -1.07786
-0.206 -1.08169
-0.205 -1.0855
-0.204 -1.0893
-0.203 -1.09309
-0.202 -1.09685
-0.201 -1.10059
-0.2 -1.1043
-0.199 -1.10799
-0.198 -1.11164
-0.197 -1.11526
-0.196 -1.11884
-0.195 -1.12238
-0.194 -1.12588
-0.193 -1.12933
-0.192 -1.13274
-0.191 -1.13609
-0.19 -1.13939
-0.189 -1.14264
-0.188 -1.14582
-0.187 -1.14894
-0.186 -1.152
-0.185 -1.15499
-0.184 -1.1579
-0.183 -1.16075
-0.182 -1.16351
-0.181 -1.1662
-0.18 -1.16881
-0.179 -1.17133
-0.178 -1.17376
-0.177 -1.1761
-0.176 -1.17835
-0.175 -1.1805
-0.174 -1.18256
-0.173 -1.18451
-0.172 -1.18636
-0.171 -1.1881
-0.17 -1.18973
-0.169 -1.19125
-0.168 -1.19266
-0.167 -1.19395
-0.166 -1.19511
-0.165 -1.19616
-0.164 -1.19708
-0.163 -1.19787
-0.162 -1.19853
-0.161 -1.19906
-0.16 -1.19946
-0.159 -1.19972
-0.158 -1.19984
-0.157 -1.19981
-0.156 -1.19965
-0.155 -1.19933
-0.154 -1.19887
-0.153 -1.19826
-0.152 -1.19749
-0.151 -1.19657
-0.15 -1.1955
-0.149 -1.19426
-0.148 -1.19287
-0.147 -1.19131
-0.146 -1.18959
-0.145 -1.1877
-0.144 -1.18565
-0.143 -1.18342
-0.142 -1.18103
-0.141 -1.17846
-0.14 -1.17572
-0.139 -1.1728
-0.138 -1.16971
-0.137 -1.16644
-0.136 -1.16299
-0.135 -1.15936
-0.134 -1.15554
-0.133 -1.15155
-0.132 -1.14737
-0.131 -1.143
-0.13 -1.13845
-0.129 -1.13372
-0.128 -1.12879
-0.127 -1.12368
-0.126 -1.11838
-0.125 -1.11289
-0.124 -1.1072
-0.123 -1.10133
-0.122 -1.09527
-0.121 -1.08902
-0.12 -1.08257
-0.119 -1.07593
-0.118 -1.06911
-0.117 -1.06209
-0.116 -1.05487
-0.115 -1.04747
-0.114 -1.03987
-0.113 -1.03208
-0.112 -1.02411
-0.111 -1.01594
-0.11 -1.00758
-0.109 -0.999025
-0.108 -0.990285
-0.107 -0.981356
-0.106 -0.972239
-0.105 -0.962934
-0.104 -0.953442
-0.103 -0.943765
-0.102 -0.933903
-0.101 -0.923856
-0.1 -0.913627
-0.099 -0.903217
-0.098 -0.892626
-0.097 -0.881855
-0.096 -0.870907
-0.095 -0.859783
-0.094 -0.848483
-0.093 -0.83701
-0.092 -0.825366
-0.091 -0.813551
-0.09 -0.801568
-0.089 -0.789418
-0.088 -0.777104
-0.087 -0.764627
-0.086 -0.751989
-0.085 -0.739193
-0.084 -0.726239
-0.083 -0.713132
-0.082 -0.699872
-0.081 -0.686462
-0.08 -0.672905
-0.079 -0.659202
-0.078 -0.645357
-0.077 -0.631371
-0.076 -0.617248
-0.075 -0.60299
-0.074 -0.588599
-0.073 -0.574079
-0.072 -0.559432
-0.071 -0.54466
-0.07 -0.529768
-0.069 -0.514757
-0.068 -0.499631
-0.067 -0.484393
-0.066 -0.469045
-0.065 -0.453592
-0.064 -0.438035
-0.063 -0.422378
-0.062 -0.406625
-0.061 -0.390779
-0.06 -0.374842
-0.059 -0.358819
-0.058 -0.342712
-0.057 -0.326525
-0.056 -0.310262
-0.055 -0.293925
-0.054 -0.277519
-0.053 -0.261047
-0.052 -0.244512
-0.051 -0.227918
-0.05 -0.211269
-0.049 -0.194568
-0.048 -0.177819
-0.047 -0.161026
-0.046 -0.144191
-0.045 -0.12732
-0.044 -0.110415
-0.043 -0.0934808
-0.042 -0.0765204
-0.041 -0.0595378
-0.04 -0.0425367
-0.039 -0.0255211
-0.038 -0.00849453
-0.037 0.00853911
-0.036 0.0255761
-0.035 0.0426125
-0.034 0.0596447
-0.033 0.0766689
-0.032 0.0936812
-0.031 0.110678
-0.03 0.127655
-0.029 0.144609
-0.028 0.161536
-0.027 0.178433
-0.026 0.195294
-0.025 0.212118
-0.024 0.2289
-0.023 0.245636
-0.022 0.262323
-0.021 0.278956
-0.02 0.295533
-0.019 0.31205
-0.018 0.328503
-0.017 0.344888
-0.016 0.361202
-0.015 0.377441
-0.014 0.393602
-0.013 0.409682
-0.012 0.425676
-0.011 0.441582
-0.01 0.457396
-0.009 0.473115
-0.008 0.488735
-0.007 0.504253
-0.006 0.519665
-0.005 0.53497
-0.004 0.550163
-0.003 0.565241
-0.002 0.580201
-0.001 0.595041
0 0.609756
0.001 0.624345
0.002 0.638804
0.003 0.65313
0.004 0.667321
0.005 0.681374
0.006 0.695286
0.007 0.709054
0.008 0.722676
0.009 0.73615
0.01 0.749472
0.011 0.762641
0.012 0.775653
0.013 0.788507
0.014 0.801201
0.015 0.813732
0.016 0.826097
0.017 0.838296
0.018 0.850325
0.019 0.862183
0.02 0.873869
0.021 0.885379
0.022 0.896713
0.023 0.907869
0.024 0.918844
0.025 0.929638
0.026 0.940249
0.027 0.950676
0.028 0.960916
0.029 0.97097
0.03 0.980835
0.031 0.99051
0.032 0.999995
0.033 1.00929
0.034 1.01839
0.035 1.02729
0.036 1.03601
0.037 1.04452
0.038 1.05284
0.039 1.06097
0.04 1.0689
0.041 1.07663
0.042 1.08416
0.043 1.09149
0.044 1.09863
0.045 1.10557
0.046 1.1123
0.047 1.11884
0.048 1.12518
0.049 1.13132
0.05 1.13727
0.051 1.14301
0.052 1.14856
0.053 1.15391
0.054 1.15906
0.055 1.16402
0.056 1.16878
0.057 1.17334
0.058 1.17771
0.059 1.18188
0.06 1.18586
0.061 1.18965
0.062 1.19325
0.063 1.19666
0.064 1.19988
0.065 1.20291
0.066 1.20576
0.067 1.20842
0.068 1.21089
0.069 1.21318
0.07 1.21529
0.071 1.21723
0.072 1.21898
0.073 1.22056
0.074 1.22196
0.075 1.22319
0.076 1.22425
0.077 1.22514
0.078 1.22586
0.079 1.22642
0.08 1.22681
0.081 1.22704
0.082 1.22712
0.083 1.22703
0.084 1.22679
0.085 1.2264
0.086 1.22586
0.087 1.22518
0.088 1.22434
0.089 1.22336
0.09 1.22225
0.091 1.22099
0.092 1.2196
0.093 1.21808
0.094 1.21643
0.095 1.21465
0.096 1.21274
0.097 1.21071
0.098 1.20857
0.099 1.2063
0.1 1.20393
0.101 1.20144
0.102 1.19884
0.103 1.19614
0.104 1.19334
0.105 1.19044
0.106 1.18744
0.107 1.18435
0.108 1.18116
0.109 1.17789
0.11 1.17454
0.111 1.1711
0.112 1.16759
0.113 1.164
0.114 1.16034
0.115 1.15661
0.116 1.15281
0.117 1.14895
0.118 1.14503
0.119 1.14105
0.12 1.13702
0.121 1.13294
0.122 1.12881
0.123 1.12463
0.124 1.12042
0.125 1.11616
0.126 1.11187
0.127 1.10755
0.128 1.1032
0.129 1.09882
0.13 1.09441
0.131 1.08999
0.132 1.08555
0.133 1.0811
0.134 1.07663
0.135 1.07215
0.136 1.06767
0.137 1.06319
0.138 1.0587
0.139 1.05422
0.14 1.04974
0.141 1.04527
0.142 1.04081
0.143 1.03637
0.144 1.03194
0.145 1.02753
0.146 1.02314
0.147 1.01878
0.148 1.01444
0.149 1.01013
0.15 1.00585
0.151 1.00161
0.152 0.997402
0.153 0.993233
0.154 0.989105
0.155 0.98502
0.156 0.980981
0.157 0.976989
0.158 0.973047
0.159 0.969157
0.16 0.96532
0.161 0.961539
0.162 0.957816
0.163 0.954152
0.164 0.95055
0.165 0.947011
0.166 0.943536
0.167 0.940129
0.168 0.93679
0.169 0.93352
0.17 0.930322
0.171 0.927197
0.172 0.924146
0.173 0.921171
0.174 0.918273
0.175 0.915453
0.176 0.912712
0.177 0.910052
0.178 0.907473
0.179 0.904978
0.18 0.902566
0.181 0.900238
0.182 0.897996
0.183 0.895841
0.184 0.893772
0.185 0.891791
0.186 0.889898
0.187 0.888095
0.188 0.886381
0.189 0.884756
0.19 0.883222
0.191 0.881779
0.192 0.880427
0.193 0.879166
0.194 0.877996
0.195 0.876918
0.196 0.875932
0.197 0.875037
0.198 0.874233
0.199 0.873521
0.2 0.872901
0.201 0.872371
0.202 0.871932
0.203 0.871584
0.204 0.871326
0.205 0.871157
0.206 0.871078
0.207 0.871087
0.208 0.871185
0.209 0.87137
0.21 0.871642
0.211 0.871999
0.212 0.872442
0.213 0.87297
0.214 0.873581
0.215 0.874275
0.216 0.87505
0.217 0.875907
0.218 0.876842
0.219 0.877856
0.22 0.878948
0.221 0.880116
0.222 0.881358
0.223 0.882675
0.224 0.884064
0.225 0.885523
0.226 0.887053
0.227 0.88865
0.228 0.890315
0.229 0.892044
0.23 0.893837
0.231 0.895693
0.232 0.897609
0.233 0.899584
0.234 0.901617
0.235 0.903705
0.236 0.905847
0.237 0.908041
0.238 0.910286
0.239 0.91258
0.24 0.91492
0.241 0.917306
0.242 0.919735
0.243 0.922205
0.244 0.924715
0.245 0.927262
0.246 0.929845
0.247 0.932463
0.248 0.935112
0.249 0.937791
0.25 0.940498
0.251 0.943231
0.252 0.945988
0.253 0.948767
0.254 0.951566
0.255 0.954384
0.256 0.957217
0.257 0.960065
0.258 0.962925
0.259 0.965795
0.26 0.968674
0.261 0.971558
0.262 0.974447
0.263 0.977339
0.264 0.98023
0.265 0.98312
0.266 0.986006
0.267 0.988887
0.268 0.99176
0.269 0.994624
0.27 0.997476
0.271 1.00032
0.272 1.00314
0.273 1.00595
0.274 1.00874
0.275 1.01151
0.276 1.01425
0.277 1.01697
0.278 1.01967
0.279 1.02234
0.28 1.02498
0.281 1.02759
0.282 1.03016
0.283 1.0327
0.284 1.03521
0.285 1.03768
0.286 1.04011
0.287 1.0425
0.288 1.04484
0.289 1.04715
0.29 1.04941
0.291 1.05162
0.292 1.05379
0.293 1.05591
0.294 1.05797
0.295 1.05999
0.296 1.06195
0.297 1.06387
0.298 1.06572
0.299 1.06752
0.3 1.06927
0.301 1.07095
0.302 1.07258
0.303 1.07415
0.304 1.07566
0.305 1.07711
0.306 1.07849
0.307 1.07981
0.308 1.08107
0.309 1.08227
0.31 1.0834
0.311 1.08447
0.312 1.08547
0.313 1.0864
0.314 1.08727
0.315 1.08808
0.316 1.08881
0.317 1.08948
0.318 1.09008
0.319 1.09061
0.32 1.09108
0.321 1.09147
0.322 1.0918
0.323 1.09206
0.324 1.09226
0.325 1.09238
0.326 1.09244
0.327 1.09243
0.328 1.09236
0.329 1.09222
0.33 1.09201
0.331 1.09173
0.332 1.09139
0.333 1.09098
0.334 1.09051
0.335 1.08998
0.336 1.08938
0.337 1.08872
0.338 1.088
0.339 1.08721
0.34 1.08637
0.341 1.08546
0.342 1.0845
0.343 1.08348
0.344 1.0824
0.345 1.08126
0.346 1.08007
0.347 1.07883
0.348 1.07753
0.349 1.07618
0.35 1.07478
0.351 1.07333
0.352 1.07183
0.353 1.07028
0.354 1.06869
0.355 1.06705
0.356 1.06537
0.357 1.06365
0.358 1.06189
0.359 1.06009
0.36 1.05825
0.361 1.05637
0.362 1.05446
0.363 1.05251
0.364 1.05054
0.365 1.04853
0.366 1.0465
0.367 1.04443
0.368 1.04235
0.369 1.04023
0.37 1.0381
0.371 1.03594
0.372 1.03377
0.373 1.03158
0.374 1.02937
0.375 1.02715
0.376 1.02492
0.377 1.02267
0.378 1.02042
0.379 1.01816
0.38 1.01589
0.381 1.01362
0.382 1.01135
0.383 1.00907
0.384 1.0068
0.385 1.00453
0.386 1.00227
0.387 1.00001
0.388 0.997757
0.389 0.995515
0.39 0.993285
0.391 0.991067
0.392 0.988864
0.393 0.986677
0.394 0.984508
0.395 0.982357
0.396 0.980228
0.397 0.978121
0.398 0.976038
0.399 0.97398
0.4 0.971949
0.401 0.969947
0.402 0.967974
0.403 0.966032
0.404 0.964124
0.405 0.962249
0.406 0.960409
0.407 0.958606
0.408 0.956841
0.409 0.955116
0.41 0.95343
0.411 0.951787
0.412 0.950186
0.413 0.948629
0.414 0.947117
0.415 0.945651
0.416 0.944232
0.417 0.942861
0.418 0.94154
0.419 0.940268
0.42 0.939047
0.421 0.937878
0.422 0.936761
0.423 0.935697
0.424 0.934687
0.425 0.933732
0.426 0.932832
0.427 0.931988
0.428 0.9312
0.429 0.930469
0.43 0.929796
0.431 0.92918
0.432 0.928622
0.433 0.928122
0.434 0.927682
0.435 0.9273
0.436 0.926977
0.437 0.926713
0.438 0.926509
0.439 0.926364
0.44 0.926278
0.441 0.926252
0.442 0.926285
0.443 0.926377
0.444 0.926528
0.445 0.926738
0.446 0.927006
0.447 0.927333
0.448 0.927717
0.449 0.928158
0.45 0.928657
0.451 0.929212
0.452 0.929822
0.453 0.930488
0.454 0.931209
0.455 0.931983
0.456 0.932811
0.457 0.933691
0.458 0.934623
0.459 0.935606
0.46 0.93664
0.461 0.937722
0.462 0.938852
0.463 0.940029
0.464 0.941253
0.465 0.942522
0.466 0.943834
0.467 0.94519
0.468 0.946587
0.469 0.948025
0.47 0.949502
0.471 0.951017
0.472 0.952568
0.473 0.954155
0.474 0.955776
0.475 0.95743
0.476 0.959115
0.477 0.96083
0.478 0.962573
0.479 0.964343
0.48 0.966138
0.481 0.967957
0.482 0.969799
0.483 0.971661
0.484 0.973542
0.485 0.975441
0.486 0.977356
0.487 0.979286
0.488 0.981228
0.489 0.983181
0.49 0.985144
0.491 0.987114
0.492 0.989091
0.493 0.991072
0.494 0.993056
0.495 0.995041
0.496 0.997026
0.497 0.999008
0.498 1.00099
0.499 1.00296
0.5 1.00493
0.501 1.00688
0.502 1.00883
0.503 1.01076
0.504 1.01268
0.505 1.01459
0.506 1.01647
0.507 1.01834
0.508 1.02019
0.509 1.02202
0.51 1.02382
0.511 1.0256
0.512 1.02735
0.513 1.02908
0.514 1.03077
0.515 1.03244
0.516 1.03407
0.517 1.03567
0.518 1.03723
0.519 1.03876
0.52 1.04024
0.521 1.04169
0.522 1.04311
0.523 1.04447
0.524 1.0458
0.525 1.04708
0.526 1.04832
0.527 1.04951
0.528 1.05066
0.529 1.05176
0.53 1.0528
0.531 1.0538
0.532 1.05475
0.533 1.05565
0.534 1.05649
0.535 1.05729
0.536 1.05803
0.537 1.05871
0.538 1.05934
0.539 1.05992
0.54 1.06043
0.541 1.0609
0.542 1.0613
0.543 1.06165
0.544 1.06195
0.545 1.06218
0.546 1.06236
0.547 1.06248
0.548 1.06254
0.549 1.06255
0.55 1.06249
0.551 1.06238
0.552 1.06221
0.553 1.06199
0.554 1.0617
0.555 1.06136
0.556 1.06096
0.557 1.06051
0.558 1.06
0.559 1.05944
0.56 1.05882
0.561 1.05815
0.562 1.05742
0.563 1.05664
0.564 1.05581
0.565 1.05492
0.566 1.05399
0.567 1.05301
0.568 1.05198
0.569 1.0509
0.57 1.04977
0.571 1.0486
0.572 1.04738
0.573 1.04612
0.574 1.04482
0.575 1.04348
0.576 1.0421
0.577 1.04068
0.578 1.03922
0.579 1.03773
0.58 1.0362
0.581 1.03465
0.582 1.03306
0.583 1.03144
0.584 1.02979
0.585 1.02811
0.586 1.02642
0.587 1.02469
0.588 1.02295
0.589 1.02119
0.59 1.01941
0.591 1.01761
0.592 1.0158
0.593 1.01397
0.594 1.01214
0.595 1.01029
0.596 1.00844
0.597 1.00658
0.598 1.00472
0.599 1.00286
0.6 1.001
0.601 0.999137
0.602 0.99728
0.603 0.995429
0.604 0.993585
0.605 0.99175
0.606 0.989927
0.607 0.988117
0.608 0.986321
0.609 0.984543
0.61 0.982783
0.611 0.981043
0.612 0.979325
0.613 0.977631
0.614 0.975963
0.615 0.974322
0.616 0.972711
0.617 0.97113
0.618 0.969581
0.619 0.968066
0.62 0.966587
0.621 0.965145
0.622 0.963742
0.623 0.962379
0.624 0.961057
0.625 0.959779
0.626 0.958544
0.627 0.957356
0.628 0.956214
0.629 0.955121
0.63 0.954077
0.631 0.953084
0.632 0.952142
0.633 0.951253
0.634 0.950417
0.635 0.949637
0.636 0.948911
0.637 0.948242
0.638 0.94763
0.639 0.947076
0.64 0.94658
0.641 0.946144
0.642 0.945767
0.643 0.945449
0.644 0.945193
0.645 0.944997
0.646 0.944862
0.647 0.944788
0.648 0.944776
0.649 0.944825
0.65 0.944936
0.651 0.945108
0.652 0.945341
0.653 0.945636
0.654 0.945991
0.655 0.946407
0.656 0.946883
0.657 0.947418
0.658 0.948013
0.659 0.948666
0.66 0.949377
0.661 0.950145
0.662 0.950969
0.663 0.951849
0.664 0.952784
0.665 0.953771
0.666 0.954812
0.667 0.955903
0.668 0.957045
0.669 0.958236
0.67 0.959474
0.671 0.960759
0.672 0.962088
0.673 0.96346
0.674 0.964875
0.675 0.966329
0.676 0.967822
0.677 0.969352
0.678 0.970916
0.679 0.972514
0.68 0.974144
0.681 0.975803
0.682 0.977489
0.683 0.979202
0.684 0.980937
0.685 0.982695
0.686 0.984472
0.687 0.986266
0.688 0.988075
0.689 0.989898
0.69 0.991731
0.691 0.993573
0.692 0.995421
0.693 0.997274
0.694 0.999128
0.695 1.00098
0.696 1.00283
0.697 1.00468
0.698 1.00652
0.699 1.00835
0.7 1.01017
0.701 1.01197
0.702 1.01375
0.703 1.01552
0.704 1.01727
0.705 1.01899
0.706 1.02069
0.707 1.02236
0.708 1.024
0.709 1.02561
0.71 1.02718
0.711 1.02872
0.712 1.03022
0.713 1.03167
0.714 1.03309
0.715 1.03446
0.716 1.03578
0.717 1.03706
0.718 1.03829
0.719 1.03946
0.72 1.04058
0.721 1.04165
0.722 1.04266
0.723 1.04361
0.724 1.0445
0.725 1.04533
0.726 1.0461
0.727 1.04681
0.728 1.04745
0.729 1.04803
0.73 1.04853
0.731 1.04898
0.732 1.04935
0.733 1.04966
0.734 1.04989
0.735 1.05006
0.736 1.05015
0.737 1.05018
0.738 1.05013
0.739 1.05001
0.74 1.04983
0.741 1.04957
0.742 1.04924
0.743 1.04884
0.744 1.04836
0.745 1.04782
0.746 1.04721
0.747 1.04654
0.748 1.04579
0.749 1.04498
0.75 1.0441
0.751 1.04315
0.752 1.04215
0.753 1.04108
0.754 1.03994
0.755 1.03875
0.756 1.03751
0.757 1.0362
0.758 1.03484
0.759 1.03343
0.76 1.03197
0.761 1.03046
0.762 1.0289
0.763 1.0273
0.764 1.02565
0.765 1.02397
0.766 1.02225
0.767 1.02049
0.768 1.01871
0.769 1.01689
0.77 1.01505
0.771 1.01318
0.772 1.01129
0.773 1.00938
0.774 1.00746
0.775 1.00553
0.776 1.00359
0.777 1.00164
0.778 0.999689
0.779 0.997739
0.78 0.995792
0.781 0.993851
0.782 0.991921
0.783 0.990004
0.784 0.988103
0.785 0.986222
0.786 0.984364
0.787 0.982532
0.788 0.98073
0.789 0.978959
0.79 0.977225
0.791 0.975529
0.792 0.973874
0.793 0.972265
0.794 0.970703
0.795 0.969193
0.796 0.967735
0.797 0.966334
0.798 0.964993
0.799 0.963713
0.8 0.962497
0.801 0.961348
0.802 0.960269
0.803 0.959261
0.804 0.958326
0.805 0.957467
0.806 0.956686
0.807 0.955984
0.808 0.955364
0.809 0.954826
0.81 0.954372
0.811 0.954004
0.812 0.953722
0.813 0.953528
0.814 0.953422
0.815 0.953405
0.816 0.953478
0.817 0.953641
0.818 0.953894
0.819 0.954238
0.82 0.954671
0.821 0.955194
0.822 0.955806
0.823 0.956506
0.824 0.957294
0.825 0.958169
0.826 0.959129
0.827 0.960172
0.828 0.961298
0.829 0.962505
0.83 0.96379
0.831 0.965151
0.832 0.966586
0.833 0.968093
0.834 0.969669
0.835 0.97131
0.836 0.973014
0.837 0.974778
0.838 0.976598
0.839 0.978471
0.84 0.980393
0.841 0.98236
0.842 0.984368
0.843 0.986413
0.844 0.988491
0.845 0.990597
0.846 0.992727
0.847 0.994876
0.848 0.997039
0.849 0.999212
0.85 1.00139
0.851 1.00357
0.852 1.00574
0.853 1.0079
0.854 1.01005
0.855 1.01217
0.856 1.01427
0.857 1.01634
0.858 1.01837
0.859 1.02036
0.86 1.0223
0.861 1.02419
0.862 1.02602
0.863 1.02779
0.864 1.0295
0.865 1.03113
0.866 1.03268
0.867 1.03415
0.868 1.03554
0.869 1.03683
0.87 1.03803
0.871 1.03913
0.872 1.04013
0.873 1.04102
0.874 1.04181
0.875 1.04248
0.876 1.04303
0.877 1.04347
0.878 1.04378
0.879 1.04397
0.88 1.04404
0.881 1.04398
0.882 1.0438
0.883 1.04349
0.884 1.04304
0.885 1.04247
0.886 1.04178
0.887 1.04095
0.888 1.04
0.889 1.03892
0.89 1.03772
0.891 1.0364
0.892 1.03497
0.893 1.03342
0.894 1.03175
0.895 1.02998
0.896 1.02811
0.897 1.02614
0.898 1.02408
0.899 1.02193
0.9 1.0197
0.901 1.0174
0.902 1.01503
0.903 1.0126
0.904 1.01012
0.905 1.00759
0.906 1.00503
0.907 1.00244
0.908 0.999833
0.909 0.997218
0.91 0.994603
0.911 0.991999
0.912 0.989416
0.913 0.986863
0.914 0.984351
0.915 0.981891
0.916 0.979494
0.917 0.977168
0.918 0.974926
0.919 0.972777
0.92 0.970733
0.921 0.968802
0.922 0.966996
0.923 0.965324
0.924 0.963796
0.925 0.96242
0.926 0.961207
0.927 0.960163
0.928 0.959298
0.929 0.958618
0.93 0.95813
0.931 0.95784
0.932 0.957753
0.933 0.957873
0.934 0.958205
0.935 0.958751
0.936 0.959513
0.937 0.96049
0.938 0.961683
0.939 0.96309
0.94 0.964708
0.941 0.966533
0.942 0.96856
0.943 0.970781
0.944 0.973188
0.945 0.975772
0.946 0.978522
0.947 0.981425
0.948 0.984466
0.949 0.987631
0.95 0.990902
0.951 0.99426
0.952 0.997686
0.953 1.00116
0.954 1.00465
0.955 1.00814
0.956 1.01161
0.957 1.01502
0.958 1.01835
0.959 1.02157
0.96 1.02464
0.961 1.02755
0.962 1.03025
0.963 1.03273
0.964 1.03494
0.965 1.03685
0.966 1.03844
0.967 1.03968
0.968 1.04054
0.969 1.04099
0.97 1.04101
0.971 1.04058
0.972 1.03969
0.973 1.03831
0.974 1.03644
0.975 1.03407
0.976 1.03121
0.977 1.02787
0.978 1.02406
0.979 1.01981
0.98 1.01516
0.981 1.01014
0.982 1.00483
0.983 0.999288
0.984 0.993606
0.985 0.987886
0.986 0.98225
0.987 0.97684
0.988 0.971817
0.989 0.96737
0.99 0.963708
0.991 0.961073
0.992 0.959733
0.993 0.959992
0.994 0.962187
0.995 0.966695
0.996 0.973933
0.997 0.984362
0.998 0.998492
0.999 1.01688
1 1.04015
