-1 1.9823
-0.999 1.97877
-0.998 1.97524
-0.997 1.97171
-0.996 1.96819
-0.995 1.96467
-0.994 1.96115
-0.993 1.95764
-0.992 1.95412
-0.991 1.95061
-0.99 1.94711
-0.989 1.9436
-0.988 1.9401
-0.987 1.9366
-0.986 1.9331
-0.985 1.92961
-0.984 1.92612
-0.983 1.92263
-0.982 1.91915
-0.981 1.91566
-0.98 1.91218
-0.979 1.90871
-0.978 1.90523
-0.977 1.90176
-0.976 1.89829
-0.975 1.89483
-0.974 1.89136
-0.973 1.8879
-0.972 1.88444
-0.971 1.88099
-0.97 1.87754
-0.969 1.87409
-0.968 1.87064
-0.967 1.8672
-0.966 1.86376
-0.965 1.86032
-0.964 1.85688
-0.963 1.85345
-0.962 1.85002
-0.961 1.84659
-0.96 1.84317
-0.959 1.83975
-0.958 1.83633
-0.957 1.83291
-0.956 1.8295
-0.955 1.82609
-0.954 1.82268
-0.953 1.81928
-0.952 1.81588
-0.951 1.81248
-0.95 1.80908
-0.949 1.80569
-0.948 1.8023
-0.947 1.79891
-0.946 1.79553
-0.945 1.79215
-0.944 1.78877
-0.943 1.78539
-0.942 1.78202
-0.941 1.77865
-0.94 1.77528
-0.939 1.77192
-0.938 1.76856
-0.937 1.7652
-0.936 1.76184
-0.935 1.75849
-0.934 1.75514
-0.933 1.75179
-0.932 1.74845
-0.931 1.7451
-0.93 1.74177
-0.929 1.73843
-0.928 1.7351
-0.927 1.73177
-0.926 1.72844
-0.925 1.72512
-0.924 1.72179
-0.923 1.71848
-0.922 1.71516
-0.921 1.71185
-0.92 1.70854
-0.919 1.70523
-0.918 1.70193
-0.917 1.69863
-0.916 1.69533
-0.915 1.69203
-0.914 1.68874
-0.913 1.68545
-0.912 1.68216
-0.911 1.67888
-0.91 1.6756
-0.909 1.67232
-0.908 1.66905
-0.907 1.66578
-0.906 1.66251
-0.905 1.65924
-0.904 1.65598
-0.903 1.65272
-0.902 1.64946
-0.901 1.64621
-0.9 1.64296
-0.899 1.63971
-0.898 1.63646
-0.897 1.63322
-0.896 1.62998
-0.895 1.62674
-0.894 1.62351
-0.893 1.62028
-0.892 1.61705
-0.891 1.61383
-0.89 1.61061
-0.889 1.60739
-0.888 1.60417
-0.887 1.60096
-0.886 1.59775
-0.885 1.59454
-0.884 1.59134
-0.883 1.58814
-0.882 1.58494
-0.881 1.58175
-0.88 1.57855
-0.879 1.57536
-0.878 1.57218
-0.877 1.569
-0.876 1.56582
-0.875 1.56264
-0.874 1.55947
-0.873 1.5563
-0.872 1.55313
-0.871 1.54996
-0.87 1.5468
-0.869 1.54364
-0.868 1.54049
-0.867 1.53733
-0.866 1.53418
-0.865 1.53104
-0.864 1.52789
-0.863 1.52475
-0.862 1.52162
-0.861 1.51848
-0.86 1.51535
-0.859 1.51222
-0.858 1.5091
-0.857 1.50597
-0.856 1.50285
-0.855 1.49974
-0.854 1.49662
-0.853 1.49351
-0.852 1.49041
-0.851 1.4873
-0.85 1.4842
-0.849 1.4811
-0.848 1.47801
-0.847 1.47492
-0.846 1.47183
-0.845 1.46874
-0.844 1.46566
-0.843 1.46258
-0.842 1.4595
-0.841 1.45643
-0.84 1.45336
-0.839 1.45029
-0.838 1.44723
-0.837 1.44417
-0.836 1.44111
-0.835 1.43805
-0.834 1.435
-0.833 1.43195
-0.832 1.42891
-0.831 1.42586
-0.83 1.42282
-0.829 1.41979
-0.828 1.41675
-0.827 1.41372
-0.826 1.4107
-0.825 1.40767
-0.824 1.40465
-0.823 1.40163
-0.822 1.39862
-0.821 1.39561
-0.82 1.3926
-0.819 1.38959
-0.818 1.38659
-0.817 1.38359
-0.816 1.3806
-0.815 1.3776
-0.814 1.37461
-0.813 1.37163
-0.812 1.36864
-0.811 1.36566
-0.81 1.36269
-0.809 1.35971
-0.808 1.35674
-0.807 1.35377
-0.806 1.35081
-0.805 1.34785
-0.804 1.34489
-0.803 1.34193
-0.802 1.33898
-0.801 1.33603
-0.8 1.33309
-0.799 1.33014
-0.798 1.3272
-0.797 1.32427
-0.796 1.32134
-0.795 1.31841
-0.794 1.31548
-0.793 1.31256
-0.792 1.30963
-0.791 1.30672
-0.79 1.3038
-0.789 1.30089
-0.788 1.29798
-0.787 1.29508
-0.786 1.29218
-0.785 1.28928
-0.784 1.28639
-0.783 1.28349
-0.782 1.28061
-0.781 1.27772
-0.78 1.27484
-0.779 1.27196
-0.778 1.26908
-0.777 1.26621
-0.776 1.26334
-0.775 1.26047
-0.774 1.25761
-0.773 1.25475
-0.772 1.2519
-0.771 1.24904
-0.77 1.24619
-0.769 1.24334
-0.768 1.2405
-0.767 1.23766
-0.766 1.23482
-0.765 1.23199
-0.764 1.22916
-0.763 1.22633
-0.762 1.22351
-0.761 1.22069
-0.76 1.21787
-0.759 1.21505
-0.758 1.21224
-0.757 1.20943
-0.756 1.20663
-0.755 1.20383
-0.754 1.20103
-0.753 1.19823
-0.752 1.19544
-0.751 1.19265
-0.75 1.18987
-0.749 1.18708
-0.748 1.18431
-0.747 1.18153
-0.746 1.17876
-0.745 1.17599
-0.744 1.17322
-0.743 1.17046
-0.742 1.1677
-0.741 1.16494
-0.74 1.16219
-0.739 1.15944
-0.738 1.15669
-0.737 1.15395
-0.736 1.15121
-0.735 1.14848
-0.734 1.14574
-0.733 1.14301
-0.732 1.14029
-0.731 1.13756
-0.73 1.13484
-0.729 1.13213
-0.728 1.12941
-0.727 1.1267
-0.726 1.12399
-0.725 1.12129
-0.724 1.11859
-0.723 1.11589
-0.722 1.1132
-0.721 1.11051
-0.72 1.10782
-0.719 1.10514
-0.718 1.10246
-0.717 1.09978
-0.716 1.09711
-0.715 1.09444
-0.714 1.09177
-0.713 1.08911
-0.712 1.08644
-0.711 1.08379
-0.71 1.08113
-0.709 1.07848
-0.708 1.07584
-0.707 1.07319
-0.706 1.07055
-0.705 1.06791
-0.704 1.06528
-0.703 1.06265
-0.702 1.06002
-0.701 1.0574
-0.7 1.05478
-0.699 1.05216
-0.698 1.04955
-0.697 1.04693
-0.696 1.04433
-0.695 1.04172
-0.694 1.03912
-0.693 1.03653
-0.692 1.03393
-0.691 1.03134
-0.69 1.02875
-0.689 1.02617
-0.688 1.02359
-0.687 1.02101
-0.686 1.01844
-0.685 1.01587
-0.684 1.0133
-0.683 1.01074
-0.682 1.00818
-0.681 1.00562
-0.68 1.00307
-0.679 1.00052
-0.678 0.99797
-0.677 0.995427
-0.676 0.992887
-0.675 0.99035
-0.674 0.987817
-0.673 0.985287
-0.672 0.982761
-0.671 0.980238
-0.67 0.977718
-0.669 0.975202
-0.668 0.972689
-0.667 0.970179
-0.666 0.967673
-0.665 0.965171
-0.664 0.962671
-0.663 0.960175
-0.662 0.957683
-0.661 0.955194
-0.66 0.952708
-0.659 0.950226
-0.658 0.947747
-0.657 0.945272
-0.656 0.9428
-0.655 0.940331
-0.654 0.937866
-0.653 0.935404
-0.652 0.932946
-0.651 0.930491
-0.65 0.928039
-0.649 0.925591
-0.648 0.923146
-0.647 0.920705
-0.646 0.918267
-0.645 0.915833
-0.644 0.913402
-0.643 0.910974
-0.642 0.90855
-0.641 0.90613
-0.64 0.903712
-0.639 0.901299
-0.638 0.898888
-0.637 0.896481
-0.636 0.894078
-0.635 0.891678
-0.634 0.889281
-0.633 0.886888
-0.632 0.884499
-0.631 0.882112
-0.63 0.87973
-0.629 0.87735
-0.628 0.874974
-0.627 0.872602
-0.626 0.870233
-0.625 0.867868
-0.624 0.865506
-0.623 0.863147
-0.622 0.860792
-0.621 0.858441
-0.62 0.856092
-0.619 0.853748
-0.618 0.851407
-0.617 0.849069
-0.616 0.846735
-0.615 0.844404
-0.614 0.842077
-0.613 0.839753
-0.612 0.837432
-0.611 0.835116
-0.61 0.832802
-0.609 0.830492
-0.608 0.828186
-0.607 0.825883
-0.606 0.823584
-0.605 0.821288
-0.604 0.818995
-0.603 0.816707
-0.602 0.814421
-0.601 0.812139
-0.6 0.809861
-0.599 0.807586
-0.598 0.805314
-0.597 0.803047
-0.596 0.800782
-0.595 0.798521
-0.594 0.796264
-0.593 0.79401
-0.592 0.79176
-0.591 0.789513
-0.59 0.787269
-0.589 0.785029
-0.588 0.782793
-0.587 0.78056
-0.586 0.778331
-0.585 0.776105
-0.584 0.773883
-0.583 0.771664
-0.582 0.769449
-0.581 0.767237
-0.58 0.765029
-0.579 0.762825
-0.578 0.760624
-0.577 0.758426
-0.576 0.756232
-0.575 0.754042
-0.574 0.751855
-0.573 0.749671
-0.572 0.747491
-0.571 0.745315
-0.57 0.743142
-0.569 0.740973
-0.568 0.738807
-0.567 0.736645
-0.566 0.734487
-0.565 0.732332
-0.564 0.73018
-0.563 0.728032
-0.562 0.725888
-0.561 0.723747
-0.56 0.72161
-0.559 0.719476
-0.558 0.717346
-0.557 0.715219
-0.556 0.713096
-0.555 0.710977
-0.554 0.708861
-0.553 0.706748
-0.552 0.70464
-0.551 0.702534
-0.55 0.700433
-0.549 0.698335
-0.548 0.69624
-0.547 0.694149
-0.546 0.692062
-0.545 0.689978
-0.544 0.687898
-0.543 0.685821
-0.542 0.683748
-0.541 0.681679
-0.54 0.679613
-0.539 0.677551
-0.538 0.675492
-0.537 0.673437
-0.536 0.671385
-0.535 0.669338
-0.534 0.667293
-0.533 0.665252
-0.532 0.663215
-0.531 0.661182
-0.53 0.659152
-0.529 0.657125
-0.528 0.655103
-0.527 0.653083
-0.526 0.651068
-0.525 0.649056
-0.524 0.647048
-0.523 0.645043
-0.522 0.643042
-0.521 0.641044
-0.52 0.63905
-0.519 0.63706
-0.518 0.635073
-0.517 0.63309
-0.516 0.63111
-0.515 0.629135
-0.514 0.627162
-0.513 0.625194
-0.512 0.623229
-0.511 0.621267
-0.51 0.61931
-0.509 0.617355
-0.508 0.615405
-0.507 0.613458
-0.506 0.611515
-0.505 0.609575
-0.504 0.607639
-0.503 0.605707
-0.502 0.603778
-0.501 0.601853
-0.5 0.599931
-0.499 0.598013
-0.498 0.596099
-0.497 0.594189
-0.496 0.592282
-0.495 0.590378
-0.494 0.588479
-0.493 0.586583
-0.492 0.58469
-0.491 0.582802
-0.49 0.580917
-0.489 0.579035
-0.488 0.577157
-0.487 0.575283
-0.486 0.573413
-0.485 0.571546
-0.484 0.569683
-0.483 0.567823
-0.482 0.565967
-0.481 0.564115
-0.48 0.562267
-0.479 0.560422
-0.478 0.55858
-0.477 0.556743
-0.476 0.554909
-0.475 0.553079
-0.474 0.551252
-0.473 0.549429
-0.472 0.54761
-0.471 0.545794
-0.47 0.543982
-0.469 0.542174
-0.468 0.54037
-0.467 0.538569
-0.466 0.536772
-0.465 0.534978
-0.464 0.533188
-0.463 0.531402
-0.462 0.529619
-0.461 0.527841
-0.46 0.526065
-0.459 0.524294
-0.458 0.522526
-0.457 0.520762
-0.456 0.519002
-0.455 0.517245
-0.454 0.515492
-0.453 0.513743
-0.452 0.511997
-0.451 0.510255
-0.45 0.508517
-0.449 0.506782
-0.448 0.505051
-0.447 0.503324
-0.446 0.501601
-0.445 0.499881
-0.444 0.498165
-0.443 0.496452
-0.442 0.494744
-0.441 0.493039
-0.44 0.491337
-0.439 0.48964
-0.438 0.487946
-0.437 0.486256
-0.436 0.484569
-0.435 0.482886
-0.434 0.481207
-0.433 0.479532
-0.432 0.47786
-0.431 0.476193
-0.43 0.474528
-0.429 0.472868
-0.428 0.471211
-0.427 0.469558
-0.426 0.467909
-0.425 0.466263
-0.424 0.464621
-0.423 0.462983
-0.422 0.461349
-0.421 0.459718
-0.42 0.458091
-0.419 0.456468
-0.418 0.454848
-0.417 0.453232
-0.416 0.45162
-0.415 0.450012
-0.414 0.448407
-0.413 0.446806
-0.412 0.445209
-0.411 0.443616
-0.41 0.442026
-0.409 0.44044
-0.408 0.438858
-0.407 0.437279
-0.406 0.435704
-0.405 0.434133
-0.404 0.432566
-0.403 0.431003
-0.402 0.429443
-0.401 0.427887
-0.4 0.426335
-0.399 0.424786
-0.398 0.423241
-0.397 0.4217
-0.396 0.420163
-0.395 0.418629
-0.394 0.417099
-0.393 0.415573
-0.392 0.414051
-0.391 0.412532
-0.39 0.411018
-0.389 0.409507
-0.388 0.407999
-0.387 0.406496
-0.386 0.404996
-0.385 0.4035
-0.384 0.402008
-0.383 0.400519
-0.382 0.399035
-0.381 0.397554
-0.38 0.396076
-0.379 0.394603
-0.378 0.393133
-0.377 0.391667
-0.376 0.390205
-0.375 0.388747
-0.374 0.387292
-0.373 0.385841
-0.372 0.384394
-0.371 0.382951
-0.37 0.381512
-0.369 0.380076
-0.368 0.378644
-0.367 0.377216
-0.366 0.375791
-0.365 0.374371
-0.364 0.372954
-0.363 0.371541
-0.362 0.370131
-0.361 0.368726
-0.36 0.367324
-0.359 0.365926
-0.358 0.364532
-0.357 0.363141
-0.356 0.361755
-0.355 0.360372
-0.354 0.358993
-0.353 0.357618
-0.352 0.356246
-0.351 0.354879
-0.35 0.353515
-0.349 0.352155
-0.348 0.350798
-0.347 0.349446
-0.346 0.348097
-0.345 0.346752
-0.344 0.345411
-0.343 0.344074
-0.342 0.34274
-0.341 0.341411
-0.34 0.340085
-0.339 0.338763
-0.338 0.337444
-0.337 0.33613
-0.336 0.334819
-0.335 0.333512
-0.334 0.332209
-0.333 0.33091
-0.332 0.329614
-0.331 0.328323
-0.33 0.327035
-0.329 0.325751
-0.328 0.32447
-0.327 0.323194
-0.326 0.321921
-0.325 0.320652
-0.324 0.319387
-0.323 0.318126
-0.322 0.316869
-0.321 0.315615
-0.32 0.314365
-0.319 0.313119
-0.318 0.311877
-0.317 0.310639
-0.316 0.309404
-0.315 0.308174
-0.314 0.306947
-0.313 0.305724
-0.312 0.304505
-0.311 0.303289
-0.31 0.302078
-0.309 0.30087
-0.308 0.299666
-0.307 0.298466
-0.306 0.29727
-0.305 0.296077
-0.304 0.294888
-0.303 0.293704
-0.302 0.292523
-0.301 0.291346
-0.3 0.290172
-0.299 0.289003
-0.298 0.287837
-0.297 0.286675
-0.296 0.285517
-0.295 0.284363
-0.294 0.283213
-0.293 0.282066
-0.292 0.280924
-0.291 0.279785
-0.29 0.27865
-0.289 0.277519
-0.288 0.276392
-0.287 0.275268
-0.286 0.274149
-0.285 0.273033
-0.284 0.271921
-0.283 0.270813
-0.282 0.269709
-0.281 0.268608
-0.28 0.267512
-0.279 0.266419
-0.278 0.26533
-0.277 0.264245
-0.276 0.263164
-0.275 0.262087
-0.274 0.261013
-0.273 0.259944
-0.272 0.258878
-0.271 0.257816
-0.27 0.256758
-0.269 0.255704
-0.268 0.254653
-0.267 0.253607
-0.266 0.252564
-0.265 0.251525
-0.264 0.25049
-0.263 0.249459
-0.262 0.248432
-0.261 0.247409
-0.26 0.246389
-0.259 0.245374
-0.258 0.244362
-0.257 0.243354
-0.256 0.24235
-0.255 0.24135
-0.254 0.240353
-0.253 0.239361
-0.252 0.238372
-0.251 0.237387
-0.25 0.236406
-0.249 0.235429
-0.248 0.234456
-0.247 0.233487
-0.246 0.232522
-0.245 0.23156
-0.244 0.230602
-0.243 0.229648
-0.242 0.228698
-0.241 0.227752
-0.24 0.22681
-0.239 0.225872
-0.238 0.224937
-0.237 0.224007
-0.236 0.22308
-0.235 0.222157
-0.234 0.221238
-0.233 0.220323
-0.232 0.219412
-0.231 0.218504
-0.23 0.217601
-0.229 0.216701
-0.228 0.215806
-0.227 0.214914
-0.226 0.214026
-0.225 0.213142
-0.224 0.212261
-0.223 0.211385
-0.222 0.210513
-0.221 0.209644
-0.22 0.208779
-0.219 0.207919
-0.218 0.207062
-0.217 0.206209
-0.216 0.205359
-0.215 0.204514
-0.214 0.203673
-0.213 0.202835
-0.212 0.202002
-0.211 0.201172
-0.21 0.200346
-0.209 0.199524
-0.208 0.198706
-0.207 0.197892
-0.206 0.197082
-0.205 0.196275
-0.204 0.195473
-0.203 0.194674
-0.202 0.193879
-0.201 0.193088
-0.2 0.192301
-0.199 0.191518
-0.198 0.190739
-0.197 0.189964
-0.196 0.189193
-0.195 0.188425
-0.194 0.187662
-0.193 0.186902
-0.192 0.186146
-0.191 0.185394
-0.19 0.184646
-0.189 0.183902
-0.188 0.183162
-0.187 0.182425
-0.186 0.181693
-0.185 0.180965
-0.184 0.18024
-0.183 0.179519
-0.182 0.178802
-0.181 0.178089
-0.18 0.17738
-0.179 0.176675
-0.178 0.175974
-0.177 0.175277
-0.176 0.174583
-0.175 0.173894
-0.174 0.173208
-0.173 0.172527
-0.172 0.171849
-0.171 0.171175
-0.17 0.170505
-0.169 0.169839
-0.168 0.169177
-0.167 0.168518
-0.166 0.167864
-0.165 0.167214
-0.164 0.166567
-0.163 0.165924
-0.162 0.165286
-0.161 0.164651
-0.16 0.16402
-0.159 0.163393
-0.158 0.16277
-0.157 0.162151
-0.156 0.161536
-0.155 0.160924
-0.154 0.160317
-0.153 0.159713
-0.152 0.159114
-0.151 0.158518
-0.15 0.157926
-0.149 0.157338
-0.148 0.156754
-0.147 0.156174
-0.146 0.155598
-0.145 0.155026
-0.144 0.154458
-0.143 0.153893
-0.142 0.153333
-0.141 0.152776
-0.14 0.152224
-0.139 0.151675
-0.138 0.15113
-0.137 0.150589
-0.136 0.150052
-0.135 0.149519
-0.134 0.14899
-0.133 0.148465
-0.132 0.147944
-0.131 0.147426
-0.13 0.146913
-0.129 0.146403
-0.128 0.145898
-0.127 0.145396
-0.126 0.144898
-0.125 0.144405
-0.124 0.143915
-0.123 0.143429
-0.122 0.142947
-0.121 0.142468
-0.12 0.141994
-0.119 0.141524
-0.118 0.141058
-0.117 0.140595
-0.116 0.140137
-0.115 0.139682
-0.114 0.139231
-0.113 0.138785
-0.112 0.138342
-0.111 0.137903
-0.11 0.137468
-0.109 0.137037
-0.108 0.13661
-0.107 0.136186
-0.106 0.135767
-0.105 0.135352
-0.104 0.13494
-0.103 0.134533
-0.102 0.134129
-0.101 0.13373
-0.1 0.133334
-0.099 0.132942
-0.098 0.132555
-0.097 0.132171
-0.096 0.131791
-0.095 0.131415
-0.094 0.131043
-0.093 0.130674
-0.092 0.13031
-0.091 0.12995
-0.09 0.129593
-0.089 0.129241
-0.088 0.128892
-0.087 0.128548
-0.086 0.128207
-0.085 0.12787
-0.084 0.127538
-0.083 0.127209
-0.082 0.126884
-0.081 0.126563
-0.08 0.126246
-0.079 0.125933
-0.078 0.125623
-0.077 0.125318
-0.076 0.125017
-0.075 0.124719
-0.074 0.124426
-0.073 0.124136
-0.072 0.123851
-0.071 0.123569
-0.07 0.123291
-0.069 0.123018
-0.068 0.122748
-0.067 0.122482
-0.066 0.12222
-0.065 0.121962
-0.064 0.121708
-0.063 0.121458
-0.062 0.121211
-0.061 0.120969
-0.06 0.120731
-0.059 0.120496
-0.058 0.120266
-0.057 0.120039
-0.056 0.119817
-0.055 0.119598
-0.054 0.119383
-0.053 0.119172
-0.052 0.118966
-0.051 0.118763
-0.05 0.118564
-0.049 0.118369
-0.048 0.118177
-0.047 0.11799
-0.046 0.117807
-0.045 0.117628
-0.044 0.117452
-0.043 0.117281
-0.042 0.117114
-0.041 0.11695
-0.04 0.11679
-0.039 0.116635
-0.038 0.116483
-0.037 0.116335
-0.036 0.116191
-0.035 0.116051
-0.034 0.115916
-0.033 0.115784
-0.032 0.115655
-0.031 0.115531
-0.03 0.115411
-0.029 0.115295
-0.028 0.115183
-0.027 0.115074
-0.026 0.11497
-0.025 0.114869
-0.024 0.114773
-0.023 0.11468
-0.022 0.114591
-0.021 0.114507
-0.02 0.114426
-0.019 0.114349
-0.018 0.114276
-0.017 0.114207
-0.016 0.114142
-0.015 0.114081
-0.014 0.114024
-0.013 0.113971
-0.012 0.113921
-0.011 0.113876
-0.01 0.113835
-0.009 0.113797
-0.008 0.113764
-0.007 0.113734
-0.006 0.113709
-0.005 0.113687
-0.004 0.113669
-0.003 0.113655
-0.002 0.113645
-0.001 0.11364
0 0.113638
0.001 0.11364
0.002 0.113645
0.003 0.113655
0.004 0.113669
0.005 0.113687
0.006 0.113709
0.007 0.113734
0.008 0.113764
0.009 0.113797
0.01 0.113835
0.011 0.113876
0.012 0.113921
0.013 0.113971
0.014 0.114024
0.015 0.114081
0.016 0.114142
0.017 0.114207
0.018 0.114276
0.019 0.114349
0.02 0.114426
0.021 0.114507
0.022 0.114591
0.023 0.11468
0.024 0.114773
0.025 0.114869
0.026 0.11497
0.027 0.115074
0.028 0.115183
0.029 0.115295
0.03 0.115411
0.031 0.115531
0.032 0.115655
0.033 0.115784
0.034 0.115916
0.035 0.116051
0.036 0.116191
0.037 0.116335
0.038 0.116483
0.039 0.116635
0.04 0.11679
0.041 0.11695
0.042 0.117114
0.043 0.117281
0.044 0.117452
0.045 0.117628
0.046 0.117807
0.047 0.11799
0.048 0.118177
0.049 0.118369
0.05 0.118564
0.051 0.118763
0.052 0.118966
0.053 0.119172
0.054 0.119383
0.055 0.119598
0.056 0.119817
0.057 0.120039
0.058 0.120266
0.059 0.120496
0.06 0.120731
0.061 0.120969
0.062 0.121211
0.063 0.121458
0.064 0.121708
0.065 0.121962
0.066 0.12222
0.067 0.122482
0.068 0.122748
0.069 0.123018
0.07 0.123291
0.071 0.123569
0.072 0.123851
0.073 0.124136
0.074 0.124426
0.075 0.124719
0.076 0.125017
0.077 0.125318
0.078 0.125623
0.079 0.125933
0.08 0.126246
0.081 0.126563
0.082 0.126884
0.083 0.127209
0.084 0.127538
0.085 0.12787
0.086 0.128207
0.087 0.128548
0.088 0.128892
0.089 0.129241
0.09 0.129593
0.091 0.12995
0.092 0.13031
0.093 0.130674
0.094 0.131043
0.095 0.131415
0.096 0.131791
0.097 0.132171
0.098 0.132555
0.099 0.132942
0.1 0.133334
0.101 0.13373
0.102 0.134129
0.103 0.134533
0.104 0.13494
0.105 0.135352
0.106 0.135767
0.107 0.136186
0.108 0.13661
0.109 0.137037
0.11 0.137468
0.111 0.137903
0.112 0.138342
0.113 0.138785
0.114 0.139231
0.115 0.139682
0.116 0.140137
0.117 0.140595
0.118 0.141058
0.119 0.141524
0.12 0.141994
0.121 0.142468
0.122 0.142947
0.123 0.143429
0.124 0.143915
0.125 0.144405
0.126 0.144898
0.127 0.145396
0.128 0.145898
0.129 0.146403
0.13 0.146913
0.131 0.147426
0.132 0.147944
0.133 0.148465
0.134 0.14899
0.135 0.149519
0.136 0.150052
0.137 0.150589
0.138 0.15113
0.139 0.151675
0.14 0.152224
0.141 0.152776
0.142 0.153333
0.143 0.153893
0.144 0.154458
0.145 0.155026
0.146 0.155598
0.147 0.156174
0.148 0.156754
0.149 0.157338
0.15 0.157926
0.151 0.158518
0.152 0.159114
0.153 0.159713
0.154 0.160317
0.155 0.160924
0.156 0.161536
0.157 0.162151
0.158 0.16277
0.159 0.163393
0.16 0.16402
0.161 0.164651
0.162 0.165286
0.163 0.165924
0.164 0.166567
0.165 0.167214
0.166 0.167864
0.167 0.168518
0.168 0.169177
0.169 0.169839
0.17 0.170505
0.171 0.171175
0.172 0.171849
0.173 0.172527
0.174 0.173208
0.175 0.173894
0.176 0.174583
0.177 0.175277
0.178 0.175974
0.179 0.176675
0.18 0.17738
0.181 0.178089
0.182 0.178802
0.183 0.179519
0.184 0.18024
0.185 0.180965
0.186 0.181693
0.187 0.182425
0.188 0.183162
0.189 0.183902
0.19 0.184646
0.191 0.185394
0.192 0.186146
0.193 0.186902
0.194 0.187662
0.195 0.188425
0.196 0.189193
0.197 0.189964
0.198 0.190739
0.199 0.191518
0.2 0.192301
0.201 0.193088
0.202 0.193879
0.203 0.194674
0.204 0.195473
0.205 0.196275
0.206 0.197082
0.207 0.197892
0.208 0.198706
0.209 0.199524
0.21 0.200346
0.211 0.201172
0.212 0.202002
0.213 0.202835
0.214 0.203673
0.215 0.204514
0.216 0.205359
0.217 0.206209
0.218 0.207062
0.219 0.207919
0.22 0.208779
0.221 0.209644
0.222 0.210513
0.223 0.211385
0.224 0.212261
0.225 0.213142
0.226 0.214026
0.227 0.214914
0.228 0.215806
0.229 0.216701
0.23 0.217601
0.231 0.218504
0.232 0.219412
0.233 0.220323
0.234 0.221238
0.235 0.222157
0.236 0.22308
0.237 0.224007
0.238 0.224937
0.239 0.225872
0.24 0.22681
0.241 0.227752
0.242 0.228698
0.243 0.229648
0.244 0.230602
0.245 0.23156
0.246 0.232522
0.247 0.233487
0.248 0.234456
0.249 0.235429
0.25 0.236406
0.251 0.237387
0.252 0.238372
0.253 0.239361
0.254 0.240353
0.255 0.24135
0.256 0.24235
0.257 0.243354
0.258 0.244362
0.259 0.245374
0.26 0.246389
0.261 0.247409
0.262 0.248432
0.263 0.249459
0.264 0.25049
0.265 0.251525
0.266 0.252564
0.267 0.253607
0.268 0.254653
0.269 0.255704
0.27 0.256758
0.271 0.257816
0.272 0.258878
0.273 0.259944
0.274 0.261013
0.275 0.262087
0.276 0.263164
0.277 0.264245
0.278 0.26533
0.279 0.266419
0.28 0.267512
0.281 0.268608
0.282 0.269709
0.283 0.270813
0.284 0.271921
0.285 0.273033
0.286 0.274149
0.287 0.275268
0.288 0.276392
0.289 0.277519
0.29 0.27865
0.291 0.279785
0.292 0.280924
0.293 0.282066
0.294 0.283213
0.295 0.284363
0.296 0.285517
0.297 0.286675
0.298 0.287837
0.299 0.289003
0.3 0.290172
0.301 0.291346
0.302 0.292523
0.303 0.293704
0.304 0.294888
0.305 0.296077
0.306 0.29727
0.307 0.298466
0.308 0.299666
0.309 0.30087
0.31 0.302078
0.311 0.303289
0.312 0.304505
0.313 0.305724
0.314 0.306947
0.315 0.308174
0.316 0.309404
0.317 0.310639
0.318 0.311877
0.319 0.313119
0.32 0.314365
0.321 0.315615
0.322 0.316869
0.323 0.318126
0.324 0.319387
0.325 0.320652
0.326 0.321921
0.327 0.323194
0.328 0.32447
0.329 0.325751
0.33 0.327035
0.331 0.328323
0.332 0.329614
0.333 0.33091
0.334 0.332209
0.335 0.333512
0.336 0.334819
0.337 0.33613
0.338 0.337444
0.339 0.338763
0.34 0.340085
0.341 0.341411
0.342 0.34274
0.343 0.344074
0.344 0.345411
0.345 0.346752
0.346 0.348097
0.347 0.349446
0.348 0.350798
0.349 0.352155
0.35 0.353515
0.351 0.354879
0.352 0.356246
0.353 0.357618
0.354 0.358993
0.355 0.360372
0.356 0.361755
0.357 0.363141
0.358 0.364532
0.359 0.365926
0.36 0.367324
0.361 0.368726
0.362 0.370131
0.363 0.371541
0.364 0.372954
0.365 0.374371
0.366 0.375791
0.367 0.377216
0.368 0.378644
0.369 0.380076
0.37 0.381512
0.371 0.382951
0.372 0.384394
0.373 0.385841
0.374 0.387292
0.375 0.388747
0.376 0.390205
0.377 0.391667
0.378 0.393133
0.379 0.394603
0.38 0.396076
0.381 0.397554
0.382 0.399035
0.383 0.400519
0.384 0.402008
0.385 0.4035
0.386 0.404996
0.387 0.406496
0.388 0.407999
0.389 0.409507
0.39 0.411018
0.391 0.412532
0.392 0.414051
0.393 0.415573
0.394 0.417099
0.395 0.418629
0.396 0.420163
0.397 0.4217
0.398 0.423241
0.399 0.424786
0.4 0.426335
0.401 0.427887
0.402 0.429443
0.403 0.431003
0.404 0.432566
0.405 0.434133
0.406 0.435704
0.407 0.437279
0.408 0.438858
0.409 0.44044
0.41 0.442026
0.411 0.443616
0.412 0.445209
0.413 0.446806
0.414 0.448407
0.415 0.450012
0.416 0.45162
0.417 0.453232
0.418 0.454848
0.419 0.456468
0.42 0.458091
0.421 0.459718
0.422 0.461349
0.423 0.462983
0.424 0.464621
0.425 0.466263
0.426 0.467909
0.427 0.469558
0.428 0.471211
0.429 0.472868
0.43 0.474528
0.431 0.476193
0.432 0.47786
0.433 0.479532
0.434 0.481207
0.435 0.482886
0.436 0.484569
0.437 0.486256
0.438 0.487946
0.439 0.48964
0.44 0.491337
0.441 0.493039
0.442 0.494744
0.443 0.496452
0.444 0.498165
0.445 0.499881
0.446 0.501601
0.447 0.503324
0.448 0.505051
0.449 0.506782
0.45 0.508517
0.451 0.510255
0.452 0.511997
0.453 0.513743
0.454 0.515492
0.455 0.517245
0.456 0.519002
0.457 0.520762
0.458 0.522526
0.459 0.524294
0.46 0.526065
0.461 0.527841
0.462 0.529619
0.463 0.531402
0.464 0.533188
0.465 0.534978
0.466 0.536772
0.467 0.538569
0.468 0.54037
0.469 0.542174
0.47 0.543982
0.471 0.545794
0.472 0.54761
0.473 0.549429
0.474 0.551252
0.475 0.553079
0.476 0.554909
0.477 0.556743
0.478 0.55858
0.479 0.560422
0.48 0.562267
0.481 0.564115
0.482 0.565967
0.483 0.567823
0.484 0.569683
0.485 0.571546
0.486 0.573413
0.487 0.575283
0.488 0.577157
0.489 0.579035
0.49 0.580917
0.491 0.582802
0.492 0.58469
0.493 0.586583
0.494 0.588479
0.495 0.590378
0.496 0.592282
0.497 0.594189
0.498 0.596099
0.499 0.598013
0.5 0.599931
0.501 0.601853
0.502 0.603778
0.503 0.605707
0.504 0.607639
0.505 0.609575
0.506 0.611515
0.507 0.613458
0.508 0.615405
0.509 0.617355
0.51 0.61931
0.511 0.621267
0.512 0.623229
0.513 0.625194
0.514 0.627162
0.515 0.629135
0.516 0.63111
0.517 0.63309
0.518 0.635073
0.519 0.63706
0.52 0.63905
0.521 0.641044
0.522 0.643042
0.523 0.645043
0.524 0.647048
0.525 0.649056
0.526 0.651068
0.527 0.653083
0.528 0.655103
0.529 0.657125
0.53 0.659152
0.531 0.661182
0.532 0.663215
0.533 0.665252
0.534 0.667293
0.535 0.669338
0.536 0.671385
0.537 0.673437
0.538 0.675492
0.539 0.677551
0.54 0.679613
0.541 0.681679
0.542 0.683748
0.543 0.685821
0.544 0.687898
0.545 0.689978
0.546 0.692062
0.547 0.694149
0.548 0.69624
0.549 0.698335
0.55 0.700433
0.551 0.702534
0.552 0.70464
0.553 0.706748
0.554 0.708861
0.555 0.710977
0.556 0.713096
0.557 0.715219
0.558 0.717346
0.559 0.719476
0.56 0.72161
0.561 0.723747
0.562 0.725888
0.563 0.728032
0.564 0.73018
0.565 0.732332
0.566 0.734487
0.567 0.736645
0.568 0.738807
0.569 0.740973
0.57 0.743142
0.571 0.745315
0.572 0.747491
0.573 0.749671
0.574 0.751855
0.575 0.754042
0.576 0.756232
0.577 0.758426
0.578 0.760624
0.579 0.762825
0.58 0.765029
0.581 0.767237
0.582 0.769449
0.583 0.771664
0.584 0.773883
0.585 0.776105
0.586 0.778331
0.587 0.78056
0.588 0.782793
0.589 0.785029
0.59 0.787269
0.591 0.789513
0.592 0.79176
0.593 0.79401
0.594 0.796264
0.595 0.798521
0.596 0.800782
0.597 0.803047
0.598 0.805314
0.599 0.807586
0.6 0.809861
0.601 0.812139
0.602 0.814421
0.603 0.816707
0.604 0.818995
0.605 0.821288
0.606 0.823584
0.607 0.825883
0.608 0.828186
0.609 0.830492
0.61 0.832802
0.611 0.835116
0.612 0.837432
0.613 0.839753
0.614 0.842077
0.615 0.844404
0.616 0.846735
0.617 0.849069
0.618 0.851407
0.619 0.853748
0.62 0.856092
0.621 0.858441
0.622 0.860792
0.623 0.863147
0.624 0.865506
0.625 0.867868
0.626 0.870233
0.627 0.872602
0.628 0.874974
0.629 0.87735
0.63 0.87973
0.631 0.882112
0.632 0.884499
0.633 0.886888
0.634 0.889281
0.635 0.891678
0.636 0.894078
0.637 0.896481
0.638 0.898888
0.639 0.901299
0.64 0.903712
0.641 0.90613
0.642 0.90855
0.643 0.910974
0.644 0.913402
0.645 0.915833
0.646 0.918267
0.647 0.920705
0.648 0.923146
0.649 0.925591
0.65 0.928039
0.651 0.930491
0.652 0.932946
0.653 0.935404
0.654 0.937866
0.655 0.940331
0.656 0.9428
0.657 0.945272
0.658 0.947747
0.659 0.950226
0.66 0.952708
0.661 0.955194
0.662 0.957683
0.663 0.960175
0.664 0.962671
0.665 0.965171
0.666 0.967673
0.667 0.970179
0.668 0.972689
0.669 0.975202
0.67 0.977718
0.671 0.980238
0.672 0.982761
0.673 0.985287
0.674 0.987817
0.675 0.99035
0.676 0.992887
0.677 0.995427
0.678 0.99797
0.679 1.00052
0.68 1.00307
0.681 1.00562
0.682 1.00818
0.683 1.01074
0.684 1.0133
0.685 1.01587
0.686 1.01844
0.687 1.02101
0.688 1.02359
0.689 1.02617
0.69 1.02875
0.691 1.03134
0.692 1.03393
0.693 1.03653
0.694 1.03912
0.695 1.04172
0.696 1.04433
0.697 1.04693
0.698 1.04955
0.699 1.05216
0.7 1.05478
0.701 1.0574
0.702 1.06002
0.703 1.06265
0.704 1.06528
0.705 1.06791
0.706 1.07055
0.707 1.07319
0.708 1.07584
0.709 1.07848
0.71 1.08113
0.711 1.08379
0.712 1.08644
0.713 1.08911
0.714 1.09177
0.715 1.09444
0.716 1.09711
0.717 1.09978
0.718 1.10246
0.719 1.10514
0.72 1.10782
0.721 1.11051
0.722 1.1132
0.723 1.11589
0.724 1.11859
0.725 1.12129
0.726 1.12399
0.727 1.1267
0.728 1.12941
0.729 1.13213
0.73 1.13484
0.731 1.13756
0.732 1.14029
0.733 1.14301
0.734 1.14574
0.735 1.14848
0.736 1.15121
0.737 1.15395
0.738 1.15669
0.739 1.15944
0.74 1.16219
0.741 1.16494
0.742 1.1677
0.743 1.17046
0.744 1.17322
0.745 1.17599
0.746 1.17876
0.747 1.18153
0.748 1.18431
0.749 1.18708
0.75 1.18987
0.751 1.19265
0.752 1.19544
0.753 1.19823
0.754 1.20103
0.755 1.20383
0.756 1.20663
0.757 1.20943
0.758 1.21224
0.759 1.21505
0.76 1.21787
0.761 1.22069
0.762 1.22351
0.763 1.22633
0.764 1.22916
0.765 1.23199
0.766 1.23482
0.767 1.23766
0.768 1.2405
0.769 1.24334
0.77 1.24619
0.771 1.24904
0.772 1.2519
0.773 1.25475
0.774 1.25761
0.775 1.26047
0.776 1.26334
0.777 1.26621
0.778 1.26908
0.779 1.27196
0.78 1.27484
0.781 1.27772
0.782 1.28061
0.783 1.28349
0.784 1.28639
0.785 1.28928
0.786 1.29218
0.787 1.29508
0.788 1.29798
0.789 1.30089
0.79 1.3038
0.791 1.30672
0.792 1.30963
0.793 1.31256
0.794 1.31548
0.795 1.31841
0.796 1.32134
0.797 1.32427
0.798 1.3272
0.799 1.33014
0.8 1.33309
0.801 1.33603
0.802 1.33898
0.803 1.34193
0.804 1.34489
0.805 1.34785
0.806 1.35081
0.807 1.35377
0.808 1.35674
0.809 1.35971
0.81 1.36269
0.811 1.36566
0.812 1.36864
0.813 1.37163
0.814 1.37461
0.815 1.3776
0.816 1.3806
0.817 1.38359
0.818 1.38659
0.819 1.38959
0.82 1.3926
0.821 1.39561
0.822 1.39862
0.823 1.40163
0.824 1.40465
0.825 1.40767
0.826 1.4107
0.827 1.41372
0.828 1.41675
0.829 1.41979
0.83 1.42282
0.831 1.42586
0.832 1.42891
0.833 1.43195
0.834 1.435
0.835 1.43805
0.836 1.44111
0.837 1.44417
0.838 1.44723
0.839 1.45029
0.84 1.45336
0.841 1.45643
0.842 1.4595
0.843 1.46258
0.844 1.46566
0.845 1.46874
0.846 1.47183
0.847 1.47492
0.848 1.47801
0.849 1.4811
0.85 1.4842
0.851 1.4873
0.852 1.49041
0.853 1.49351
0.854 1.49662
0.855 1.49974
0.856 1.50285
0.857 1.50597
0.858 1.5091
0.859 1.51222
0.86 1.51535
0.861 1.51848
0.862 1.52162
0.863 1.52475
0.864 1.52789
0.865 1.53104
0.866 1.53418
0.867 1.53733
0.868 1.54049
0.869 1.54364
0.87 1.5468
0.871 1.54996
0.872 1.55313
0.873 1.5563
0.874 1.55947
0.875 1.56264
0.876 1.56582
0.877 1.569
0.878 1.57218
0.879 1.57536
0.88 1.57855
0.881 1.58175
0.882 1.58494
0.883 1.58814
0.884 1.59134
0.885 1.59454
0.886 1.59775
0.887 1.60096
0.888 1.60417
0.889 1.60739
0.89 1.61061
0.891 1.61383
0.892 1.61705
0.893 1.62028
0.894 1.62351
0.895 1.62674
0.896 1.62998
0.897 1.63322
0.898 1.63646
0.899 1.63971
0.9 1.64296
0.901 1.64621
0.902 1.64946
0.903 1.65272
0.904 1.65598
0.905 1.65924
0.906 1.66251
0.907 1.66578
0.908 1.66905
0.909 1.67232
0.91 1.6756
0.911 1.67888
0.912 1.68216
0.913 1.68545
0.914 1.68874
0.915 1.69203
0.916 1.69533
0.917 1.69863
0.918 1.70193
0.919 1.70523
0.92 1.70854
0.921 1.71185
0.922 1.71516
0.923 1.71848
0.924 1.72179
0.925 1.72512
0.926 1.72844
0.927 1.73177
0.928 1.7351
0.929 1.73843
0.93 1.74177
0.931 1.7451
0.932 1.74845
0.933 1.75179
0.934 1.75514
0.935 1.75849
0.936 1.76184
0.937 1.7652
0.938 1.76856
0.939 1.77192
0.94 1.77528
0.941 1.77865
0.942 1.78202
0.943 1.78539
0.944 1.78877
0.945 1.79215
0.946 1.79553
0.947 1.79891
0.948 1.8023
0.949 1.80569
0.95 1.80908
0.951 1.81248
0.952 1.81588
0.953 1.81928
0.954 1.82268
0.955 1.82609
0.956 1.8295
0.957 1.83291
0.958 1.83633
0.959 1.83975
0.96 1.84317
0.961 1.84659
0.962 1.85002
0.963 1.85345
0.964 1.85688
0.965 1.86032
0.966 1.86376
0.967 1.8672
0.968 1.87064
0.969 1.87409
0.97 1.87754
0.971 1.88099
0.972 1.88444
0.973 1.8879
0.974 1.89136
0.975 1.89483
0.976 1.89829
0.977 1.90176
0.978 1.90523
0.979 1.90871
0.98 1.91218
0.981 1.91566
0.982 1.91915
0.983 1.92263
0.984 1.92612
0.985 1.92961
0.986 1.9331
0.987 1.9366
0.988 1.9401
0.989 1.9436
0.99 1.94711
0.991 1.95061
0.992 1.95412
0.993 1.95764
0.994 1.96115
0.995 1.96467
0.996 1.96819
0.997 1.97171
0.998 1.97524
0.999 1.97877
1 1.9823
