-1 2.71825
-0.999 2.71283
-0.998 2.70742
-0.997 2.70203
-0.996 2.69665
-0.995 2.69129
-0.994 2.68594
-0.993 2.68061
-0.992 2.6753
-0.991 2.67
-0.99 2.66472
-0.989 2.65945
-0.988 2.6542
-0.987 2.64897
-0.986 2.64375
-0.985 2.63854
-0.984 2.63335
-0.983 2.62818
-0.982 2.62302
-0.981 2.61788
-0.98 2.61275
-0.979 2.60764
-0.978 2.60254
-0.977 2.59746
-0.976 2.5924
-0.975 2.58734
-0.974 2.58231
-0.973 2.57729
-0.972 2.57228
-0.971 2.56729
-0.97 2.56231
-0.969 2.55735
-0.968 2.5524
-0.967 2.54746
-0.966 2.54255
-0.965 2.53764
-0.964 2.53275
-0.963 2.52788
-0.962 2.52301
-0.961 2.51817
-0.96 2.51334
-0.959 2.50852
-0.958 2.50371
-0.957 2.49892
-0.956 2.49415
-0.955 2.48939
-0.954 2.48464
-0.953 2.47991
-0.952 2.47519
-0.951 2.47048
-0.95 2.46579
-0.949 2.46111
-0.948 2.45645
-0.947 2.45179
-0.946 2.44716
-0.945 2.44253
-0.944 2.43792
-0.943 2.43333
-0.942 2.42875
-0.941 2.42418
-0.94 2.41962
-0.939 2.41508
-0.938 2.41055
-0.937 2.40603
-0.936 2.40153
-0.935 2.39704
-0.934 2.39257
-0.933 2.3881
-0.932 2.38365
-0.931 2.37921
-0.93 2.37479
-0.929 2.37038
-0.928 2.36598
-0.927 2.3616
-0.926 2.35722
-0.925 2.35286
-0.924 2.34852
-0.923 2.34418
-0.922 2.33986
-0.921 2.33555
-0.92 2.33126
-0.919 2.32697
-0.918 2.3227
-0.917 2.31844
-0.916 2.3142
-0.915 2.30996
-0.914 2.30574
-0.913 2.30153
-0.912 2.29733
-0.911 2.29315
-0.91 2.28898
-0.909 2.28482
-0.908 2.28067
-0.907 2.27653
-0.906 2.27241
-0.905 2.2683
-0.904 2.26419
-0.903 2.26011
-0.902 2.25603
-0.901 2.25197
-0.9 2.24791
-0.899 2.24387
-0.898 2.23984
-0.897 2.23582
-0.896 2.23182
-0.895 2.22782
-0.894 2.22384
-0.893 2.21987
-0.892 2.21591
-0.891 2.21196
-0.89 2.20803
-0.889 2.2041
-0.888 2.20019
-0.887 2.19629
-0.886 2.19239
-0.885 2.18851
-0.884 2.18465
-0.883 2.18079
-0.882 2.17694
-0.881 2.17311
-0.88 2.16928
-0.879 2.16547
-0.878 2.16167
-0.877 2.15788
-0.876 2.1541
-0.875 2.15033
-0.874 2.14657
-0.873 2.14282
-0.872 2.13909
-0.871 2.13536
-0.87 2.13165
-0.869 2.12794
-0.868 2.12425
-0.867 2.12056
-0.866 2.11689
-0.865 2.11323
-0.864 2.10958
-0.863 2.10594
-0.862 2.10231
-0.861 2.09869
-0.86 2.09508
-0.859 2.09148
-0.858 2.08789
-0.857 2.08431
-0.856 2.08075
-0.855 2.07719
-0.854 2.07364
-0.853 2.0701
-0.852 2.06658
-0.851 2.06306
-0.85 2.05955
-0.849 2.05606
-0.848 2.05257
-0.847 2.04909
-0.846 2.04563
-0.845 2.04217
-0.844 2.03873
-0.843 2.03529
-0.842 2.03186
-0.841 2.02844
-0.84 2.02504
-0.839 2.02164
-0.838 2.01825
-0.837 2.01487
-0.836 2.01151
-0.835 2.00815
-0.834 2.0048
-0.833 2.00146
-0.832 1.99813
-0.831 1.99481
-0.83 1.9915
-0.829 1.9882
-0.828 1.9849
-0.827 1.98162
-0.826 1.97835
-0.825 1.97509
-0.824 1.97183
-0.823 1.96859
-0.822 1.96535
-0.821 1.96212
-0.82 1.95891
-0.819 1.9557
-0.818 1.9525
-0.817 1.94931
-0.816 1.94613
-0.815 1.94296
-0.814 1.93979
-0.813 1.93664
-0.812 1.9335
-0.811 1.93036
-0.81 1.92723
-0.809 1.92412
-0.808 1.92101
-0.807 1.91791
-0.806 1.91482
-0.805 1.91173
-0.804 1.90866
-0.803 1.9056
-0.802 1.90254
-0.801 1.89949
-0.8 1.89645
-0.799 1.89342
-0.798 1.8904
-0.797 1.88739
-0.796 1.88439
-0.795 1.88139
-0.794 1.8784
-0.793 1.87542
-0.792 1.87245
-0.791 1.86949
-0.79 1.86654
-0.789 1.86359
-0.788 1.86066
-0.787 1.85773
-0.786 1.85481
-0.785 1.8519
-0.784 1.849
-0.783 1.8461
-0.782 1.84321
-0.781 1.84034
-0.78 1.83747
-0.779 1.8346
-0.778 1.83175
-0.777 1.8289
-0.776 1.82607
-0.775 1.82324
-0.774 1.82041
-0.773 1.8176
-0.772 1.81479
-0.771 1.812
-0.77 1.80921
-0.769 1.80642
-0.768 1.80365
-0.767 1.80088
-0.766 1.79813
-0.765 1.79538
-0.764 1.79263
-0.763 1.7899
-0.762 1.78717
-0.761 1.78445
-0.76 1.78174
-0.759 1.77903
-0.758 1.77634
-0.757 1.77365
-0.756 1.77097
-0.755 1.76829
-0.754 1.76563
-0.753 1.76297
-0.752 1.76032
-0.751 1.75768
-0.75 1.75504
-0.749 1.75241
-0.748 1.74979
-0.747 1.74718
-0.746 1.74457
-0.745 1.74197
-0.744 1.73938
-0.743 1.7368
-0.742 1.73422
-0.741 1.73165
-0.74 1.72909
-0.739 1.72653
-0.738 1.72398
-0.737 1.72144
-0.736 1.71891
-0.735 1.71638
-0.734 1.71386
-0.733 1.71135
-0.732 1.70885
-0.731 1.70635
-0.73 1.70386
-0.729 1.70137
-0.728 1.6989
-0.727 1.69643
-0.726 1.69397
-0.725 1.69151
-0.724 1.68906
-0.723 1.68662
-0.722 1.68418
-0.721 1.68176
-0.72 1.67933
-0.719 1.67692
-0.718 1.67451
-0.717 1.67211
-0.716 1.66972
-0.715 1.66733
-0.714 1.66495
-0.713 1.66258
-0.712 1.66021
-0.711 1.65785
-0.71 1.65549
-0.709 1.65315
-0.708 1.65081
-0.707 1.64847
-0.706 1.64615
-0.705 1.64383
-0.704 1.64151
-0.703 1.6392
-0.702 1.6369
-0.701 1.63461
-0.7 1.63232
-0.699 1.63004
-0.698 1.62776
-0.697 1.62549
-0.696 1.62323
-0.695 1.62098
-0.694 1.61873
-0.693 1.61648
-0.692 1.61425
-0.691 1.61202
-0.69 1.60979
-0.689 1.60757
-0.688 1.60536
-0.687 1.60316
-0.686 1.60096
-0.685 1.59876
-0.684 1.59658
-0.683 1.5944
-0.682 1.59222
-0.681 1.59005
-0.68 1.58789
-0.679 1.58574
-0.678 1.58359
-0.677 1.58144
-0.676 1.5793
-0.675 1.57717
-0.674 1.57505
-0.673 1.57293
-0.672 1.57081
-0.671 1.5687
-0.67 1.5666
-0.669 1.56451
-0.668 1.56242
-0.667 1.56033
-0.666 1.55825
-0.665 1.55618
-0.664 1.55412
-0.663 1.55205
-0.662 1.55
-0.661 1.54795
-0.66 1.54591
-0.659 1.54387
-0.658 1.54184
-0.657 1.53981
-0.656 1.53779
-0.655 1.53578
-0.654 1.53377
-0.653 1.53177
-0.652 1.52977
-0.651 1.52778
-0.65 1.52579
-0.649 1.52381
-0.648 1.52184
-0.647 1.51987
-0.646 1.5179
-0.645 1.51594
-0.644 1.51399
-0.643 1.51205
-0.642 1.5101
-0.641 1.50817
-0.64 1.50624
-0.639 1.50431
-0.638 1.50239
-0.637 1.50048
-0.636 1.49857
-0.635 1.49667
-0.634 1.49477
-0.633 1.49288
-0.632 1.49099
-0.631 1.48911
-0.63 1.48723
-0.629 1.48536
-0.628 1.48349
-0.627 1.48163
-0.626 1.47978
-0.625 1.47793
-0.624 1.47608
-0.623 1.47424
-0.622 1.47241
-0.621 1.47058
-0.62 1.46876
-0.619 1.46694
-0.618 1.46513
-0.617 1.46332
-0.616 1.46151
-0.615 1.45972
-0.614 1.45792
-0.613 1.45614
-0.612 1.45435
-0.611 1.45258
-0.61 1.4508
-0.609 1.44904
-0.608 1.44727
-0.607 1.44552
-0.606 1.44376
-0.605 1.44202
-0.604 1.44028
-0.603 1.43854
-0.602 1.43681
-0.601 1.43508
-0.6 1.43336
-0.599 1.43164
-0.598 1.42993
-0.597 1.42822
-0.596 1.42652
-0.595 1.42482
-0.594 1.42312
-0.593 1.42144
-0.592 1.41975
-0.591 1.41807
-0.59 1.4164
-0.589 1.41473
-0.588 1.41307
-0.587 1.41141
-0.586 1.40975
-0.585 1.4081
-0.584 1.40646
-0.583 1.40482
-0.582 1.40318
-0.581 1.40155
-0.58 1.39993
-0.579 1.3983
-0.578 1.39669
-0.577 1.39507
-0.576 1.39347
-0.575 1.39186
-0.574 1.39027
-0.573 1.38867
-0.572 1.38708
-0.571 1.3855
-0.57 1.38392
-0.569 1.38234
-0.568 1.38077
-0.567 1.37921
-0.566 1.37764
-0.565 1.37609
-0.564 1.37453
-0.563 1.37299
-0.562 1.37144
-0.561 1.3699
-0.56 1.36837
-0.559 1.36684
-0.558 1.36531
-0.557 1.36379
-0.556 1.36227
-0.555 1.36076
-0.554 1.35925
-0.553 1.35775
-0.552 1.35625
-0.551 1.35475
-0.55 1.35326
-0.549 1.35177
-0.548 1.35029
-0.547 1.34881
-0.546 1.34734
-0.545 1.34587
-0.544 1.34441
-0.543 1.34295
-0.542 1.34149
-0.541 1.34004
-0.54 1.33859
-0.539 1.33715
-0.538 1.33571
-0.537 1.33427
-0.536 1.33284
-0.535 1.33141
-0.534 1.32999
-0.533 1.32857
-0.532 1.32716
-0.531 1.32575
-0.53 1.32434
-0.529 1.32294
-0.528 1.32154
-0.527 1.32015
-0.526 1.31876
-0.525 1.31737
-0.524 1.31599
-0.523 1.31461
-0.522 1.31324
-0.521 1.31187
-0.52 1.31051
-0.519 1.30914
-0.518 1.30779
-0.517 1.30643
-0.516 1.30509
-0.515 1.30374
-0.514 1.3024
-0.513 1.30106
-0.512 1.29973
-0.511 1.2984
-0.51 1.29707
-0.509 1.29575
-0.508 1.29444
-0.507 1.29312
-0.506 1.29181
-0.505 1.29051
-0.504 1.28921
-0.503 1.28791
-0.502 1.28661
-0.501 1.28532
-0.5 1.28404
-0.499 1.28276
-0.498 1.28148
-0.497 1.2802
-0.496 1.27893
-0.495 1.27766
-0.494 1.2764
-0.493 1.27514
-0.492 1.27389
-0.491 1.27263
-0.49 1.27139
-0.489 1.27014
-0.488 1.2689
-0.487 1.26766
-0.486 1.26643
-0.485 1.2652
-0.484 1.26398
-0.483 1.26275
-0.482 1.26154
-0.481 1.26032
-0.48 1.25911
-0.479 1.2579
-0.478 1.2567
-0.477 1.2555
-0.476 1.2543
-0.475 1.25311
-0.474 1.25192
-0.473 1.25074
-0.472 1.24956
-0.471 1.24838
-0.47 1.2472
-0.469 1.24603
-0.468 1.24486
-0.467 1.2437
-0.466 1.24254
-0.465 1.24138
-0.464 1.24023
-0.463 1.23908
-0.462 1.23794
-0.461 1.23679
-0.46 1.23565
-0.459 1.23452
-0.458 1.23339
-0.457 1.23226
-0.456 1.23113
-0.455 1.23001
-0.454 1.22889
-0.453 1.22778
-0.452 1.22667
-0.451 1.22556
-0.45 1.22446
-0.449 1.22336
-0.448 1.22226
-0.447 1.22117
-0.446 1.22008
-0.445 1.21899
-0.444 1.21791
-0.443 1.21683
-0.442 1.21575
-0.441 1.21468
-0.44 1.21361
-0.439 1.21254
-0.438 1.21148
-0.437 1.21042
-0.436 1.20936
-0.435 1.20831
-0.434 1.20726
-0.433 1.20621
-0.432 1.20517
-0.431 1.20413
-0.43 1.20309
-0.429 1.20206
-0.428 1.20103
-0.427 1.2
-0.426 1.19898
-0.425 1.19796
-0.424 1.19694
-0.423 1.19593
-0.422 1.19492
-0.421 1.19391
-0.42 1.1929
-0.419 1.1919
-0.418 1.19091
-0.417 1.18991
-0.416 1.18892
-0.415 1.18793
-0.414 1.18695
-0.413 1.18597
-0.412 1.18499
-0.411 1.18401
-0.41 1.18304
-0.409 1.18207
-0.408 1.18111
-0.407 1.18014
-0.406 1.17919
-0.405 1.17823
-0.404 1.17728
-0.403 1.17633
-0.402 1.17538
-0.401 1.17444
-0.4 1.1735
-0.399 1.17256
-0.398 1.17162
-0.397 1.17069
-0.396 1.16976
-0.395 1.16884
-0.394 1.16792
-0.393 1.167
-0.392 1.16608
-0.391 1.16517
-0.39 1.16426
-0.389 1.16335
-0.388 1.16245
-0.387 1.16155
-0.386 1.16065
-0.385 1.15976
-0.384 1.15886
-0.383 1.15797
-0.382 1.15709
-0.381 1.15621
-0.38 1.15533
-0.379 1.15445
-0.378 1.15358
-0.377 1.15271
-0.376 1.15184
-0.375 1.15097
-0.374 1.15011
-0.373 1.14925
-0.372 1.1484
-0.371 1.14754
-0.37 1.14669
-0.369 1.14584
-0.368 1.145
-0.367 1.14416
-0.366 1.14332
-0.365 1.14248
-0.364 1.14165
-0.363 1.14082
-0.362 1.14
-0.361 1.13917
-0.36 1.13835
-0.359 1.13753
-0.358 1.13672
-0.357 1.1359
-0.356 1.13509
-0.355 1.13429
-0.354 1.13348
-0.353 1.13268
-0.352 1.13188
-0.351 1.13109
-0.35 1.13029
-0.349 1.12951
-0.348 1.12872
-0.347 1.12793
-0.346 1.12715
-0.345 1.12637
-0.344 1.1256
-0.343 1.12482
-0.342 1.12405
-0.341 1.12329
-0.34 1.12252
-0.339 1.12176
-0.338 1.121
-0.337 1.12024
-0.336 1.11949
-0.335 1.11874
-0.334 1.11799
-0.333 1.11725
-0.332 1.1165
-0.331 1.11576
-0.33 1.11503
-0.329 1.11429
-0.328 1.11356
-0.327 1.11283
-0.326 1.1121
-0.325 1.11138
-0.324 1.11066
-0.323 1.10994
-0.322 1.10922
-0.321 1.10851
-0.32 1.1078
-0.319 1.10709
-0.318 1.10639
-0.317 1.10569
-0.316 1.10499
-0.315 1.10429
-0.314 1.10359
-0.313 1.1029
-0.312 1.10221
-0.311 1.10153
-0.31 1.10084
-0.309 1.10016
-0.308 1.09948
-0.307 1.09881
-0.306 1.09813
-0.305 1.09746
-0.304 1.09679
-0.303 1.09613
-0.302 1.09547
-0.301 1.09481
-0.3 1.09415
-0.299 1.09349
-0.298 1.09284
-0.297 1.09219
-0.296 1.09154
-0.295 1.0909
-0.294 1.09026
-0.293 1.08962
-0.292 1.08898
-0.291 1.08834
-0.29 1.08771
-0.289 1.08708
-0.288 1.08646
-0.287 1.08583
-0.286 1.08521
-0.285 1.08459
-0.284 1.08397
-0.283 1.08336
-0.282 1.08275
-0.281 1.08214
-0.28 1.08153
-0.279 1.08093
-0.278 1.08032
-0.277 1.07972
-0.276 1.07913
-0.275 1.07853
-0.274 1.07794
-0.273 1.07735
-0.272 1.07677
-0.271 1.07618
-0.27 1.0756
-0.269 1.07502
-0.268 1.07444
-0.267 1.07387
-0.266 1.0733
-0.265 1.07273
-0.264 1.07216
-0.263 1.07159
-0.262 1.07103
-0.261 1.07047
-0.26 1.06991
-0.259 1.06936
-0.258 1.06881
-0.257 1.06826
-0.256 1.06771
-0.255 1.06716
-0.254 1.06662
-0.253 1.06608
-0.252 1.06554
-0.251 1.06501
-0.25 1.06447
-0.249 1.06394
-0.248 1.06341
-0.247 1.06289
-0.246 1.06236
-0.245 1.06184
-0.244 1.06132
-0.243 1.06081
-0.242 1.06029
-0.241 1.05978
-0.24 1.05927
-0.239 1.05876
-0.238 1.05826
-0.237 1.05776
-0.236 1.05726
-0.235 1.05676
-0.234 1.05626
-0.233 1.05577
-0.232 1.05528
-0.231 1.05479
-0.23 1.05431
-0.229 1.05382
-0.228 1.05334
-0.227 1.05286
-0.226 1.05239
-0.225 1.05191
-0.224 1.05144
-0.223 1.05097
-0.222 1.0505
-0.221 1.05004
-0.22 1.04958
-0.219 1.04911
-0.218 1.04866
-0.217 1.0482
-0.216 1.04775
-0.215 1.0473
-0.214 1.04685
-0.213 1.0464
-0.212 1.04596
-0.211 1.04551
-0.21 1.04507
-0.209 1.04464
-0.208 1.0442
-0.207 1.04377
-0.206 1.04334
-0.205 1.04291
-0.204 1.04248
-0.203 1.04206
-0.202 1.04164
-0.201 1.04122
-0.2 1.0408
-0.199 1.04039
-0.198 1.03997
-0.197 1.03956
-0.196 1.03915
-0.195 1.03875
-0.194 1.03834
-0.193 1.03794
-0.192 1.03754
-0.191 1.03715
-0.19 1.03675
-0.189 1.03636
-0.188 1.03597
-0.187 1.03558
-0.186 1.03519
-0.185 1.03481
-0.184 1.03443
-0.183 1.03405
-0.182 1.03367
-0.181 1.0333
-0.18 1.03292
-0.179 1.03255
-0.178 1.03219
-0.177 1.03182
-0.176 1.03146
-0.175 1.03109
-0.174 1.03073
-0.173 1.03038
-0.172 1.03002
-0.171 1.02967
-0.17 1.02932
-0.169 1.02897
-0.168 1.02862
-0.167 1.02828
-0.166 1.02794
-0.165 1.0276
-0.164 1.02726
-0.163 1.02692
-0.162 1.02659
-0.161 1.02626
-0.16 1.02593
-0.159 1.0256
-0.158 1.02528
-0.157 1.02496
-0.156 1.02463
-0.155 1.02432
-0.154 1.024
-0.153 1.02369
-0.152 1.02337
-0.151 1.02306
-0.15 1.02276
-0.149 1.02245
-0.148 1.02215
-0.147 1.02185
-0.146 1.02155
-0.145 1.02125
-0.144 1.02096
-0.143 1.02066
-0.142 1.02037
-0.141 1.02008
-0.14 1.0198
-0.139 1.01951
-0.138 1.01923
-0.137 1.01895
-0.136 1.01867
-0.135 1.0184
-0.134 1.01812
-0.133 1.01785
-0.132 1.01758
-0.131 1.01732
-0.13 1.01705
-0.129 1.01679
-0.128 1.01653
-0.127 1.01627
-0.126 1.01601
-0.125 1.01576
-0.124 1.0155
-0.123 1.01525
-0.122 1.015
-0.121 1.01476
-0.12 1.01451
-0.119 1.01427
-0.118 1.01403
-0.117 1.01379
-0.116 1.01356
-0.115 1.01332
-0.114 1.01309
-0.113 1.01286
-0.112 1.01263
-0.111 1.01241
-0.11 1.01219
-0.109 1.01196
-0.108 1.01174
-0.107 1.01153
-0.106 1.01131
-0.105 1.0111
-0.104 1.01089
-0.103 1.01068
-0.102 1.01047
-0.101 1.01027
-0.1 1.01006
-0.099 1.00986
-0.098 1.00966
-0.097 1.00947
-0.096 1.00927
-0.095 1.00908
-0.094 1.00889
-0.093 1.0087
-0.092 1.00852
-0.091 1.00833
-0.09 1.00815
-0.089 1.00797
-0.088 1.00779
-0.087 1.00761
-0.086 1.00744
-0.085 1.00727
-0.084 1.0071
-0.083 1.00693
-0.082 1.00676
-0.081 1.0066
-0.08 1.00644
-0.079 1.00628
-0.078 1.00612
-0.077 1.00597
-0.076 1.00581
-0.075 1.00566
-0.074 1.00551
-0.073 1.00536
-0.072 1.00522
-0.071 1.00507
-0.07 1.00493
-0.069 1.00479
-0.068 1.00466
-0.067 1.00452
-0.066 1.00439
-0.065 1.00425
-0.064 1.00413
-0.063 1.004
-0.062 1.00387
-0.061 1.00375
-0.06 1.00363
-0.059 1.00351
-0.058 1.00339
-0.057 1.00328
-0.056 1.00316
-0.055 1.00305
-0.054 1.00294
-0.053 1.00284
-0.052 1.00273
-0.051 1.00263
-0.05 1.00253
-0.049 1.00243
-0.048 1.00233
-0.047 1.00223
-0.046 1.00214
-0.045 1.00205
-0.044 1.00196
-0.043 1.00187
-0.042 1.00179
-0.041 1.00171
-0.04 1.00163
-0.039 1.00155
-0.038 1.00147
-0.037 1.00139
-0.036 1.00132
-0.035 1.00125
-0.034 1.00118
-0.033 1.00111
-0.032 1.00105
-0.031 1.00099
-0.03 1.00093
-0.029 1.00087
-0.028 1.00081
-0.027 1.00075
-0.026 1.0007
-0.025 1.00065
-0.024 1.0006
-0.023 1.00055
-0.022 1.00051
-0.021 1.00047
-0.02 1.00043
-0.019 1.00039
-0.018 1.00035
-0.017 1.00031
-0.016 1.00028
-0.015 1.00025
-0.014 1.00022
-0.013 1.00019
-0.012 1.00017
-0.011 1.00015
-0.01 1.00013
-0.009 1.00011
-0.008 1.00009
-0.007 1.00007
-0.006 1.00006
-0.005 1.00005
-0.004 1.00004
-0.003 1.00004
-0.002 1.00003
-0.001 1.00003
0 1.00003
0.001 1.00003
0.002 1.00003
0.003 1.00004
0.004 1.00004
0.005 1.00005
0.006 1.00006
0.007 1.00007
0.008 1.00009
0.009 1.00011
0.01 1.00013
0.011 1.00015
0.012 1.00017
0.013 1.00019
0.014 1.00022
0.015 1.00025
0.016 1.00028
0.017 1.00031
0.018 1.00035
0.019 1.00039
0.02 1.00043
0.021 1.00047
0.022 1.00051
0.023 1.00055
0.024 1.0006
0.025 1.00065
0.026 1.0007
0.027 1.00075
0.028 1.00081
0.029 1.00087
0.03 1.00093
0.031 1.00099
0.032 1.00105
0.033 1.00111
0.034 1.00118
0.035 1.00125
0.036 1.00132
0.037 1.00139
0.038 1.00147
0.039 1.00155
0.04 1.00163
0.041 1.00171
0.042 1.00179
0.043 1.00187
0.044 1.00196
0.045 1.00205
0.046 1.00214
0.047 1.00223
0.048 1.00233
0.049 1.00243
0.05 1.00253
0.051 1.00263
0.052 1.00273
0.053 1.00284
0.054 1.00294
0.055 1.00305
0.056 1.00316
0.057 1.00328
0.058 1.00339
0.059 1.00351
0.06 1.00363
0.061 1.00375
0.062 1.00387
0.063 1.004
0.064 1.00413
0.065 1.00425
0.066 1.00439
0.067 1.00452
0.068 1.00466
0.069 1.00479
0.07 1.00493
0.071 1.00507
0.072 1.00522
0.073 1.00536
0.074 1.00551
0.075 1.00566
0.076 1.00581
0.077 1.00597
0.078 1.00612
0.079 1.00628
0.08 1.00644
0.081 1.0066
0.082 1.00676
0.083 1.00693
0.084 1.0071
0.085 1.00727
0.086 1.00744
0.087 1.00761
0.088 1.00779
0.089 1.00797
0.09 1.00815
0.091 1.00833
0.092 1.00852
0.093 1.0087
0.094 1.00889
0.095 1.00908
0.096 1.00927
0.097 1.00947
0.098 1.00966
0.099 1.00986
0.1 1.01006
0.101 1.01027
0.102 1.01047
0.103 1.01068
0.104 1.01089
0.105 1.0111
0.106 1.01131
0.107 1.01153
0.108 1.01174
0.109 1.01196
0.11 1.01219
0.111 1.01241
0.112 1.01263
0.113 1.01286
0.114 1.01309
0.115 1.01332
0.116 1.01356
0.117 1.01379
0.118 1.01403
0.119 1.01427
0.12 1.01451
0.121 1.01476
0.122 1.015
0.123 1.01525
0.124 1.0155
0.125 1.01576
0.126 1.01601
0.127 1.01627
0.128 1.01653
0.129 1.01679
0.13 1.01705
0.131 1.01732
0.132 1.01758
0.133 1.01785
0.134 1.01812
0.135 1.0184
0.136 1.01867
0.137 1.01895
0.138 1.01923
0.139 1.01951
0.14 1.0198
0.141 1.02008
0.142 1.02037
0.143 1.02066
0.144 1.02096
0.145 1.02125
0.146 1.02155
0.147 1.02185
0.148 1.02215
0.149 1.02245
0.15 1.02276
0.151 1.02306
0.152 1.02337
0.153 1.02369
0.154 1.024
0.155 1.02432
0.156 1.02463
0.157 1.02496
0.158 1.02528
0.159 1.0256
0.16 1.02593
0.161 1.02626
0.162 1.02659
0.163 1.02692
0.164 1.02726
0.165 1.0276
0.166 1.02794
0.167 1.02828
0.168 1.02862
0.169 1.02897
0.17 1.02932
0.171 1.02967
0.172 1.03002
0.173 1.03038
0.174 1.03073
0.175 1.03109
0.176 1.03146
0.177 1.03182
0.178 1.03219
0.179 1.03255
0.18 1.03292
0.181 1.0333
0.182 1.03367
0.183 1.03405
0.184 1.03443
0.185 1.03481
0.186 1.03519
0.187 1.03558
0.188 1.03597
0.189 1.03636
0.19 1.03675
0.191 1.03715
0.192 1.03754
0.193 1.03794
0.194 1.03834
0.195 1.03875
0.196 1.03915
0.197 1.03956
0.198 1.03997
0.199 1.04039
0.2 1.0408
0.201 1.04122
0.202 1.04164
0.203 1.04206
0.204 1.04248
0.205 1.04291
0.206 1.04334
0.207 1.04377
0.208 1.0442
0.209 1.04464
0.21 1.04507
0.211 1.04551
0.212 1.04596
0.213 1.0464
0.214 1.04685
0.215 1.0473
0.216 1.04775
0.217 1.0482
0.218 1.04866
0.219 1.04911
0.22 1.04958
0.221 1.05004
0.222 1.0505
0.223 1.05097
0.224 1.05144
0.225 1.05191
0.226 1.05239
0.227 1.05286
0.228 1.05334
0.229 1.05382
0.23 1.05431
0.231 1.05479
0.232 1.05528
0.233 1.05577
0.234 1.05626
0.235 1.05676
0.236 1.05726
0.237 1.05776
0.238 1.05826
0.239 1.05876
0.24 1.05927
0.241 1.05978
0.242 1.06029
0.243 1.06081
0.244 1.06132
0.245 1.06184
0.246 1.06236
0.247 1.06289
0.248 1.06341
0.249 1.06394
0.25 1.06447
0.251 1.06501
0.252 1.06554
0.253 1.06608
0.254 1.06662
0.255 1.06716
0.256 1.06771
0.257 1.06826
0.258 1.06881
0.259 1.06936
0.26 1.06991
0.261 1.07047
0.262 1.07103
0.263 1.07159
0.264 1.07216
0.265 1.07273
0.266 1.0733
0.267 1.07387
0.268 1.07444
0.269 1.07502
0.27 1.0756
0.271 1.07618
0.272 1.07677
0.273 1.07735
0.274 1.07794
0.275 1.07853
0.276 1.07913
0.277 1.07972
0.278 1.08032
0.279 1.08093
0.28 1.08153
0.281 1.08214
0.282 1.08275
0.283 1.08336
0.284 1.08397
0.285 1.08459
0.286 1.08521
0.287 1.08583
0.288 1.08646
0.289 1.08708
0.29 1.08771
0.291 1.08834
0.292 1.08898
0.293 1.08962
0.294 1.09026
0.295 1.0909
0.296 1.09154
0.297 1.09219
0.298 1.09284
0.299 1.09349
0.3 1.09415
0.301 1.09481
0.302 1.09547
0.303 1.09613
0.304 1.09679
0.305 1.09746
0.306 1.09813
0.307 1.09881
0.308 1.09948
0.309 1.10016
0.31 1.10084
0.311 1.10153
0.312 1.10221
0.313 1.1029
0.314 1.10359
0.315 1.10429
0.316 1.10499
0.317 1.10569
0.318 1.10639
0.319 1.10709
0.32 1.1078
0.321 1.10851
0.322 1.10922
0.323 1.10994
0.324 1.11066
0.325 1.11138
0.326 1.1121
0.327 1.11283
0.328 1.11356
0.329 1.11429
0.33 1.11503
0.331 1.11576
0.332 1.1165
0.333 1.11725
0.334 1.11799
0.335 1.11874
0.336 1.11949
0.337 1.12024
0.338 1.121
0.339 1.12176
0.34 1.12252
0.341 1.12329
0.342 1.12405
0.343 1.12482
0.344 1.1256
0.345 1.12637
0.346 1.12715
0.347 1.12793
0.348 1.12872
0.349 1.12951
0.35 1.13029
0.351 1.13109
0.352 1.13188
0.353 1.13268
0.354 1.13348
0.355 1.13429
0.356 1.13509
0.357 1.1359
0.358 1.13672
0.359 1.13753
0.36 1.13835
0.361 1.13917
0.362 1.14
0.363 1.14082
0.364 1.14165
0.365 1.14248
0.366 1.14332
0.367 1.14416
0.368 1.145
0.369 1.14584
0.37 1.14669
0.371 1.14754
0.372 1.1484
0.373 1.14925
0.374 1.15011
0.375 1.15097
0.376 1.15184
0.377 1.15271
0.378 1.15358
0.379 1.15445
0.38 1.15533
0.381 1.15621
0.382 1.15709
0.383 1.15797
0.384 1.15886
0.385 1.15976
0.386 1.16065
0.387 1.16155
0.388 1.16245
0.389 1.16335
0.39 1.16426
0.391 1.16517
0.392 1.16608
0.393 1.167
0.394 1.16792
0.395 1.16884
0.396 1.16976
0.397 1.17069
0.398 1.17162
0.399 1.17256
0.4 1.1735
0.401 1.17444
0.402 1.17538
0.403 1.17633
0.404 1.17728
0.405 1.17823
0.406 1.17919
0.407 1.18014
0.408 1.18111
0.409 1.18207
0.41 1.18304
0.411 1.18401
0.412 1.18499
0.413 1.18597
0.414 1.18695
0.415 1.18793
0.416 1.18892
0.417 1.18991
0.418 1.19091
0.419 1.1919
0.42 1.1929
0.421 1.19391
0.422 1.19492
0.423 1.19593
0.424 1.19694
0.425 1.19796
0.426 1.19898
0.427 1.2
0.428 1.20103
0.429 1.20206
0.43 1.20309
0.431 1.20413
0.432 1.20517
0.433 1.20621
0.434 1.20726
0.435 1.20831
0.436 1.20936
0.437 1.21042
0.438 1.21148
0.439 1.21254
0.44 1.21361
0.441 1.21468
0.442 1.21575
0.443 1.21683
0.444 1.21791
0.445 1.21899
0.446 1.22008
0.447 1.22117
0.448 1.22226
0.449 1.22336
0.45 1.22446
0.451 1.22556
0.452 1.22667
0.453 1.22778
0.454 1.22889
0.455 1.23001
0.456 1.23113
0.457 1.23226
0.458 1.23339
0.459 1.23452
0.46 1.23565
0.461 1.23679
0.462 1.23794
0.463 1.23908
0.464 1.24023
0.465 1.24138
0.466 1.24254
0.467 1.2437
0.468 1.24486
0.469 1.24603
0.47 1.2472
0.471 1.24838
0.472 1.24956
0.473 1.25074
0.474 1.25192
0.475 1.25311
0.476 1.2543
0.477 1.2555
0.478 1.2567
0.479 1.2579
0.48 1.25911
0.481 1.26032
0.482 1.26154
0.483 1.26275
0.484 1.26398
0.485 1.2652
0.486 1.26643
0.487 1.26766
0.488 1.2689
0.489 1.27014
0.49 1.27139
0.491 1.27263
0.492 1.27389
0.493 1.27514
0.494 1.2764
0.495 1.27766
0.496 1.27893
0.497 1.2802
0.498 1.28148
0.499 1.28276
0.5 1.28404
0.501 1.28532
0.502 1.28661
0.503 1.28791
0.504 1.28921
0.505 1.29051
0.506 1.29181
0.507 1.29312
0.508 1.29444
0.509 1.29575
0.51 1.29707
0.511 1.2984
0.512 1.29973
0.513 1.30106
0.514 1.3024
0.515 1.30374
0.516 1.30509
0.517 1.30643
0.518 1.30779
0.519 1.30914
0.52 1.31051
0.521 1.31187
0.522 1.31324
0.523 1.31461
0.524 1.31599
0.525 1.31737
0.526 1.31876
0.527 1.32015
0.528 1.32154
0.529 1.32294
0.53 1.32434
0.531 1.32575
0.532 1.32716
0.533 1.32857
0.534 1.32999
0.535 1.33141
0.536 1.33284
0.537 1.33427
0.538 1.33571
0.539 1.33715
0.54 1.33859
0.541 1.34004
0.542 1.34149
0.543 1.34295
0.544 1.34441
0.545 1.34587
0.546 1.34734
0.547 1.34881
0.548 1.35029
0.549 1.35177
0.55 1.35326
0.551 1.35475
0.552 1.35625
0.553 1.35775
0.554 1.35925
0.555 1.36076
0.556 1.36227
0.557 1.36379
0.558 1.36531
0.559 1.36684
0.56 1.36837
0.561 1.3699
0.562 1.37144
0.563 1.37299
0.564 1.37453
0.565 1.37609
0.566 1.37764
0.567 1.37921
0.568 1.38077
0.569 1.38234
0.57 1.38392
0.571 1.3855
0.572 1.38708
0.573 1.38867
0.574 1.39027
0.575 1.39186
0.576 1.39347
0.577 1.39507
0.578 1.39669
0.579 1.3983
0.58 1.39993
0.581 1.40155
0.582 1.40318
0.583 1.40482
0.584 1.40646
0.585 1.4081
0.586 1.40975
0.587 1.41141
0.588 1.41307
0.589 1.41473
0.59 1.4164
0.591 1.41807
0.592 1.41975
0.593 1.42144
0.594 1.42312
0.595 1.42482
0.596 1.42652
0.597 1.42822
0.598 1.42993
0.599 1.43164
0.6 1.43336
0.601 1.43508
0.602 1.43681
0.603 1.43854
0.604 1.44028
0.605 1.44202
0.606 1.44376
0.607 1.44552
0.608 1.44727
0.609 1.44904
0.61 1.4508
0.611 1.45258
0.612 1.45435
0.613 1.45614
0.614 1.45792
0.615 1.45972
0.616 1.46151
0.617 1.46332
0.618 1.46513
0.619 1.46694
0.62 1.46876
0.621 1.47058
0.622 1.47241
0.623 1.47424
0.624 1.47608
0.625 1.47793
0.626 1.47978
0.627 1.48163
0.628 1.48349
0.629 1.48536
0.63 1.48723
0.631 1.48911
0.632 1.49099
0.633 1.49288
0.634 1.49477
0.635 1.49667
0.636 1.49857
0.637 1.50048
0.638 1.50239
0.639 1.50431
0.64 1.50624
0.641 1.50817
0.642 1.5101
0.643 1.51205
0.644 1.51399
0.645 1.51594
0.646 1.5179
0.647 1.51987
0.648 1.52184
0.649 1.52381
0.65 1.52579
0.651 1.52778
0.652 1.52977
0.653 1.53177
0.654 1.53377
0.655 1.53578
0.656 1.53779
0.657 1.53981
0.658 1.54184
0.659 1.54387
0.66 1.54591
0.661 1.54795
0.662 1.55
0.663 1.55205
0.664 1.55412
0.665 1.55618
0.666 1.55825
0.667 1.56033
0.668 1.56242
0.669 1.56451
0.67 1.5666
0.671 1.5687
0.672 1.57081
0.673 1.57293
0.674 1.57505
0.675 1.57717
0.676 1.5793
0.677 1.58144
0.678 1.58359
0.679 1.58574
0.68 1.58789
0.681 1.59005
0.682 1.59222
0.683 1.5944
0.684 1.59658
0.685 1.59876
0.686 1.60096
0.687 1.60316
0.688 1.60536
0.689 1.60757
0.69 1.60979
0.691 1.61202
0.692 1.61425
0.693 1.61648
0.694 1.61873
0.695 1.62098
0.696 1.62323
0.697 1.62549
0.698 1.62776
0.699 1.63004
0.7 1.63232
0.701 1.63461
0.702 1.6369
0.703 1.6392
0.704 1.64151
0.705 1.64383
0.706 1.64615
0.707 1.64847
0.708 1.65081
0.709 1.65315
0.71 1.65549
0.711 1.65785
0.712 1.66021
0.713 1.66258
0.714 1.66495
0.715 1.66733
0.716 1.66972
0.717 1.67211
0.718 1.67451
0.719 1.67692
0.72 1.67933
0.721 1.68176
0.722 1.68418
0.723 1.68662
0.724 1.68906
0.725 1.69151
0.726 1.69397
0.727 1.69643
0.728 1.6989
0.729 1.70137
0.73 1.70386
0.731 1.70635
0.732 1.70885
0.733 1.71135
0.734 1.71386
0.735 1.71638
0.736 1.71891
0.737 1.72144
0.738 1.72398
0.739 1.72653
0.74 1.72909
0.741 1.73165
0.742 1.73422
0.743 1.7368
0.744 1.73938
0.745 1.74197
0.746 1.74457
0.747 1.74718
0.748 1.74979
0.749 1.75241
0.75 1.75504
0.751 1.75768
0.752 1.76032
0.753 1.76297
0.754 1.76563
0.755 1.76829
0.756 1.77097
0.757 1.77365
0.758 1.77634
0.759 1.77903
0.76 1.78174
0.761 1.78445
0.762 1.78717
0.763 1.7899
0.764 1.79263
0.765 1.79538
0.766 1.79813
0.767 1.80088
0.768 1.80365
0.769 1.80642
0.77 1.80921
0.771 1.812
0.772 1.81479
0.773 1.8176
0.774 1.82041
0.775 1.82324
0.776 1.82607
0.777 1.8289
0.778 1.83175
0.779 1.8346
0.78 1.83747
0.781 1.84034
0.782 1.84321
0.783 1.8461
0.784 1.849
0.785 1.8519
0.786 1.85481
0.787 1.85773
0.788 1.86066
0.789 1.86359
0.79 1.86654
0.791 1.86949
0.792 1.87245
0.793 1.87542
0.794 1.8784
0.795 1.88139
0.796 1.88439
0.797 1.88739
0.798 1.8904
0.799 1.89342
0.8 1.89645
0.801 1.89949
0.802 1.90254
0.803 1.9056
0.804 1.90866
0.805 1.91173
0.806 1.91482
0.807 1.91791
0.808 1.92101
0.809 1.92412
0.81 1.92723
0.811 1.93036
0.812 1.9335
0.813 1.93664
0.814 1.93979
0.815 1.94296
0.816 1.94613
0.817 1.94931
0.818 1.9525
0.819 1.9557
0.82 1.95891
0.821 1.96212
0.822 1.96535
0.823 1.96859
0.824 1.97183
0.825 1.97509
0.826 1.97835
0.827 1.98162
0.828 1.9849
0.829 1.9882
0.83 1.9915
0.831 1.99481
0.832 1.99813
0.833 2.00146
0.834 2.0048
0.835 2.00815
0.836 2.01151
0.837 2.01487
0.838 2.01825
0.839 2.02164
0.84 2.02504
0.841 2.02844
0.842 2.03186
0.843 2.03529
0.844 2.03873
0.845 2.04217
0.846 2.04563
0.847 2.04909
0.848 2.05257
0.849 2.05606
0.85 2.05955
0.851 2.06306
0.852 2.06658
0.853 2.0701
0.854 2.07364
0.855 2.07719
0.856 2.08075
0.857 2.08431
0.858 2.08789
0.859 2.09148
0.86 2.09508
0.861 2.09869
0.862 2.10231
0.863 2.10594
0.864 2.10958
0.865 2.11323
0.866 2.11689
0.867 2.12056
0.868 2.12425
0.869 2.12794
0.87 2.13165
0.871 2.13536
0.872 2.13909
0.873 2.14282
0.874 2.14657
0.875 2.15033
0.876 2.1541
0.877 2.15788
0.878 2.16167
0.879 2.16547
0.88 2.16928
0.881 2.17311
0.882 2.17694
0.883 2.18079
0.884 2.18465
0.885 2.18851
0.886 2.19239
0.887 2.19629
0.888 2.20019
0.889 2.2041
0.89 2.20803
0.891 2.21196
0.892 2.21591
0.893 2.21987
0.894 2.22384
0.895 2.22782
0.896 2.23182
0.897 2.23582
0.898 2.23984
0.899 2.24387
0.9 2.24791
0.901 2.25197
0.902 2.25603
0.903 2.26011
0.904 2.26419
0.905 2.2683
0.906 2.27241
0.907 2.27653
0.908 2.28067
0.909 2.28482
0.91 2.28898
0.911 2.29315
0.912 2.29733
0.913 2.30153
0.914 2.30574
0.915 2.30996
0.916 2.3142
0.917 2.31844
0.918 2.3227
0.919 2.32697
0.92 2.33126
0.921 2.33555
0.922 2.33986
0.923 2.34418
0.924 2.34852
0.925 2.35286
0.926 2.35722
0.927 2.3616
0.928 2.36598
0.929 2.37038
0.93 2.37479
0.931 2.37921
0.932 2.38365
0.933 2.3881
0.934 2.39257
0.935 2.39704
0.936 2.40153
0.937 2.40603
0.938 2.41055
0.939 2.41508
0.94 2.41962
0.941 2.42418
0.942 2.42875
0.943 2.43333
0.944 2.43792
0.945 2.44253
0.946 2.44716
0.947 2.45179
0.948 2.45645
0.949 2.46111
0.95 2.46579
0.951 2.47048
0.952 2.47519
0.953 2.47991
0.954 2.48464
0.955 2.48939
0.956 2.49415
0.957 2.49892
0.958 2.50371
0.959 2.50852
0.96 2.51334
0.961 2.51817
0.962 2.52301
0.963 2.52788
0.964 2.53275
0.965 2.53764
0.966 2.54255
0.967 2.54746
0.968 2.5524
0.969 2.55735
0.97 2.56231
0.971 2.56729
0.972 2.57228
0.973 2.57729
0.974 2.58231
0.975 2.58734
0.976 2.5924
0.977 2.59746
0.978 2.60254
0.979 2.60764
0.98 2.61275
0.981 2.61788
0.982 2.62302
0.983 2.62818
0.984 2.63335
0.985 2.63854
0.986 2.64375
0.987 2.64897
0.988 2.6542
0.989 2.65945
0.99 2.66472
0.991 2.67
0.992 2.6753
0.993 2.68061
0.994 2.68594
0.995 2.69129
0.996 2.69665
0.997 2.70203
0.998 2.70742
0.999 2.71283
1 2.71825
