-1 1.99752
-0.999 1.99421
-0.998 1.99084
-0.997 1.98742
-0.996 1.98395
-0.995 1.98042
-0.994 1.97685
-0.993 1.97324
-0.992 1.96959
-0.991 1.9659
-0.99 1.96218
-0.989 1.95843
-0.988 1.95465
-0.987 1.95084
-0.986 1.94701
-0.985 1.94315
-0.984 1.93928
-0.983 1.93539
-0.982 1.93148
-0.981 1.92756
-0.98 1.92362
-0.979 1.91968
-0.978 1.91572
-0.977 1.91176
-0.976 1.90779
-0.975 1.90382
-0.974 1.89985
-0.973 1.89587
-0.972 1.89189
-0.971 1.88791
-0.97 1.88393
-0.969 1.87995
-0.968 1.87598
-0.967 1.87201
-0.966 1.86804
-0.965 1.86408
-0.964 1.86013
-0.963 1.85618
-0.962 1.85223
-0.961 1.8483
-0.96 1.84438
-0.959 1.84046
-0.958 1.83655
-0.957 1.83265
-0.956 1.82876
-0.955 1.82489
-0.954 1.82102
-0.953 1.81716
-0.952 1.81332
-0.951 1.80948
-0.95 1.80566
-0.949 1.80185
-0.948 1.79805
-0.947 1.79426
-0.946 1.79049
-0.945 1.78672
-0.944 1.78297
-0.943 1.77923
-0.942 1.77551
-0.941 1.77179
-0.94 1.76809
-0.939 1.7644
-0.938 1.76072
-0.937 1.75706
-0.936 1.7534
-0.935 1.74976
-0.934 1.74613
-0.933 1.74251
-0.932 1.7389
-0.931 1.73531
-0.93 1.73172
-0.929 1.72815
-0.928 1.72459
-0.927 1.72104
-0.926 1.7175
-0.925 1.71397
-0.924 1.71045
-0.923 1.70694
-0.922 1.70344
-0.921 1.69995
-0.92 1.69647
-0.919 1.693
-0.918 1.68954
-0.917 1.68609
-0.916 1.68265
-0.915 1.67921
-0.914 1.67579
-0.913 1.67237
-0.912 1.66896
-0.911 1.66556
-0.91 1.66217
-0.909 1.65878
-0.908 1.6554
-0.907 1.65203
-0.906 1.64867
-0.905 1.64531
-0.904 1.64196
-0.903 1.63861
-0.902 1.63527
-0.901 1.63194
-0.9 1.62862
-0.899 1.62529
-0.898 1.62198
-0.897 1.61867
-0.896 1.61537
-0.895 1.61207
-0.894 1.60877
-0.893 1.60548
-0.892 1.6022
-0.891 1.59892
-0.89 1.59564
-0.889 1.59237
-0.888 1.5891
-0.887 1.58583
-0.886 1.58257
-0.885 1.57932
-0.884 1.57606
-0.883 1.57281
-0.882 1.56957
-0.881 1.56633
-0.88 1.56309
-0.879 1.55985
-0.878 1.55661
-0.877 1.55338
-0.876 1.55016
-0.875 1.54693
-0.874 1.54371
-0.873 1.54049
-0.872 1.53727
-0.871 1.53405
-0.87 1.53084
-0.869 1.52763
-0.868 1.52442
-0.867 1.52121
-0.866 1.51801
-0.865 1.51481
-0.864 1.51161
-0.863 1.50841
-0.862 1.50522
-0.861 1.50202
-0.86 1.49883
-0.859 1.49564
-0.858 1.49245
-0.857 1.48927
-0.856 1.48608
-0.855 1.4829
-0.854 1.47972
-0.853 1.47655
-0.852 1.47337
-0.851 1.4702
-0.85 1.46703
-0.849 1.46386
-0.848 1.46069
-0.847 1.45752
-0.846 1.45436
-0.845 1.4512
-0.844 1.44804
-0.843 1.44488
-0.842 1.44173
-0.841 1.43858
-0.84 1.43543
-0.839 1.43228
-0.838 1.42914
-0.837 1.42599
-0.836 1.42285
-0.835 1.41971
-0.834 1.41658
-0.833 1.41345
-0.832 1.41032
-0.831 1.40719
-0.83 1.40407
-0.829 1.40094
-0.828 1.39783
-0.827 1.39471
-0.826 1.3916
-0.825 1.38849
-0.824 1.38538
-0.823 1.38228
-0.822 1.37918
-0.821 1.37608
-0.82 1.37299
-0.819 1.3699
-0.818 1.36682
-0.817 1.36373
-0.816 1.36066
-0.815 1.35758
-0.814 1.35451
-0.813 1.35144
-0.812 1.34838
-0.811 1.34532
-0.81 1.34226
-0.809 1.33921
-0.808 1.33617
-0.807 1.33312
-0.806 1.33009
-0.805 1.32705
-0.804 1.32402
-0.803 1.321
-0.802 1.31798
-0.801 1.31496
-0.8 1.31195
-0.799 1.30895
-0.798 1.30595
-0.797 1.30295
-0.796 1.29996
-0.795 1.29697
-0.794 1.29399
-0.793 1.29102
-0.792 1.28805
-0.791 1.28508
-0.79 1.28212
-0.789 1.27917
-0.788 1.27622
-0.787 1.27328
-0.786 1.27034
-0.785 1.26741
-0.784 1.26448
-0.783 1.26156
-0.782 1.25865
-0.781 1.25574
-0.78 1.25284
-0.779 1.24994
-0.778 1.24705
-0.777 1.24416
-0.776 1.24128
-0.775 1.23841
-0.774 1.23554
-0.773 1.23268
-0.772 1.22983
-0.771 1.22698
-0.77 1.22414
-0.769 1.2213
-0.768 1.21847
-0.767 1.21565
-0.766 1.21283
-0.765 1.21002
-0.764 1.20722
-0.763 1.20442
-0.762 1.20163
-0.761 1.19885
-0.76 1.19607
-0.759 1.1933
-0.758 1.19054
-0.757 1.18778
-0.756 1.18503
-0.755 1.18228
-0.754 1.17954
-0.753 1.17681
-0.752 1.17409
-0.751 1.17137
-0.75 1.16866
-0.749 1.16595
-0.748 1.16325
-0.747 1.16056
-0.746 1.15788
-0.745 1.1552
-0.744 1.15253
-0.743 1.14986
-0.742 1.1472
-0.741 1.14455
-0.74 1.14191
-0.739 1.13927
-0.738 1.13664
-0.737 1.13401
-0.736 1.13139
-0.735 1.12878
-0.734 1.12617
-0.733 1.12357
-0.732 1.12098
-0.731 1.1184
-0.73 1.11582
-0.729 1.11324
-0.728 1.11067
-0.727 1.10811
-0.726 1.10556
-0.725 1.10301
-0.724 1.10047
-0.723 1.09793
-0.722 1.0954
-0.721 1.09288
-0.72 1.09036
-0.719 1.08785
-0.718 1.08535
-0.717 1.08285
-0.716 1.08036
-0.715 1.07787
-0.714 1.07539
-0.713 1.07291
-0.712 1.07045
-0.711 1.06798
-0.71 1.06552
-0.709 1.06307
-0.708 1.06063
-0.707 1.05819
-0.706 1.05575
-0.705 1.05332
-0.704 1.0509
-0.703 1.04848
-0.702 1.04607
-0.701 1.04366
-0.7 1.04126
-0.699 1.03886
-0.698 1.03647
-0.697 1.03409
-0.696 1.03171
-0.695 1.02933
-0.694 1.02696
-0.693 1.02459
-0.692 1.02223
-0.691 1.01988
-0.69 1.01753
-0.689 1.01518
-0.688 1.01284
-0.687 1.0105
-0.686 1.00817
-0.685 1.00584
-0.684 1.00352
-0.683 1.0012
-0.682 0.998886
-0.681 0.996577
-0.68 0.994272
-0.679 0.991971
-0.678 0.989674
-0.677 0.987382
-0.676 0.985093
-0.675 0.982809
-0.674 0.980529
-0.673 0.978253
-0.672 0.975981
-0.671 0.973712
-0.67 0.971448
-0.669 0.969187
-0.668 0.96693
-0.667 0.964677
-0.666 0.962427
-0.665 0.960181
-0.664 0.957939
-0.663 0.9557
-0.662 0.953465
-0.661 0.951233
-0.66 0.949004
-0.659 0.946778
-0.658 0.944556
-0.657 0.942337
-0.656 0.940121
-0.655 0.937909
-0.654 0.935699
-0.653 0.933493
-0.652 0.931289
-0.651 0.929089
-0.65 0.926891
-0.649 0.924696
-0.648 0.922504
-0.647 0.920315
-0.646 0.918129
-0.645 0.915945
-0.644 0.913764
-0.643 0.911586
-0.642 0.90941
-0.641 0.907237
-0.64 0.905066
-0.639 0.902898
-0.638 0.900732
-0.637 0.898569
-0.636 0.896408
-0.635 0.894249
-0.634 0.892093
-0.633 0.889939
-0.632 0.887787
-0.631 0.885638
-0.63 0.883491
-0.629 0.881346
-0.628 0.879203
-0.627 0.877062
-0.626 0.874923
-0.625 0.872787
-0.624 0.870652
-0.623 0.86852
-0.622 0.866389
-0.621 0.864261
-0.62 0.862134
-0.619 0.86001
-0.618 0.857887
-0.617 0.855766
-0.616 0.853647
-0.615 0.85153
-0.614 0.849415
-0.613 0.847302
-0.612 0.845191
-0.611 0.843081
-0.61 0.840973
-0.609 0.838867
-0.608 0.836763
-0.607 0.834661
-0.606 0.83256
-0.605 0.830461
-0.604 0.828364
-0.603 0.826268
-0.602 0.824175
-0.601 0.822083
-0.6 0.819993
-0.599 0.817904
-0.598 0.815817
-0.597 0.813732
-0.596 0.811649
-0.595 0.809567
-0.594 0.807488
-0.593 0.80541
-0.592 0.803333
-0.591 0.801259
-0.59 0.799186
-0.589 0.797114
-0.588 0.795045
-0.587 0.792977
-0.586 0.790911
-0.585 0.788847
-0.584 0.786785
-0.583 0.784724
-0.582 0.782666
-0.581 0.780609
-0.58 0.778554
-0.579 0.7765
-0.578 0.774449
-0.577 0.772399
-0.576 0.770352
-0.575 0.768306
-0.574 0.766262
-0.573 0.76422
-0.572 0.76218
-0.571 0.760141
-0.57 0.758105
-0.569 0.756071
-0.568 0.754039
-0.567 0.752009
-0.566 0.749981
-0.565 0.747955
-0.564 0.745931
-0.563 0.743909
-0.562 0.741889
-0.561 0.739872
-0.56 0.737856
-0.559 0.735843
-0.558 0.733832
-0.557 0.731823
-0.556 0.729817
-0.555 0.727813
-0.554 0.725811
-0.553 0.723811
-0.552 0.721814
-0.551 0.71982
-0.55 0.717827
-0.549 0.715838
-0.548 0.71385
-0.547 0.711865
-0.546 0.709883
-0.545 0.707903
-0.544 0.705926
-0.543 0.703952
-0.542 0.70198
-0.541 0.700011
-0.54 0.698045
-0.539 0.696081
-0.538 0.69412
-0.537 0.692162
-0.536 0.690207
-0.535 0.688254
-0.534 0.686305
-0.533 0.684358
-0.532 0.682415
-0.531 0.680474
-0.53 0.678537
-0.529 0.676602
-0.528 0.674671
-0.527 0.672743
-0.526 0.670817
-0.525 0.668895
-0.524 0.666977
-0.523 0.665061
-0.522 0.663149
-0.521 0.66124
-0.52 0.659335
-0.519 0.657432
-0.518 0.655534
-0.517 0.653638
-0.516 0.651746
-0.515 0.649858
-0.514 0.647973
-0.513 0.646092
-0.512 0.644214
-0.511 0.64234
-0.51 0.640469
-0.509 0.638603
-0.508 0.63674
-0.507 0.63488
-0.506 0.633025
-0.505 0.631173
-0.504 0.629325
-0.503 0.627481
-0.502 0.62564
-0.501 0.623804
-0.5 0.621972
-0.499 0.620143
-0.498 0.618319
-0.497 0.616498
-0.496 0.614682
-0.495 0.61287
-0.494 0.611061
-0.493 0.609257
-0.492 0.607457
-0.491 0.605661
-0.49 0.60387
-0.489 0.602082
-0.488 0.600299
-0.487 0.59852
-0.486 0.596745
-0.485 0.594975
-0.484 0.593209
-0.483 0.591447
-0.482 0.58969
-0.481 0.587937
-0.48 0.586188
-0.479 0.584444
-0.478 0.582704
-0.477 0.580969
-0.476 0.579238
-0.475 0.577512
-0.474 0.57579
-0.473 0.574073
-0.472 0.57236
-0.471 0.570652
-0.47 0.568948
-0.469 0.567249
-0.468 0.565555
-0.467 0.563865
-0.466 0.562179
-0.465 0.560499
-0.464 0.558823
-0.463 0.557151
-0.462 0.555484
-0.461 0.553822
-0.46 0.552165
-0.459 0.550512
-0.458 0.548864
-0.457 0.54722
-0.456 0.545582
-0.455 0.543948
-0.454 0.542318
-0.453 0.540693
-0.452 0.539073
-0.451 0.537458
-0.45 0.535847
-0.449 0.534241
-0.448 0.53264
-0.447 0.531044
-0.446 0.529452
-0.445 0.527865
-0.444 0.526282
-0.443 0.524704
-0.442 0.523131
-0.441 0.521563
-0.44 0.519999
-0.439 0.51844
-0.438 0.516885
-0.437 0.515335
-0.436 0.51379
-0.435 0.512249
-0.434 0.510713
-0.433 0.509182
-0.432 0.507655
-0.431 0.506133
-0.43 0.504615
-0.429 0.503102
-0.428 0.501593
-0.427 0.500089
-0.426 0.498589
-0.425 0.497094
-0.424 0.495603
-0.423 0.494117
-0.422 0.492635
-0.421 0.491158
-0.42 0.489685
-0.419 0.488216
-0.418 0.486752
-0.417 0.485292
-0.416 0.483836
-0.415 0.482385
-0.414 0.480938
-0.413 0.479495
-0.412 0.478056
-0.411 0.476622
-0.41 0.475191
-0.409 0.473765
-0.408 0.472343
-0.407 0.470925
-0.406 0.469511
-0.405 0.468101
-0.404 0.466695
-0.403 0.465293
-0.402 0.463895
-0.401 0.4625
-0.4 0.46111
-0.399 0.459723
-0.398 0.458341
-0.397 0.456962
-0.396 0.455586
-0.395 0.454215
-0.394 0.452847
-0.393 0.451482
-0.392 0.450122
-0.391 0.448764
-0.39 0.447411
-0.389 0.44606
-0.388 0.444714
-0.387 0.44337
-0.386 0.44203
-0.385 0.440693
-0.384 0.43936
-0.383 0.438029
-0.382 0.436702
-0.381 0.435378
-0.38 0.434058
-0.379 0.43274
-0.378 0.431425
-0.377 0.430113
-0.376 0.428805
-0.375 0.427499
-0.374 0.426196
-0.373 0.424895
-0.372 0.423598
-0.371 0.422303
-0.37 0.421011
-0.369 0.419722
-0.368 0.418435
-0.367 0.417151
-0.366 0.415869
-0.365 0.414589
-0.364 0.413312
-0.363 0.412038
-0.362 0.410765
-0.361 0.409495
-0.36 0.408227
-0.359 0.406962
-0.358 0.405698
-0.357 0.404437
-0.356 0.403177
-0.355 0.40192
-0.354 0.400664
-0.353 0.399411
-0.352 0.398159
-0.351 0.396909
-0.35 0.39566
-0.349 0.394414
-0.348 0.393169
-0.347 0.391926
-0.346 0.390684
-0.345 0.389443
-0.344 0.388204
-0.343 0.386967
-0.342 0.385731
-0.341 0.384496
-0.34 0.383263
-0.339 0.38203
-0.338 0.380799
-0.337 0.379569
-0.336 0.37834
-0.335 0.377112
-0.334 0.375885
-0.333 0.374659
-0.332 0.373434
-0.331 0.372209
-0.33 0.370986
-0.329 0.369763
-0.328 0.368541
-0.327 0.36732
-0.326 0.366099
-0.325 0.364878
-0.324 0.363659
-0.323 0.362439
-0.322 0.36122
-0.321 0.360002
-0.32 0.358784
-0.319 0.357566
-0.318 0.356348
-0.317 0.355131
-0.316 0.353914
-0.315 0.352697
-0.314 0.35148
-0.313 0.350263
-0.312 0.349046
-0.311 0.347829
-0.31 0.346612
-0.309 0.345395
-0.308 0.344177
-0.307 0.34296
-0.306 0.341742
-0.305 0.340524
-0.304 0.339305
-0.303 0.338087
-0.302 0.336868
-0.301 0.335648
-0.3 0.334428
-0.299 0.333208
-0.298 0.331987
-0.297 0.330765
-0.296 0.329543
-0.295 0.328321
-0.294 0.327097
-0.293 0.325873
-0.292 0.324648
-0.291 0.323423
-0.29 0.322197
-0.289 0.32097
-0.288 0.319742
-0.287 0.318513
-0.286 0.317283
-0.285 0.316053
-0.284 0.314821
-0.283 0.313589
-0.282 0.312355
-0.281 0.311121
-0.28 0.309886
-0.279 0.308649
-0.278 0.307412
-0.277 0.306173
-0.276 0.304933
-0.275 0.303692
-0.274 0.30245
-0.273 0.301207
-0.272 0.299963
-0.271 0.298717
-0.27 0.29747
-0.269 0.296222
-0.268 0.294973
-0.267 0.293723
-0.266 0.292471
-0.265 0.291218
-0.264 0.289963
-0.263 0.288708
-0.262 0.287451
-0.261 0.286193
-0.26 0.284933
-0.259 0.283672
-0.258 0.28241
-0.257 0.281147
-0.256 0.279882
-0.255 0.278616
-0.254 0.277348
-0.253 0.276079
-0.252 0.274809
-0.251 0.273537
-0.25 0.272264
-0.249 0.27099
-0.248 0.269715
-0.247 0.268438
-0.246 0.267159
-0.245 0.26588
-0.244 0.264599
-0.243 0.263317
-0.242 0.262033
-0.241 0.260749
-0.24 0.259463
-0.239 0.258175
-0.238 0.256887
-0.237 0.255597
-0.236 0.254306
-0.235 0.253014
-0.234 0.25172
-0.233 0.250426
-0.232 0.24913
-0.231 0.247833
-0.23 0.246535
-0.229 0.245236
-0.228 0.243936
-0.227 0.242635
-0.226 0.241333
-0.225 0.240029
-0.224 0.238725
-0.223 0.23742
-0.222 0.236114
-0.221 0.234807
-0.22 0.233499
-0.219 0.23219
-0.218 0.230881
-0.217 0.22957
-0.216 0.228259
-0.215 0.226947
-0.214 0.225635
-0.213 0.224322
-0.212 0.223008
-0.211 0.221693
-0.21 0.220379
-0.209 0.219063
-0.208 0.217747
-0.207 0.216431
-0.206 0.215114
-0.205 0.213797
-0.204 0.21248
-0.203 0.211162
-0.202 0.209845
-0.201 0.208527
-0.2 0.207208
-0.199 0.20589
-0.198 0.204572
-0.197 0.203254
-0.196 0.201936
-0.195 0.200618
-0.194 0.1993
-0.193 0.197982
-0.192 0.196665
-0.191 0.195348
-0.19 0.194031
-0.189 0.192715
-0.188 0.191399
-0.187 0.190084
-0.186 0.188769
-0.185 0.187455
-0.184 0.186142
-0.183 0.184829
-0.182 0.183518
-0.181 0.182207
-0.18 0.180897
-0.179 0.179588
-0.178 0.17828
-0.177 0.176973
-0.176 0.175668
-0.175 0.174364
-0.174 0.173061
-0.173 0.171759
-0.172 0.170459
-0.171 0.16916
-0.17 0.167863
-0.169 0.166568
-0.168 0.165274
-0.167 0.163982
-0.166 0.162692
-0.165 0.161404
-0.164 0.160118
-0.163 0.158834
-0.162 0.157552
-0.161 0.156272
-0.16 0.154995
-0.159 0.15372
-0.158 0.152447
-0.157 0.151177
-0.156 0.149909
-0.155 0.148644
-0.154 0.147382
-0.153 0.146122
-0.152 0.144865
-0.151 0.143612
-0.15 0.142361
-0.149 0.141113
-0.148 0.139869
-0.147 0.138627
-0.146 0.13739
-0.145 0.136155
-0.144 0.134924
-0.143 0.133696
-0.142 0.132472
-0.141 0.131252
-0.14 0.130036
-0.139 0.128823
-0.138 0.127615
-0.137 0.12641
-0.136 0.125209
-0.135 0.124013
-0.134 0.122821
-0.133 0.121633
-0.132 0.12045
-0.131 0.119271
-0.13 0.118097
-0.129 0.116927
-0.128 0.115762
-0.127 0.114602
-0.126 0.113447
-0.125 0.112297
-0.124 0.111152
-0.123 0.110012
-0.122 0.108877
-0.121 0.107748
-0.12 0.106624
-0.119 0.105505
-0.118 0.104392
-0.117 0.103284
-0.116 0.102183
-0.115 0.101087
-0.114 0.0999967
-0.113 0.0989126
-0.112 0.0978345
-0.111 0.0967625
-0.11 0.0956967
-0.109 0.0946371
-0.108 0.0935839
-0.107 0.0925371
-0.106 0.0914969
-0.105 0.0904632
-0.104 0.0894361
-0.103 0.0884159
-0.102 0.0874024
-0.101 0.0863958
-0.1 0.0853962
-0.099 0.0844036
-0.098 0.0834182
-0.097 0.08244
-0.096 0.0814691
-0.095 0.0805055
-0.094 0.0795493
-0.093 0.0786007
-0.092 0.0776596
-0.091 0.0767262
-0.09 0.0758006
-0.089 0.0748827
-0.088 0.0739727
-0.087 0.0730707
-0.086 0.0721767
-0.085 0.0712908
-0.084 0.0704131
-0.083 0.0695436
-0.082 0.0686824
-0.081 0.0678296
-0.08 0.0669852
-0.079 0.0661494
-0.078 0.0653222
-0.077 0.0645036
-0.076 0.0636937
-0.075 0.0628927
-0.074 0.0621004
-0.073 0.0613172
-0.072 0.0605429
-0.071 0.0597776
-0.07 0.0590215
-0.069 0.0582745
-0.068 0.0575368
-0.067 0.0568084
-0.066 0.0560894
-0.065 0.0553798
-0.064 0.0546797
-0.063 0.0539891
-0.062 0.0533082
-0.061 0.0526369
-0.06 0.0519753
-0.059 0.0513235
-0.058 0.0506815
-0.057 0.0500494
-0.056 0.0494273
-0.055 0.0488151
-0.054 0.048213
-0.053 0.047621
-0.052 0.0470392
-0.051 0.0464675
-0.05 0.0459061
-0.049 0.045355
-0.048 0.0448143
-0.047 0.0442839
-0.046 0.043764
-0.045 0.0432545
-0.044 0.0427556
-0.043 0.0422673
-0.042 0.0417896
-0.041 0.0413225
-0.04 0.0408661
-0.039 0.0404205
-0.038 0.0399857
-0.037 0.0395616
-0.036 0.0391485
-0.035 0.0387462
-0.034 0.0383548
-0.033 0.0379744
-0.032 0.037605
-0.031 0.0372466
-0.03 0.0368992
-0.029 0.036563
-0.028 0.0362379
-0.027 0.0359239
-0.026 0.0356211
-0.025 0.0353295
-0.024 0.0350491
-0.023 0.03478
-0.022 0.0345221
-0.021 0.0342755
-0.02 0.0340403
-0.019 0.0338164
-0.018 0.0336039
-0.017 0.0334027
-0.016 0.033213
-0.015 0.0330346
-0.014 0.0328677
-0.013 0.0327123
-0.012 0.0325683
-0.011 0.0324357
-0.01 0.0323147
-0.009 0.0322051
-0.008 0.0321071
-0.007 0.0320206
-0.006 0.0319456
-0.005 0.0318821
-0.004 0.0318301
-0.003 0.0317897
-0.002 0.0317609
-0.001 0.0317435
0 0.0317378
0.001 0.0317435
0.002 0.0317609
0.003 0.0317897
0.004 0.0318301
0.005 0.0318821
0.006 0.0319456
0.007 0.0320206
0.008 0.0321071
0.009 0.0322051
0.01 0.0323147
0.011 0.0324357
0.012 0.0325683
0.013 0.0327123
0.014 0.0328677
0.015 0.0330346
0.016 0.033213
0.017 0.0334027
0.018 0.0336039
0.019 0.0338164
0.02 0.0340403
0.021 0.0342755
0.022 0.0345221
0.023 0.03478
0.024 0.0350491
0.025 0.0353295
0.026 0.0356211
0.027 0.0359239
0.028 0.0362379
0.029 0.036563
0.03 0.0368992
0.031 0.0372466
0.032 0.037605
0.033 0.0379744
0.034 0.0383548
0.035 0.0387462
0.036 0.0391485
0.037 0.0395616
0.038 0.0399857
0.039 0.0404205
0.04 0.0408661
0.041 0.0413225
0.042 0.0417896
0.043 0.0422673
0.044 0.0427556
0.045 0.0432545
0.046 0.043764
0.047 0.0442839
0.048 0.0448143
0.049 0.045355
0.05 0.0459061
0.051 0.0464675
0.052 0.0470392
0.053 0.047621
0.054 0.048213
0.055 0.0488151
0.056 0.0494273
0.057 0.0500494
0.058 0.0506815
0.059 0.0513235
0.06 0.0519753
0.061 0.0526369
0.062 0.0533082
0.063 0.0539891
0.064 0.0546797
0.065 0.0553798
0.066 0.0560894
0.067 0.0568084
0.068 0.0575368
0.069 0.0582745
0.07 0.0590215
0.071 0.0597776
0.072 0.0605429
0.073 0.0613172
0.074 0.0621004
0.075 0.0628927
0.076 0.0636937
0.077 0.0645036
0.078 0.0653222
0.079 0.0661494
0.08 0.0669852
0.081 0.0678296
0.082 0.0686824
0.083 0.0695436
0.084 0.0704131
0.085 0.0712908
0.086 0.0721767
0.087 0.0730707
0.088 0.0739727
0.089 0.0748827
0.09 0.0758006
0.091 0.0767262
0.092 0.0776596
0.093 0.0786007
0.094 0.0795493
0.095 0.0805055
0.096 0.0814691
0.097 0.08244
0.098 0.0834182
0.099 0.0844036
0.1 0.0853962
0.101 0.0863958
0.102 0.0874024
0.103 0.0884159
0.104 0.0894361
0.105 0.0904632
0.106 0.0914969
0.107 0.0925371
0.108 0.0935839
0.109 0.0946371
0.11 0.0956967
0.111 0.0967625
0.112 0.0978345
0.113 0.0989126
0.114 0.0999967
0.115 0.101087
0.116 0.102183
0.117 0.103284
0.118 0.104392
0.119 0.105505
0.12 0.106624
0.121 0.107748
0.122 0.108877
0.123 0.110012
0.124 0.111152
0.125 0.112297
0.126 0.113447
0.127 0.114602
0.128 0.115762
0.129 0.116927
0.13 0.118097
0.131 0.119271
0.132 0.12045
0.133 0.121633
0.134 0.122821
0.135 0.124013
0.136 0.125209
0.137 0.12641
0.138 0.127615
0.139 0.128823
0.14 0.130036
0.141 0.131252
0.142 0.132472
0.143 0.133696
0.144 0.134924
0.145 0.136155
0.146 0.13739
0.147 0.138627
0.148 0.139869
0.149 0.141113
0.15 0.142361
0.151 0.143612
0.152 0.144865
0.153 0.146122
0.154 0.147382
0.155 0.148644
0.156 0.149909
0.157 0.151177
0.158 0.152447
0.159 0.15372
0.16 0.154995
0.161 0.156272
0.162 0.157552
0.163 0.158834
0.164 0.160118
0.165 0.161404
0.166 0.162692
0.167 0.163982
0.168 0.165274
0.169 0.166568
0.17 0.167863
0.171 0.16916
0.172 0.170459
0.173 0.171759
0.174 0.173061
0.175 0.174364
0.176 0.175668
0.177 0.176973
0.178 0.17828
0.179 0.179588
0.18 0.180897
0.181 0.182207
0.182 0.183518
0.183 0.184829
0.184 0.186142
0.185 0.187455
0.186 0.188769
0.187 0.190084
0.188 0.191399
0.189 0.192715
0.19 0.194031
0.191 0.195348
0.192 0.196665
0.193 0.197982
0.194 0.1993
0.195 0.200618
0.196 0.201936
0.197 0.203254
0.198 0.204572
0.199 0.20589
0.2 0.207208
0.201 0.208527
0.202 0.209845
0.203 0.211162
0.204 0.21248
0.205 0.213797
0.206 0.215114
0.207 0.216431
0.208 0.217747
0.209 0.219063
0.21 0.220379
0.211 0.221693
0.212 0.223008
0.213 0.224322
0.214 0.225635
0.215 0.226947
0.216 0.228259
0.217 0.22957
0.218 0.230881
0.219 0.23219
0.22 0.233499
0.221 0.234807
0.222 0.236114
0.223 0.23742
0.224 0.238725
0.225 0.240029
0.226 0.241333
0.227 0.242635
0.228 0.243936
0.229 0.245236
0.23 0.246535
0.231 0.247833
0.232 0.24913
0.233 0.250426
0.234 0.25172
0.235 0.253014
0.236 0.254306
0.237 0.255597
0.238 0.256887
0.239 0.258175
0.24 0.259463
0.241 0.260749
0.242 0.262033
0.243 0.263317
0.244 0.264599
0.245 0.26588
0.246 0.267159
0.247 0.268438
0.248 0.269715
0.249 0.27099
0.25 0.272264
0.251 0.273537
0.252 0.274809
0.253 0.276079
0.254 0.277348
0.255 0.278616
0.256 0.279882
0.257 0.281147
0.258 0.28241
0.259 0.283672
0.26 0.284933
0.261 0.286193
0.262 0.287451
0.263 0.288708
0.264 0.289963
0.265 0.291218
0.266 0.292471
0.267 0.293723
0.268 0.294973
0.269 0.296222
0.27 0.29747
0.271 0.298717
0.272 0.299963
0.273 0.301207
0.274 0.30245
0.275 0.303692
0.276 0.304933
0.277 0.306173
0.278 0.307412
0.279 0.308649
0.28 0.309886
0.281 0.311121
0.282 0.312355
0.283 0.313589
0.284 0.314821
0.285 0.316053
0.286 0.317283
0.287 0.318513
0.288 0.319742
0.289 0.32097
0.29 0.322197
0.291 0.323423
0.292 0.324648
0.293 0.325873
0.294 0.327097
0.295 0.328321
0.296 0.329543
0.297 0.330765
0.298 0.331987
0.299 0.333208
0.3 0.334428
0.301 0.335648
0.302 0.336868
0.303 0.338087
0.304 0.339305
0.305 0.340524
0.306 0.341742
0.307 0.34296
0.308 0.344177
0.309 0.345395
0.31 0.346612
0.311 0.347829
0.312 0.349046
0.313 0.350263
0.314 0.35148
0.315 0.352697
0.316 0.353914
0.317 0.355131
0.318 0.356348
0.319 0.357566
0.32 0.358784
0.321 0.360002
0.322 0.36122
0.323 0.362439
0.324 0.363659
0.325 0.364878
0.326 0.366099
0.327 0.36732
0.328 0.368541
0.329 0.369763
0.33 0.370986
0.331 0.372209
0.332 0.373434
0.333 0.374659
0.334 0.375885
0.335 0.377112
0.336 0.37834
0.337 0.379569
0.338 0.380799
0.339 0.38203
0.34 0.383263
0.341 0.384496
0.342 0.385731
0.343 0.386967
0.344 0.388204
0.345 0.389443
0.346 0.390684
0.347 0.391926
0.348 0.393169
0.349 0.394414
0.35 0.39566
0.351 0.396909
0.352 0.398159
0.353 0.399411
0.354 0.400664
0.355 0.40192
0.356 0.403177
0.357 0.404437
0.358 0.405698
0.359 0.406962
0.36 0.408227
0.361 0.409495
0.362 0.410765
0.363 0.412038
0.364 0.413312
0.365 0.414589
0.366 0.415869
0.367 0.417151
0.368 0.418435
0.369 0.419722
0.37 0.421011
0.371 0.422303
0.372 0.423598
0.373 0.424895
0.374 0.426196
0.375 0.427499
0.376 0.428805
0.377 0.430113
0.378 0.431425
0.379 0.43274
0.38 0.434058
0.381 0.435378
0.382 0.436702
0.383 0.438029
0.384 0.43936
0.385 0.440693
0.386 0.44203
0.387 0.44337
0.388 0.444714
0.389 0.44606
0.39 0.447411
0.391 0.448764
0.392 0.450122
0.393 0.451482
0.394 0.452847
0.395 0.454215
0.396 0.455586
0.397 0.456962
0.398 0.458341
0.399 0.459723
0.4 0.46111
0.401 0.4625
0.402 0.463895
0.403 0.465293
0.404 0.466695
0.405 0.468101
0.406 0.469511
0.407 0.470925
0.408 0.472343
0.409 0.473765
0.41 0.475191
0.411 0.476622
0.412 0.478056
0.413 0.479495
0.414 0.480938
0.415 0.482385
0.416 0.483836
0.417 0.485292
0.418 0.486752
0.419 0.488216
0.42 0.489685
0.421 0.491158
0.422 0.492635
0.423 0.494117
0.424 0.495603
0.425 0.497094
0.426 0.498589
0.427 0.500089
0.428 0.501593
0.429 0.503102
0.43 0.504615
0.431 0.506133
0.432 0.507655
0.433 0.509182
0.434 0.510713
0.435 0.512249
0.436 0.51379
0.437 0.515335
0.438 0.516885
0.439 0.51844
0.44 0.519999
0.441 0.521563
0.442 0.523131
0.443 0.524704
0.444 0.526282
0.445 0.527865
0.446 0.529452
0.447 0.531044
0.448 0.53264
0.449 0.534241
0.45 0.535847
0.451 0.537458
0.452 0.539073
0.453 0.540693
0.454 0.542318
0.455 0.543948
0.456 0.545582
0.457 0.54722
0.458 0.548864
0.459 0.550512
0.46 0.552165
0.461 0.553822
0.462 0.555484
0.463 0.557151
0.464 0.558823
0.465 0.560499
0.466 0.562179
0.467 0.563865
0.468 0.565555
0.469 0.567249
0.47 0.568948
0.471 0.570652
0.472 0.57236
0.473 0.574073
0.474 0.57579
0.475 0.577512
0.476 0.579238
0.477 0.580969
0.478 0.582704
0.479 0.584444
0.48 0.586188
0.481 0.587937
0.482 0.58969
0.483 0.591447
0.484 0.593209
0.485 0.594975
0.486 0.596745
0.487 0.59852
0.488 0.600299
0.489 0.602082
0.49 0.60387
0.491 0.605661
0.492 0.607457
0.493 0.609257
0.494 0.611061
0.495 0.61287
0.496 0.614682
0.497 0.616498
0.498 0.618319
0.499 0.620143
0.5 0.621972
0.501 0.623804
0.502 0.62564
0.503 0.627481
0.504 0.629325
0.505 0.631173
0.506 0.633025
0.507 0.63488
0.508 0.63674
0.509 0.638603
0.51 0.640469
0.511 0.64234
0.512 0.644214
0.513 0.646092
0.514 0.647973
0.515 0.649858
0.516 0.651746
0.517 0.653638
0.518 0.655534
0.519 0.657432
0.52 0.659335
0.521 0.66124
0.522 0.663149
0.523 0.665061
0.524 0.666977
0.525 0.668895
0.526 0.670817
0.527 0.672743
0.528 0.674671
0.529 0.676602
0.53 0.678537
0.531 0.680474
0.532 0.682415
0.533 0.684358
0.534 0.686305
0.535 0.688254
0.536 0.690207
0.537 0.692162
0.538 0.69412
0.539 0.696081
0.54 0.698045
0.541 0.700011
0.542 0.70198
0.543 0.703952
0.544 0.705926
0.545 0.707903
0.546 0.709883
0.547 0.711865
0.548 0.71385
0.549 0.715838
0.55 0.717827
0.551 0.71982
0.552 0.721814
0.553 0.723811
0.554 0.725811
0.555 0.727813
0.556 0.729817
0.557 0.731823
0.558 0.733832
0.559 0.735843
0.56 0.737856
0.561 0.739872
0.562 0.741889
0.563 0.743909
0.564 0.745931
0.565 0.747955
0.566 0.749981
0.567 0.752009
0.568 0.754039
0.569 0.756071
0.57 0.758105
0.571 0.760141
0.572 0.76218
0.573 0.76422
0.574 0.766262
0.575 0.768306
0.576 0.770352
0.577 0.772399
0.578 0.774449
0.579 0.7765
0.58 0.778554
0.581 0.780609
0.582 0.782666
0.583 0.784724
0.584 0.786785
0.585 0.788847
0.586 0.790911
0.587 0.792977
0.588 0.795045
0.589 0.797114
0.59 0.799186
0.591 0.801259
0.592 0.803333
0.593 0.80541
0.594 0.807488
0.595 0.809567
0.596 0.811649
0.597 0.813732
0.598 0.815817
0.599 0.817904
0.6 0.819993
0.601 0.822083
0.602 0.824175
0.603 0.826268
0.604 0.828364
0.605 0.830461
0.606 0.83256
0.607 0.834661
0.608 0.836763
0.609 0.838867
0.61 0.840973
0.611 0.843081
0.612 0.845191
0.613 0.847302
0.614 0.849415
0.615 0.85153
0.616 0.853647
0.617 0.855766
0.618 0.857887
0.619 0.86001
0.62 0.862134
0.621 0.864261
0.622 0.866389
0.623 0.86852
0.624 0.870652
0.625 0.872787
0.626 0.874923
0.627 0.877062
0.628 0.879203
0.629 0.881346
0.63 0.883491
0.631 0.885638
0.632 0.887787
0.633 0.889939
0.634 0.892093
0.635 0.894249
0.636 0.896408
0.637 0.898569
0.638 0.900732
0.639 0.902898
0.64 0.905066
0.641 0.907237
0.642 0.90941
0.643 0.911586
0.644 0.913764
0.645 0.915945
0.646 0.918129
0.647 0.920315
0.648 0.922504
0.649 0.924696
0.65 0.926891
0.651 0.929089
0.652 0.931289
0.653 0.933493
0.654 0.935699
0.655 0.937909
0.656 0.940121
0.657 0.942337
0.658 0.944556
0.659 0.946778
0.66 0.949004
0.661 0.951233
0.662 0.953465
0.663 0.9557
0.664 0.957939
0.665 0.960181
0.666 0.962427
0.667 0.964677
0.668 0.96693
0.669 0.969187
0.67 0.971448
0.671 0.973712
0.672 0.975981
0.673 0.978253
0.674 0.980529
0.675 0.982809
0.676 0.985093
0.677 0.987382
0.678 0.989674
0.679 0.991971
0.68 0.994272
0.681 0.996577
0.682 0.998886
0.683 1.0012
0.684 1.00352
0.685 1.00584
0.686 1.00817
0.687 1.0105
0.688 1.01284
0.689 1.01518
0.69 1.01753
0.691 1.01988
0.692 1.02223
0.693 1.02459
0.694 1.02696
0.695 1.02933
0.696 1.03171
0.697 1.03409
0.698 1.03647
0.699 1.03886
0.7 1.04126
0.701 1.04366
0.702 1.04607
0.703 1.04848
0.704 1.0509
0.705 1.05332
0.706 1.05575
0.707 1.05819
0.708 1.06063
0.709 1.06307
0.71 1.06552
0.711 1.06798
0.712 1.07045
0.713 1.07291
0.714 1.07539
0.715 1.07787
0.716 1.08036
0.717 1.08285
0.718 1.08535
0.719 1.08785
0.72 1.09036
0.721 1.09288
0.722 1.0954
0.723 1.09793
0.724 1.10047
0.725 1.10301
0.726 1.10556
0.727 1.10811
0.728 1.11067
0.729 1.11324
0.73 1.11582
0.731 1.1184
0.732 1.12098
0.733 1.12357
0.734 1.12617
0.735 1.12878
0.736 1.13139
0.737 1.13401
0.738 1.13664
0.739 1.13927
0.74 1.14191
0.741 1.14455
0.742 1.1472
0.743 1.14986
0.744 1.15253
0.745 1.1552
0.746 1.15788
0.747 1.16056
0.748 1.16325
0.749 1.16595
0.75 1.16866
0.751 1.17137
0.752 1.17409
0.753 1.17681
0.754 1.17954
0.755 1.18228
0.756 1.18503
0.757 1.18778
0.758 1.19054
0.759 1.1933
0.76 1.19607
0.761 1.19885
0.762 1.20163
0.763 1.20442
0.764 1.20722
0.765 1.21002
0.766 1.21283
0.767 1.21565
0.768 1.21847
0.769 1.2213
0.77 1.22414
0.771 1.22698
0.772 1.22983
0.773 1.23268
0.774 1.23554
0.775 1.23841
0.776 1.24128
0.777 1.24416
0.778 1.24705
0.779 1.24994
0.78 1.25284
0.781 1.25574
0.782 1.25865
0.783 1.26156
0.784 1.26448
0.785 1.26741
0.786 1.27034
0.787 1.27328
0.788 1.27622
0.789 1.27917
0.79 1.28212
0.791 1.28508
0.792 1.28805
0.793 1.29102
0.794 1.29399
0.795 1.29697
0.796 1.29996
0.797 1.30295
0.798 1.30595
0.799 1.30895
0.8 1.31195
0.801 1.31496
0.802 1.31798
0.803 1.321
0.804 1.32402
0.805 1.32705
0.806 1.33009
0.807 1.33312
0.808 1.33617
0.809 1.33921
0.81 1.34226
0.811 1.34532
0.812 1.34838
0.813 1.35144
0.814 1.35451
0.815 1.35758
0.816 1.36066
0.817 1.36373
0.818 1.36682
0.819 1.3699
0.82 1.37299
0.821 1.37608
0.822 1.37918
0.823 1.38228
0.824 1.38538
0.825 1.38849
0.826 1.3916
0.827 1.39471
0.828 1.39783
0.829 1.40094
0.83 1.40407
0.831 1.40719
0.832 1.41032
0.833 1.41345
0.834 1.41658
0.835 1.41971
0.836 1.42285
0.837 1.42599
0.838 1.42914
0.839 1.43228
0.84 1.43543
0.841 1.43858
0.842 1.44173
0.843 1.44488
0.844 1.44804
0.845 1.4512
0.846 1.45436
0.847 1.45752
0.848 1.46069
0.849 1.46386
0.85 1.46703
0.851 1.4702
0.852 1.47337
0.853 1.47655
0.854 1.47972
0.855 1.4829
0.856 1.48608
0.857 1.48927
0.858 1.49245
0.859 1.49564
0.86 1.49883
0.861 1.50202
0.862 1.50522
0.863 1.50841
0.864 1.51161
0.865 1.51481
0.866 1.51801
0.867 1.52121
0.868 1.52442
0.869 1.52763
0.87 1.53084
0.871 1.53405
0.872 1.53727
0.873 1.54049
0.874 1.54371
0.875 1.54693
0.876 1.55016
0.877 1.55338
0.878 1.55661
0.879 1.55985
0.88 1.56309
0.881 1.56633
0.882 1.56957
0.883 1.57281
0.884 1.57606
0.885 1.57932
0.886 1.58257
0.887 1.58583
0.888 1.5891
0.889 1.59237
0.89 1.59564
0.891 1.59892
0.892 1.6022
0.893 1.60548
0.894 1.60877
0.895 1.61207
0.896 1.61537
0.897 1.61867
0.898 1.62198
0.899 1.62529
0.9 1.62862
0.901 1.63194
0.902 1.63527
0.903 1.63861
0.904 1.64196
0.905 1.64531
0.906 1.64867
0.907 1.65203
0.908 1.6554
0.909 1.65878
0.91 1.66217
0.911 1.66556
0.912 1.66896
0.913 1.67237
0.914 1.67579
0.915 1.67921
0.916 1.68265
0.917 1.68609
0.918 1.68954
0.919 1.693
0.92 1.69647
0.921 1.69995
0.922 1.70344
0.923 1.70694
0.924 1.71045
0.925 1.71397
0.926 1.7175
0.927 1.72104
0.928 1.72459
0.929 1.72815
0.93 1.73172
0.931 1.73531
0.932 1.7389
0.933 1.74251
0.934 1.74613
0.935 1.74976
0.936 1.7534
0.937 1.75706
0.938 1.76072
0.939 1.7644
0.94 1.76809
0.941 1.77179
0.942 1.77551
0.943 1.77923
0.944 1.78297
0.945 1.78672
0.946 1.79049
0.947 1.79426
0.948 1.79805
0.949 1.80185
0.95 1.80566
0.951 1.80948
0.952 1.81332
0.953 1.81716
0.954 1.82102
0.955 1.82489
0.956 1.82876
0.957 1.83265
0.958 1.83655
0.959 1.84046
0.96 1.84438
0.961 1.8483
0.962 1.85223
0.963 1.85618
0.964 1.86013
0.965 1.86408
0.966 1.86804
0.967 1.87201
0.968 1.87598
0.969 1.87995
0.97 1.88393
0.971 1.88791
0.972 1.89189
0.973 1.89587
0.974 1.89985
0.975 1.90382
0.976 1.90779
0.977 1.91176
0.978 1.91572
0.979 1.91968
0.98 1.92362
0.981 1.92756
0.982 1.93148
0.983 1.93539
0.984 1.93928
0.985 1.94315
0.986 1.94701
0.987 1.95084
0.988 1.95465
0.989 1.95843
0.99 1.96218
0.991 1.9659
0.992 1.96959
0.993 1.97324
0.994 1.97685
0.995 1.98042
0.996 1.98395
0.997 1.98742
0.998 1.99084
0.999 1.99421
1 1.99752
