-1 2
-0.999 2
-0.998 2
-0.997 1.99999
-0.996 1.99998
-0.995 1.99997
-0.994 1.99995
-0.993 1.99993
-0.992 1.99991
-0.991 1.99989
-0.99 1.99986
-0.989 1.99983
-0.988 1.9998
-0.987 1.99977
-0.986 1.99973
-0.985 1.99969
-0.984 1.99965
-0.983 1.9996
-0.982 1.99955
-0.981 1.9995
-0.98 1.99945
-0.979 1.99939
-0.978 1.99933
-0.977 1.99927
-0.976 1.9992
-0.975 1.99913
-0.974 1.99906
-0.973 1.99899
-0.972 1.99891
-0.971 1.99883
-0.97 1.99875
-0.969 1.99867
-0.968 1.99858
-0.967 1.99849
-0.966 1.9984
-0.965 1.9983
-0.964 1.9982
-0.963 1.9981
-0.962 1.998
-0.961 1.99789
-0.96 1.99778
-0.959 1.99767
-0.958 1.99755
-0.957 1.99744
-0.956 1.99732
-0.955 1.99719
-0.954 1.99707
-0.953 1.99694
-0.952 1.99681
-0.951 1.99667
-0.95 1.99653
-0.949 1.9964
-0.948 1.99625
-0.947 1.99611
-0.946 1.99596
-0.945 1.99581
-0.944 1.99565
-0.943 1.9955
-0.942 1.99534
-0.941 1.99518
-0.94 1.99501
-0.939 1.99485
-0.938 1.99468
-0.937 1.9945
-0.936 1.99433
-0.935 1.99415
-0.934 1.99397
-0.933 1.99378
-0.932 1.9936
-0.931 1.99341
-0.93 1.99322
-0.929 1.99302
-0.928 1.99282
-0.927 1.99262
-0.926 1.99242
-0.925 1.99221
-0.924 1.99201
-0.923 1.99179
-0.922 1.99158
-0.921 1.99136
-0.92 1.99114
-0.919 1.99092
-0.918 1.9907
-0.917 1.99047
-0.916 1.99024
-0.915 1.99001
-0.914 1.98977
-0.913 1.98953
-0.912 1.98929
-0.911 1.98905
-0.91 1.9888
-0.909 1.98855
-0.908 1.9883
-0.907 1.98804
-0.906 1.98779
-0.905 1.98752
-0.904 1.98726
-0.903 1.987
-0.902 1.98673
-0.901 1.98646
-0.9 1.98618
-0.899 1.98591
-0.898 1.98563
-0.897 1.98534
-0.896 1.98506
-0.895 1.98477
-0.894 1.98448
-0.893 1.98419
-0.892 1.98389
-0.891 1.98359
-0.89 1.98329
-0.889 1.98299
-0.888 1.98268
-0.887 1.98237
-0.886 1.98206
-0.885 1.98175
-0.884 1.98143
-0.883 1.98111
-0.882 1.98079
-0.881 1.98046
-0.88 1.98013
-0.879 1.9798
-0.878 1.97947
-0.877 1.97913
-0.876 1.9788
-0.875 1.97845
-0.874 1.97811
-0.873 1.97776
-0.872 1.97741
-0.871 1.97706
-0.87 1.97671
-0.869 1.97635
-0.868 1.97599
-0.867 1.97563
-0.866 1.97526
-0.865 1.97489
-0.864 1.97452
-0.863 1.97415
-0.862 1.97377
-0.861 1.97339
-0.86 1.97301
-0.859 1.97263
-0.858 1.97224
-0.857 1.97185
-0.856 1.97146
-0.855 1.97106
-0.854 1.97067
-0.853 1.97027
-0.852 1.96986
-0.851 1.96946
-0.85 1.96905
-0.849 1.96864
-0.848 1.96823
-0.847 1.96781
-0.846 1.96739
-0.845 1.96697
-0.844 1.96655
-0.843 1.96612
-0.842 1.96569
-0.841 1.96526
-0.84 1.96482
-0.839 1.96439
-0.838 1.96395
-0.837 1.9635
-0.836 1.96306
-0.835 1.96261
-0.834 1.96216
-0.833 1.96171
-0.832 1.96125
-0.831 1.9608
-0.83 1.96034
-0.829 1.95987
-0.828 1.95941
-0.827 1.95894
-0.826 1.95847
-0.825 1.95799
-0.824 1.95752
-0.823 1.95704
-0.822 1.95656
-0.821 1.95607
-0.82 1.95559
-0.819 1.9551
-0.818 1.9546
-0.817 1.95411
-0.816 1.95361
-0.815 1.95311
-0.814 1.95261
-0.813 1.95211
-0.812 1.9516
-0.811 1.95109
-0.81 1.95058
-0.809 1.95006
-0.808 1.94954
-0.807 1.94902
-0.806 1.9485
-0.805 1.94798
-0.804 1.94745
-0.803 1.94692
-0.802 1.94639
-0.801 1.94585
-0.8 1.94531
-0.799 1.94477
-0.798 1.94423
-0.797 1.94368
-0.796 1.94313
-0.795 1.94258
-0.794 1.94203
-0.793 1.94147
-0.792 1.94092
-0.791 1.94036
-0.79 1.93979
-0.789 1.93923
-0.788 1.93866
-0.787 1.93809
-0.786 1.93751
-0.785 1.93694
-0.784 1.93636
-0.783 1.93578
-0.782 1.93519
-0.781 1.93461
-0.78 1.93402
-0.779 1.93343
-0.778 1.93283
-0.777 1.93224
-0.776 1.93164
-0.775 1.93104
-0.774 1.93044
-0.773 1.92983
-0.772 1.92922
-0.771 1.92861
-0.77 1.928
-0.769 1.92738
-0.768 1.92676
-0.767 1.92614
-0.766 1.92552
-0.765 1.92489
-0.764 1.92426
-0.763 1.92363
-0.762 1.923
-0.761 1.92236
-0.76 1.92173
-0.759 1.92109
-0.758 1.92044
-0.757 1.9198
-0.756 1.91915
-0.755 1.9185
-0.754 1.91785
-0.753 1.91719
-0.752 1.91653
-0.751 1.91587
-0.75 1.91521
-0.749 1.91455
-0.748 1.91388
-0.747 1.91321
-0.746 1.91254
-0.745 1.91186
-0.744 1.91118
-0.743 1.9105
-0.742 1.90982
-0.741 1.90914
-0.74 1.90845
-0.739 1.90776
-0.738 1.90707
-0.737 1.90638
-0.736 1.90568
-0.735 1.90498
-0.734 1.90428
-0.733 1.90358
-0.732 1.90287
-0.731 1.90216
-0.73 1.90145
-0.729 1.90074
-0.728 1.90003
-0.727 1.89931
-0.726 1.89859
-0.725 1.89787
-0.724 1.89714
-0.723 1.89641
-0.722 1.89568
-0.721 1.89495
-0.72 1.89422
-0.719 1.89348
-0.718 1.89274
-0.717 1.892
-0.716 1.89126
-0.715 1.89051
-0.714 1.88977
-0.713 1.88901
-0.712 1.88826
-0.711 1.88751
-0.71 1.88675
-0.709 1.88599
-0.708 1.88523
-0.707 1.88446
-0.706 1.8837
-0.705 1.88293
-0.704 1.88216
-0.703 1.88138
-0.702 1.88061
-0.701 1.87983
-0.7 1.87905
-0.699 1.87827
-0.698 1.87748
-0.697 1.87669
-0.696 1.8759
-0.695 1.87511
-0.694 1.87432
-0.693 1.87352
-0.692 1.87272
-0.691 1.87192
-0.69 1.87112
-0.689 1.87032
-0.688 1.86951
-0.687 1.8687
-0.686 1.86789
-0.685 1.86707
-0.684 1.86626
-0.683 1.86544
-0.682 1.86462
-0.681 1.86379
-0.68 1.86297
-0.679 1.86214
-0.678 1.86131
-0.677 1.86048
-0.676 1.85964
-0.675 1.85881
-0.674 1.85797
-0.673 1.85713
-0.672 1.85629
-0.671 1.85544
-0.67 1.85459
-0.669 1.85374
-0.668 1.85289
-0.667 1.85204
-0.666 1.85118
-0.665 1.85032
-0.664 1.84946
-0.663 1.8486
-0.662 1.84774
-0.661 1.84687
-0.66 1.846
-0.659 1.84513
-0.658 1.84425
-0.657 1.84338
-0.656 1.8425
-0.655 1.84162
-0.654 1.84074
-0.653 1.83986
-0.652 1.83897
-0.651 1.83808
-0.65 1.83719
-0.649 1.8363
-0.648 1.8354
-0.647 1.83451
-0.646 1.83361
-0.645 1.83271
-0.644 1.8318
-0.643 1.8309
-0.642 1.82999
-0.641 1.82908
-0.64 1.82817
-0.639 1.82726
-0.638 1.82634
-0.637 1.82543
-0.636 1.82451
-0.635 1.82358
-0.634 1.82266
-0.633 1.82173
-0.632 1.82081
-0.631 1.81988
-0.63 1.81894
-0.629 1.81801
-0.628 1.81707
-0.627 1.81614
-0.626 1.8152
-0.625 1.81425
-0.624 1.81331
-0.623 1.81236
-0.622 1.81141
-0.621 1.81046
-0.62 1.80951
-0.619 1.80856
-0.618 1.8076
-0.617 1.80664
-0.616 1.80568
-0.615 1.80472
-0.614 1.80376
-0.613 1.80279
-0.612 1.80182
-0.611 1.80085
-0.61 1.79988
-0.609 1.79891
-0.608 1.79793
-0.607 1.79695
-0.606 1.79597
-0.605 1.79499
-0.604 1.79401
-0.603 1.79302
-0.602 1.79203
-0.601 1.79104
-0.6 1.79005
-0.599 1.78906
-0.598 1.78806
-0.597 1.78706
-0.596 1.78606
-0.595 1.78506
-0.594 1.78406
-0.593 1.78305
-0.592 1.78205
-0.591 1.78104
-0.59 1.78003
-0.589 1.77902
-0.588 1.778
-0.587 1.77698
-0.586 1.77597
-0.585 1.77495
-0.584 1.77392
-0.583 1.7729
-0.582 1.77187
-0.581 1.77085
-0.58 1.76982
-0.579 1.76878
-0.578 1.76775
-0.577 1.76672
-0.576 1.76568
-0.575 1.76464
-0.574 1.7636
-0.573 1.76256
-0.572 1.76151
-0.571 1.76047
-0.57 1.75942
-0.569 1.75837
-0.568 1.75732
-0.567 1.75626
-0.566 1.75521
-0.565 1.75415
-0.564 1.75309
-0.563 1.75203
-0.562 1.75097
-0.561 1.74991
-0.56 1.74884
-0.559 1.74777
-0.558 1.7467
-0.557 1.74563
-0.556 1.74456
-0.555 1.74348
-0.554 1.74241
-0.553 1.74133
-0.552 1.74025
-0.551 1.73917
-0.55 1.73808
-0.549 1.737
-0.548 1.73591
-0.547 1.73482
-0.546 1.73373
-0.545 1.73264
-0.544 1.73155
-0.543 1.73045
-0.542 1.72935
-0.541 1.72826
-0.54 1.72716
-0.539 1.72605
-0.538 1.72495
-0.537 1.72384
-0.536 1.72274
-0.535 1.72163
-0.534 1.72052
-0.533 1.7194
-0.532 1.71829
-0.531 1.71717
-0.53 1.71606
-0.529 1.71494
-0.528 1.71382
-0.527 1.7127
-0.526 1.71157
-0.525 1.71045
-0.524 1.70932
-0.523 1.70819
-0.522 1.70706
-0.521 1.70593
-0.52 1.70479
-0.519 1.70366
-0.518 1.70252
-0.517 1.70138
-0.516 1.70024
-0.515 1.6991
-0.514 1.69796
-0.513 1.69681
-0.512 1.69567
-0.511 1.69452
-0.51 1.69337
-0.509 1.69222
-0.508 1.69107
-0.507 1.68991
-0.506 1.68876
-0.505 1.6876
-0.504 1.68644
-0.503 1.68528
-0.502 1.68412
-0.501 1.68295
-0.5 1.68179
-0.499 1.68062
-0.498 1.67945
-0.497 1.67828
-0.496 1.67711
-0.495 1.67594
-0.494 1.67477
-0.493 1.67359
-0.492 1.67241
-0.491 1.67124
-0.49 1.67006
-0.489 1.66887
-0.488 1.66769
-0.487 1.66651
-0.486 1.66532
-0.485 1.66413
-0.484 1.66294
-0.483 1.66175
-0.482 1.66056
-0.481 1.65937
-0.48 1.65817
-0.479 1.65698
-0.478 1.65578
-0.477 1.65458
-0.476 1.65338
-0.475 1.65218
-0.474 1.65098
-0.473 1.64977
-0.472 1.64857
-0.471 1.64736
-0.47 1.64615
-0.469 1.64494
-0.468 1.64373
-0.467 1.64252
-0.466 1.6413
-0.465 1.64009
-0.464 1.63887
-0.463 1.63765
-0.462 1.63643
-0.461 1.63521
-0.46 1.63399
-0.459 1.63276
-0.458 1.63154
-0.457 1.63031
-0.456 1.62908
-0.455 1.62785
-0.454 1.62662
-0.453 1.62539
-0.452 1.62416
-0.451 1.62292
-0.45 1.62169
-0.449 1.62045
-0.448 1.61921
-0.447 1.61797
-0.446 1.61673
-0.445 1.61549
-0.444 1.61425
-0.443 1.613
-0.442 1.61175
-0.441 1.61051
-0.44 1.60926
-0.439 1.60801
-0.438 1.60676
-0.437 1.6055
-0.436 1.60425
-0.435 1.603
-0.434 1.60174
-0.433 1.60048
-0.432 1.59922
-0.431 1.59796
-0.43 1.5967
-0.429 1.59544
-0.428 1.59418
-0.427 1.59291
-0.426 1.59165
-0.425 1.59038
-0.424 1.58911
-0.423 1.58784
-0.422 1.58657
-0.421 1.5853
-0.42 1.58403
-0.419 1.58275
-0.418 1.58148
-0.417 1.5802
-0.416 1.57892
-0.415 1.57764
-0.414 1.57636
-0.413 1.57508
-0.412 1.5738
-0.411 1.57252
-0.41 1.57123
-0.409 1.56995
-0.408 1.56866
-0.407 1.56737
-0.406 1.56608
-0.405 1.56479
-0.404 1.5635
-0.403 1.56221
-0.402 1.56092
-0.401 1.55962
-0.4 1.55832
-0.399 1.55703
-0.398 1.55573
-0.397 1.55443
-0.396 1.55313
-0.395 1.55183
-0.394 1.55053
-0.393 1.54923
-0.392 1.54792
-0.391 1.54662
-0.39 1.54531
-0.389 1.544
-0.388 1.54269
-0.387 1.54139
-0.386 1.54007
-0.385 1.53876
-0.384 1.53745
-0.383 1.53614
-0.382 1.53482
-0.381 1.53351
-0.38 1.53219
-0.379 1.53087
-0.378 1.52956
-0.377 1.52824
-0.376 1.52692
-0.375 1.52559
-0.374 1.52427
-0.373 1.52295
-0.372 1.52162
-0.371 1.5203
-0.37 1.51897
-0.369 1.51765
-0.368 1.51632
-0.367 1.51499
-0.366 1.51366
-0.365 1.51233
-0.364 1.511
-0.363 1.50966
-0.362 1.50833
-0.361 1.507
-0.36 1.50566
-0.359 1.50432
-0.358 1.50299
-0.357 1.50165
-0.356 1.50031
-0.355 1.49897
-0.354 1.49763
-0.353 1.49629
-0.352 1.49495
-0.351 1.4936
-0.35 1.49226
-0.349 1.49091
-0.348 1.48957
-0.347 1.48822
-0.346 1.48687
-0.345 1.48552
-0.344 1.48418
-0.343 1.48283
-0.342 1.48147
-0.341 1.48012
-0.34 1.47877
-0.339 1.47742
-0.338 1.47606
-0.337 1.47471
-0.336 1.47335
-0.335 1.472
-0.334 1.47064
-0.333 1.46928
-0.332 1.46792
-0.331 1.46656
-0.33 1.4652
-0.329 1.46384
-0.328 1.46248
-0.327 1.46111
-0.326 1.45975
-0.325 1.45839
-0.324 1.45702
-0.323 1.45566
-0.322 1.45429
-0.321 1.45292
-0.32 1.45155
-0.319 1.45019
-0.318 1.44882
-0.317 1.44745
-0.316 1.44608
-0.315 1.4447
-0.314 1.44333
-0.313 1.44196
-0.312 1.44059
-0.311 1.43921
-0.31 1.43784
-0.309 1.43646
-0.308 1.43508
-0.307 1.43371
-0.306 1.43233
-0.305 1.43095
-0.304 1.42957
-0.303 1.42819
-0.302 1.42681
-0.301 1.42543
-0.3 1.42405
-0.299 1.42267
-0.298 1.42128
-0.297 1.4199
-0.296 1.41852
-0.295 1.41713
-0.294 1.41575
-0.293 1.41436
-0.292 1.41298
-0.291 1.41159
-0.29 1.4102
-0.289 1.40881
-0.288 1.40742
-0.287 1.40603
-0.286 1.40464
-0.285 1.40325
-0.284 1.40186
-0.283 1.40047
-0.282 1.39908
-0.281 1.39769
-0.28 1.39629
-0.279 1.3949
-0.278 1.3935
-0.277 1.39211
-0.276 1.39071
-0.275 1.38932
-0.274 1.38792
-0.273 1.38652
-0.272 1.38513
-0.271 1.38373
-0.27 1.38233
-0.269 1.38093
-0.268 1.37953
-0.267 1.37813
-0.266 1.37673
-0.265 1.37533
-0.264 1.37393
-0.263 1.37253
-0.262 1.37112
-0.261 1.36972
-0.26 1.36832
-0.259 1.36691
-0.258 1.36551
-0.257 1.3641
-0.256 1.3627
-0.255 1.36129
-0.254 1.35989
-0.253 1.35848
-0.252 1.35707
-0.251 1.35567
-0.25 1.35426
-0.249 1.35285
-0.248 1.35144
-0.247 1.35003
-0.246 1.34862
-0.245 1.34721
-0.244 1.3458
-0.243 1.34439
-0.242 1.34298
-0.241 1.34157
-0.24 1.34016
-0.239 1.33875
-0.238 1.33733
-0.237 1.33592
-0.236 1.33451
-0.235 1.33309
-0.234 1.33168
-0.233 1.33027
-0.232 1.32885
-0.231 1.32744
-0.23 1.32602
-0.229 1.32461
-0.228 1.32319
-0.227 1.32177
-0.226 1.32036
-0.225 1.31894
-0.224 1.31752
-0.223 1.3161
-0.222 1.31469
-0.221 1.31327
-0.22 1.31185
-0.219 1.31043
-0.218 1.30901
-0.217 1.30759
-0.216 1.30617
-0.215 1.30476
-0.214 1.30334
-0.213 1.30191
-0.212 1.30049
-0.211 1.29907
-0.21 1.29765
-0.209 1.29623
-0.208 1.29481
-0.207 1.29339
-0.206 1.29197
-0.205 1.29054
-0.204 1.28912
-0.203 1.2877
-0.202 1.28628
-0.201 1.28485
-0.2 1.28343
-0.199 1.28201
-0.198 1.28058
-0.197 1.27916
-0.196 1.27774
-0.195 1.27631
-0.194 1.27489
-0.193 1.27346
-0.192 1.27204
-0.191 1.27061
-0.19 1.26919
-0.189 1.26776
-0.188 1.26634
-0.187 1.26491
-0.186 1.26349
-0.185 1.26206
-0.184 1.26063
-0.183 1.25921
-0.182 1.25778
-0.181 1.25636
-0.18 1.25493
-0.179 1.2535
-0.178 1.25208
-0.177 1.25065
-0.176 1.24922
-0.175 1.24779
-0.174 1.24637
-0.173 1.24494
-0.172 1.24351
-0.171 1.24209
-0.17 1.24066
-0.169 1.23923
-0.168 1.2378
-0.167 1.23638
-0.166 1.23495
-0.165 1.23352
-0.164 1.23209
-0.163 1.23066
-0.162 1.22924
-0.161 1.22781
-0.16 1.22638
-0.159 1.22495
-0.158 1.22352
-0.157 1.2221
-0.156 1.22067
-0.155 1.21924
-0.154 1.21781
-0.153 1.21638
-0.152 1.21495
-0.151 1.21353
-0.15 1.2121
-0.149 1.21067
-0.148 1.20924
-0.147 1.20781
-0.146 1.20639
-0.145 1.20496
-0.144 1.20353
-0.143 1.2021
-0.142 1.20067
-0.141 1.19924
-0.14 1.19782
-0.139 1.19639
-0.138 1.19496
-0.137 1.19353
-0.136 1.1921
-0.135 1.19068
-0.134 1.18925
-0.133 1.18782
-0.132 1.18639
-0.131 1.18497
-0.13 1.18354
-0.129 1.18211
-0.128 1.18068
-0.127 1.17926
-0.126 1.17783
-0.125 1.1764
-0.124 1.17498
-0.123 1.17355
-0.122 1.17212
-0.121 1.1707
-0.12 1.16927
-0.119 1.16784
-0.118 1.16642
-0.117 1.16499
-0.116 1.16356
-0.115 1.16214
-0.114 1.16071
-0.113 1.15929
-0.112 1.15786
-0.111 1.15644
-0.11 1.15501
-0.109 1.15359
-0.108 1.15216
-0.107 1.15074
-0.106 1.14931
-0.105 1.14789
-0.104 1.14646
-0.103 1.14504
-0.102 1.14362
-0.101 1.14219
-0.1 1.14077
-0.099 1.13935
-0.098 1.13792
-0.097 1.1365
-0.096 1.13508
-0.095 1.13366
-0.094 1.13223
-0.093 1.13081
-0.092 1.12939
-0.091 1.12797
-0.09 1.12655
-0.089 1.12513
-0.088 1.1237
-0.087 1.12228
-0.086 1.12086
-0.085 1.11944
-0.084 1.11802
-0.083 1.1166
-0.082 1.11518
-0.081 1.11377
-0.08 1.11235
-0.079 1.11093
-0.078 1.10951
-0.077 1.10809
-0.076 1.10667
-0.075 1.10526
-0.074 1.10384
-0.073 1.10242
-0.072 1.10101
-0.071 1.09959
-0.07 1.09817
-0.069 1.09676
-0.068 1.09534
-0.067 1.09393
-0.066 1.09251
-0.065 1.0911
-0.064 1.08968
-0.063 1.08827
-0.062 1.08686
-0.061 1.08544
-0.06 1.08403
-0.059 1.08262
-0.058 1.08121
-0.057 1.07979
-0.056 1.07838
-0.055 1.07697
-0.054 1.07556
-0.053 1.07415
-0.052 1.07274
-0.051 1.07133
-0.05 1.06992
-0.049 1.06851
-0.048 1.0671
-0.047 1.0657
-0.046 1.06429
-0.045 1.06288
-0.044 1.06147
-0.043 1.06007
-0.042 1.05866
-0.041 1.05726
-0.04 1.05585
-0.039 1.05445
-0.038 1.05304
-0.037 1.05164
-0.036 1.05023
-0.035 1.04883
-0.034 1.04743
-0.033 1.04602
-0.032 1.04462
-0.031 1.04322
-0.03 1.04182
-0.029 1.04042
-0.028 1.03902
-0.027 1.03762
-0.026 1.03622
-0.025 1.03482
-0.024 1.03342
-0.023 1.03202
-0.022 1.03063
-0.021 1.02923
-0.02 1.02783
-0.019 1.02644
-0.018 1.02504
-0.017 1.02364
-0.016 1.02225
-0.015 1.02086
-0.014 1.01946
-0.013 1.01807
-0.012 1.01668
-0.011 1.01528
-0.01 1.01389
-0.009 1.0125
-0.008 1.01111
-0.007 1.00972
-0.006 1.00833
-0.005 1.00694
-0.004 1.00555
-0.003 1.00416
-0.002 1.00278
-0.001 1.00139
0 1
0.001 0.998616
0.002 0.997231
0.003 0.995846
0.004 0.994461
0.005 0.993077
0.006 0.991694
0.007 0.990311
0.008 0.988929
0.009 0.987547
0.01 0.986166
0.011 0.984786
0.012 0.983406
0.013 0.982026
0.014 0.980647
0.015 0.979269
0.016 0.977891
0.017 0.976514
0.018 0.975138
0.019 0.973762
0.02 0.972387
0.021 0.971012
0.022 0.969638
0.023 0.968264
0.024 0.966891
0.025 0.965519
0.026 0.964147
0.027 0.962776
0.028 0.961406
0.029 0.960036
0.03 0.958667
0.031 0.957298
0.032 0.95593
0.033 0.954563
0.034 0.953196
0.035 0.95183
0.036 0.950465
0.037 0.9491
0.038 0.947736
0.039 0.946372
0.04 0.945009
0.041 0.943647
0.042 0.942286
0.043 0.940925
0.044 0.939564
0.045 0.938205
0.046 0.936846
0.047 0.935488
0.048 0.93413
0.049 0.932773
0.05 0.931417
0.051 0.930062
0.052 0.928707
0.053 0.927353
0.054 0.925999
0.055 0.924647
0.056 0.923295
0.057 0.921943
0.058 0.920593
0.059 0.919243
0.06 0.917893
0.061 0.916545
0.062 0.915197
0.063 0.91385
0.064 0.912504
0.065 0.911158
0.066 0.909813
0.067 0.908469
0.068 0.907125
0.069 0.905783
0.07 0.904441
0.071 0.903099
0.072 0.901759
0.073 0.900419
0.074 0.89908
0.075 0.897742
0.076 0.896404
0.077 0.895067
0.078 0.893731
0.079 0.892396
0.08 0.891061
0.081 0.889728
0.082 0.888395
0.083 0.887062
0.084 0.885731
0.085 0.8844
0.086 0.88307
0.087 0.881741
0.088 0.880413
0.089 0.879085
0.09 0.877758
0.091 0.876432
0.092 0.875107
0.093 0.873783
0.094 0.872459
0.095 0.871136
0.096 0.869814
0.097 0.868493
0.098 0.867173
0.099 0.865853
0.1 0.864534
0.101 0.863216
0.102 0.861899
0.103 0.860583
0.104 0.859267
0.105 0.857952
0.106 0.856639
0.107 0.855325
0.108 0.854013
0.109 0.852702
0.11 0.851391
0.111 0.850081
0.112 0.848773
0.113 0.847464
0.114 0.846157
0.115 0.844851
0.116 0.843545
0.117 0.842241
0.118 0.840937
0.119 0.839634
0.12 0.838332
0.121 0.837031
0.122 0.83573
0.123 0.834431
0.124 0.833132
0.125 0.831834
0.126 0.830537
0.127 0.829241
0.128 0.827946
0.129 0.826652
0.13 0.825358
0.131 0.824066
0.132 0.822774
0.133 0.821483
0.134 0.820193
0.135 0.818904
0.136 0.817616
0.137 0.816329
0.138 0.815043
0.139 0.813757
0.14 0.812473
0.141 0.811189
0.142 0.809907
0.143 0.808625
0.144 0.807344
0.145 0.806064
0.146 0.804785
0.147 0.803507
0.148 0.802229
0.149 0.800953
0.15 0.799678
0.151 0.798403
0.152 0.79713
0.153 0.795857
0.154 0.794586
0.155 0.793315
0.156 0.792045
0.157 0.790776
0.158 0.789508
0.159 0.788241
0.16 0.786975
0.161 0.78571
0.162 0.784446
0.163 0.783183
0.164 0.78192
0.165 0.780659
0.166 0.779399
0.167 0.778139
0.168 0.776881
0.169 0.775624
0.17 0.774367
0.171 0.773111
0.172 0.771857
0.173 0.770603
0.174 0.769351
0.175 0.768099
0.176 0.766848
0.177 0.765599
0.178 0.76435
0.179 0.763102
0.18 0.761855
0.181 0.760609
0.182 0.759365
0.183 0.758121
0.184 0.756878
0.185 0.755636
0.186 0.754395
0.187 0.753155
0.188 0.751917
0.189 0.750679
0.19 0.749442
0.191 0.748206
0.192 0.746971
0.193 0.745737
0.194 0.744504
0.195 0.743272
0.196 0.742042
0.197 0.740812
0.198 0.739583
0.199 0.738355
0.2 0.737128
0.201 0.735903
0.202 0.734678
0.203 0.733454
0.204 0.732231
0.205 0.73101
0.206 0.729789
0.207 0.72857
0.208 0.727351
0.209 0.726133
0.21 0.724917
0.211 0.723701
0.212 0.722487
0.213 0.721274
0.214 0.720061
0.215 0.71885
0.216 0.71764
0.217 0.71643
0.218 0.715222
0.219 0.714015
0.22 0.712809
0.221 0.711604
0.222 0.7104
0.223 0.709197
0.224 0.707995
0.225 0.706794
0.226 0.705595
0.227 0.704396
0.228 0.703198
0.229 0.702002
0.23 0.700806
0.231 0.699612
0.232 0.698418
0.233 0.697226
0.234 0.696035
0.235 0.694845
0.236 0.693656
0.237 0.692467
0.238 0.691281
0.239 0.690095
0.24 0.68891
0.241 0.687726
0.242 0.686544
0.243 0.685362
0.244 0.684182
0.245 0.683002
0.246 0.681824
0.247 0.680647
0.248 0.679471
0.249 0.678296
0.25 0.677122
0.251 0.675949
0.252 0.674777
0.253 0.673607
0.254 0.672437
0.255 0.671269
0.256 0.670102
0.257 0.668935
0.258 0.66777
0.259 0.666606
0.26 0.665443
0.261 0.664282
0.262 0.663121
0.263 0.661961
0.264 0.660803
0.265 0.659646
0.266 0.658489
0.267 0.657334
0.268 0.65618
0.269 0.655027
0.27 0.653876
0.271 0.652725
0.272 0.651575
0.273 0.650427
0.274 0.64928
0.275 0.648134
0.276 0.646989
0.277 0.645845
0.278 0.644702
0.279 0.64356
0.28 0.64242
0.281 0.641281
0.282 0.640142
0.283 0.639005
0.284 0.637869
0.285 0.636735
0.286 0.635601
0.287 0.634468
0.288 0.633337
0.289 0.632207
0.29 0.631078
0.291 0.62995
0.292 0.628823
0.293 0.627697
0.294 0.626573
0.295 0.625449
0.296 0.624327
0.297 0.623206
0.298 0.622086
0.299 0.620967
0.3 0.61985
0.301 0.618733
0.302 0.617618
0.303 0.616504
0.304 0.615391
0.305 0.614279
0.306 0.613168
0.307 0.612059
0.308 0.61095
0.309 0.609843
0.31 0.608737
0.311 0.607632
0.312 0.606528
0.313 0.605426
0.314 0.604325
0.315 0.603224
0.316 0.602125
0.317 0.601027
0.318 0.599931
0.319 0.598835
0.32 0.597741
0.321 0.596648
0.322 0.595556
0.323 0.594465
0.324 0.593375
0.325 0.592287
0.326 0.591199
0.327 0.590113
0.328 0.589028
0.329 0.587945
0.33 0.586862
0.331 0.585781
0.332 0.5847
0.333 0.583621
0.334 0.582544
0.335 0.581467
0.336 0.580391
0.337 0.579317
0.338 0.578244
0.339 0.577172
0.34 0.576101
0.341 0.575032
0.342 0.573964
0.343 0.572896
0.344 0.57183
0.345 0.570766
0.346 0.569702
0.347 0.56864
0.348 0.567579
0.349 0.566519
0.35 0.56546
0.351 0.564402
0.352 0.563346
0.353 0.562291
0.354 0.561237
0.355 0.560184
0.356 0.559132
0.357 0.558082
0.358 0.557032
0.359 0.555984
0.36 0.554938
0.361 0.553892
0.362 0.552848
0.363 0.551805
0.364 0.550763
0.365 0.549722
0.366 0.548682
0.367 0.547644
0.368 0.546607
0.369 0.545571
0.37 0.544536
0.371 0.543502
0.372 0.54247
0.373 0.541439
0.374 0.540409
0.375 0.53938
0.376 0.538353
0.377 0.537327
0.378 0.536302
0.379 0.535278
0.38 0.534255
0.381 0.533234
0.382 0.532214
0.383 0.531195
0.384 0.530177
0.385 0.52916
0.386 0.528145
0.387 0.527131
0.388 0.526118
0.389 0.525106
0.39 0.524096
0.391 0.523087
0.392 0.522079
0.393 0.521072
0.394 0.520066
0.395 0.519062
0.396 0.518059
0.397 0.517057
0.398 0.516056
0.399 0.515057
0.4 0.514059
0.401 0.513062
0.402 0.512066
0.403 0.511071
0.404 0.510078
0.405 0.509086
0.406 0.508095
0.407 0.507105
0.408 0.506117
0.409 0.50513
0.41 0.504144
0.411 0.503159
0.412 0.502175
0.413 0.501193
0.414 0.500212
0.415 0.499232
0.416 0.498254
0.417 0.497276
0.418 0.4963
0.419 0.495325
0.42 0.494351
0.421 0.493379
0.422 0.492408
0.423 0.491438
0.424 0.490469
0.425 0.489501
0.426 0.488535
0.427 0.48757
0.428 0.486606
0.429 0.485643
0.43 0.484682
0.431 0.483722
0.432 0.482763
0.433 0.481805
0.434 0.480849
0.435 0.479894
0.436 0.47894
0.437 0.477987
0.438 0.477035
0.439 0.476085
0.44 0.475136
0.441 0.474188
0.442 0.473242
0.443 0.472296
0.444 0.471352
0.445 0.470409
0.446 0.469468
0.447 0.468527
0.448 0.467588
0.449 0.46665
0.45 0.465713
0.451 0.464778
0.452 0.463844
0.453 0.462911
0.454 0.461979
0.455 0.461048
0.456 0.460119
0.457 0.459191
0.458 0.458264
0.459 0.457339
0.46 0.456414
0.461 0.455491
0.462 0.454569
0.463 0.453649
0.464 0.452729
0.465 0.451811
0.466 0.450894
0.467 0.449979
0.468 0.449064
0.469 0.448151
0.47 0.447239
0.471 0.446328
0.472 0.445419
0.473 0.44451
0.474 0.443603
0.475 0.442698
0.476 0.441793
0.477 0.44089
0.478 0.439988
0.479 0.439087
0.48 0.438187
0.481 0.437289
0.482 0.436392
0.483 0.435496
0.484 0.434601
0.485 0.433708
0.486 0.432816
0.487 0.431925
0.488 0.431035
0.489 0.430146
0.49 0.429259
0.491 0.428373
0.492 0.427488
0.493 0.426605
0.494 0.425723
0.495 0.424841
0.496 0.423962
0.497 0.423083
0.498 0.422206
0.499 0.42133
0.5 0.420455
0.501 0.419581
0.502 0.418709
0.503 0.417837
0.504 0.416967
0.505 0.416099
0.506 0.415231
0.507 0.414365
0.508 0.4135
0.509 0.412636
0.51 0.411774
0.511 0.410912
0.512 0.410052
0.513 0.409193
0.514 0.408336
0.515 0.407479
0.516 0.406624
0.517 0.40577
0.518 0.404917
0.519 0.404066
0.52 0.403216
0.521 0.402367
0.522 0.401519
0.523 0.400672
0.524 0.399827
0.525 0.398983
0.526 0.39814
0.527 0.397298
0.528 0.396458
0.529 0.395619
0.53 0.394781
0.531 0.393944
0.532 0.393109
0.533 0.392274
0.534 0.391441
0.535 0.39061
0.536 0.389779
0.537 0.38895
0.538 0.388122
0.539 0.387295
0.54 0.386469
0.541 0.385645
0.542 0.384821
0.543 0.383999
0.544 0.383179
0.545 0.382359
0.546 0.381541
0.547 0.380724
0.548 0.379908
0.549 0.379093
0.55 0.37828
0.551 0.377467
0.552 0.376656
0.553 0.375846
0.554 0.375038
0.555 0.374231
0.556 0.373424
0.557 0.37262
0.558 0.371816
0.559 0.371013
0.56 0.370212
0.561 0.369412
0.562 0.368613
0.563 0.367816
0.564 0.367019
0.565 0.366224
0.566 0.36543
0.567 0.364637
0.568 0.363846
0.569 0.363056
0.57 0.362267
0.571 0.361479
0.572 0.360692
0.573 0.359907
0.574 0.359122
0.575 0.358339
0.576 0.357557
0.577 0.356777
0.578 0.355997
0.579 0.355219
0.58 0.354442
0.581 0.353666
0.582 0.352892
0.583 0.352118
0.584 0.351346
0.585 0.350575
0.586 0.349806
0.587 0.349037
0.588 0.34827
0.589 0.347504
0.59 0.346739
0.591 0.345975
0.592 0.345212
0.593 0.344451
0.594 0.343691
0.595 0.342932
0.596 0.342174
0.597 0.341418
0.598 0.340663
0.599 0.339908
0.6 0.339156
0.601 0.338404
0.602 0.337653
0.603 0.336904
0.604 0.336156
0.605 0.335409
0.606 0.334663
0.607 0.333919
0.608 0.333175
0.609 0.332433
0.61 0.331692
0.611 0.330952
0.612 0.330214
0.613 0.329476
0.614 0.32874
0.615 0.328005
0.616 0.327271
0.617 0.326539
0.618 0.325807
0.619 0.325077
0.62 0.324348
0.621 0.32362
0.622 0.322893
0.623 0.322168
0.624 0.321443
0.625 0.32072
0.626 0.319998
0.627 0.319278
0.628 0.318558
0.629 0.31784
0.63 0.317122
0.631 0.316406
0.632 0.315691
0.633 0.314978
0.634 0.314265
0.635 0.313554
0.636 0.312844
0.637 0.312135
0.638 0.311427
0.639 0.31072
0.64 0.310015
0.641 0.30931
0.642 0.308607
0.643 0.307905
0.644 0.307204
0.645 0.306505
0.646 0.305806
0.647 0.305109
0.648 0.304413
0.649 0.303718
0.65 0.303024
0.651 0.302331
0.652 0.30164
0.653 0.30095
0.654 0.30026
0.655 0.299573
0.656 0.298886
0.657 0.2982
0.658 0.297516
0.659 0.296832
0.66 0.29615
0.661 0.295469
0.662 0.294789
0.663 0.29411
0.664 0.293433
0.665 0.292756
0.666 0.292081
0.667 0.291407
0.668 0.290734
0.669 0.290062
0.67 0.289392
0.671 0.288722
0.672 0.288054
0.673 0.287387
0.674 0.286721
0.675 0.286056
0.676 0.285392
0.677 0.284729
0.678 0.284068
0.679 0.283408
0.68 0.282749
0.681 0.282091
0.682 0.281434
0.683 0.280778
0.684 0.280123
0.685 0.27947
0.686 0.278817
0.687 0.278166
0.688 0.277516
0.689 0.276867
0.69 0.276219
0.691 0.275573
0.692 0.274927
0.693 0.274283
0.694 0.27364
0.695 0.272998
0.696 0.272357
0.697 0.271717
0.698 0.271078
0.699 0.27044
0.7 0.269804
0.701 0.269168
0.702 0.268534
0.703 0.267901
0.704 0.267269
0.705 0.266638
0.706 0.266008
0.707 0.26538
0.708 0.264752
0.709 0.264126
0.71 0.263501
0.711 0.262876
0.712 0.262253
0.713 0.261631
0.714 0.261011
0.715 0.260391
0.716 0.259772
0.717 0.259155
0.718 0.258538
0.719 0.257923
0.72 0.257309
0.721 0.256696
0.722 0.256084
0.723 0.255473
0.724 0.254863
0.725 0.254255
0.726 0.253647
0.727 0.253041
0.728 0.252435
0.729 0.251831
0.73 0.251228
0.731 0.250626
0.732 0.250025
0.733 0.249425
0.734 0.248826
0.735 0.248229
0.736 0.247632
0.737 0.247037
0.738 0.246442
0.739 0.245849
0.74 0.245257
0.741 0.244666
0.742 0.244076
0.743 0.243487
0.744 0.242899
0.745 0.242312
0.746 0.241726
0.747 0.241142
0.748 0.240558
0.749 0.239976
0.75 0.239394
0.751 0.238814
0.752 0.238235
0.753 0.237657
0.754 0.23708
0.755 0.236504
0.756 0.235929
0.757 0.235355
0.758 0.234782
0.759 0.234211
0.76 0.23364
0.761 0.23307
0.762 0.232502
0.763 0.231934
0.764 0.231368
0.765 0.230803
0.766 0.230239
0.767 0.229675
0.768 0.229113
0.769 0.228552
0.77 0.227992
0.771 0.227433
0.772 0.226875
0.773 0.226319
0.774 0.225763
0.775 0.225208
0.776 0.224654
0.777 0.224102
0.778 0.22355
0.779 0.223
0.78 0.22245
0.781 0.221902
0.782 0.221355
0.783 0.220808
0.784 0.220263
0.785 0.219719
0.786 0.219176
0.787 0.218633
0.788 0.218092
0.789 0.217552
0.79 0.217013
0.791 0.216475
0.792 0.215938
0.793 0.215402
0.794 0.214867
0.795 0.214334
0.796 0.213801
0.797 0.213269
0.798 0.212738
0.799 0.212209
0.8 0.21168
0.801 0.211152
0.802 0.210625
0.803 0.2101
0.804 0.209575
0.805 0.209052
0.806 0.208529
0.807 0.208008
0.808 0.207487
0.809 0.206968
0.81 0.206449
0.811 0.205932
0.812 0.205415
0.813 0.2049
0.814 0.204385
0.815 0.203872
0.816 0.203359
0.817 0.202848
0.818 0.202338
0.819 0.201828
0.82 0.20132
0.821 0.200812
0.822 0.200306
0.823 0.199801
0.824 0.199296
0.825 0.198793
0.826 0.19829
0.827 0.197789
0.828 0.197289
0.829 0.196789
0.83 0.196291
0.831 0.195793
0.832 0.195297
0.833 0.194802
0.834 0.194307
0.835 0.193814
0.836 0.193321
0.837 0.19283
0.838 0.192339
0.839 0.19185
0.84 0.191361
0.841 0.190874
0.842 0.190387
0.843 0.189902
0.844 0.189417
0.845 0.188933
0.846 0.188451
0.847 0.187969
0.848 0.187488
0.849 0.187009
0.85 0.18653
0.851 0.186052
0.852 0.185575
0.853 0.185099
0.854 0.184624
0.855 0.184151
0.856 0.183678
0.857 0.183206
0.858 0.182735
0.859 0.182264
0.86 0.181795
0.861 0.181327
0.862 0.18086
0.863 0.180394
0.864 0.179928
0.865 0.179464
0.866 0.179001
0.867 0.178538
0.868 0.178077
0.869 0.177616
0.87 0.177157
0.871 0.176698
0.872 0.17624
0.873 0.175783
0.874 0.175328
0.875 0.174873
0.876 0.174419
0.877 0.173966
0.878 0.173514
0.879 0.173063
0.88 0.172612
0.881 0.172163
0.882 0.171715
0.883 0.171267
0.884 0.170821
0.885 0.170375
0.886 0.169931
0.887 0.169487
0.888 0.169044
0.889 0.168602
0.89 0.168162
0.891 0.167722
0.892 0.167282
0.893 0.166844
0.894 0.166407
0.895 0.165971
0.896 0.165535
0.897 0.165101
0.898 0.164667
0.899 0.164235
0.9 0.163803
0.901 0.163372
0.902 0.162942
0.903 0.162513
0.904 0.162085
0.905 0.161658
0.906 0.161231
0.907 0.160806
0.908 0.160381
0.909 0.159958
0.91 0.159535
0.911 0.159113
0.912 0.158692
0.913 0.158272
0.914 0.157853
0.915 0.157435
0.916 0.157017
0.917 0.156601
0.918 0.156185
0.919 0.15577
0.92 0.155356
0.921 0.154944
0.922 0.154531
0.923 0.15412
0.924 0.15371
0.925 0.1533
0.926 0.152892
0.927 0.152484
0.928 0.152077
0.929 0.151671
0.93 0.151266
0.931 0.150862
0.932 0.150459
0.933 0.150056
0.934 0.149655
0.935 0.149254
0.936 0.148854
0.937 0.148455
0.938 0.148057
0.939 0.14766
0.94 0.147263
0.941 0.146868
0.942 0.146473
0.943 0.146079
0.944 0.145686
0.945 0.145294
0.946 0.144902
0.947 0.144512
0.948 0.144122
0.949 0.143733
0.95 0.143346
0.951 0.142958
0.952 0.142572
0.953 0.142187
0.954 0.141802
0.955 0.141418
0.956 0.141035
0.957 0.140653
0.958 0.140272
0.959 0.139892
0.96 0.139512
0.961 0.139133
0.962 0.138755
0.963 0.138378
0.964 0.138002
0.965 0.137627
0.966 0.137252
0.967 0.136878
0.968 0.136505
0.969 0.136133
0.97 0.135762
0.971 0.135391
0.972 0.135021
0.973 0.134652
0.974 0.134284
0.975 0.133917
0.976 0.133551
0.977 0.133185
0.978 0.13282
0.979 0.132456
0.98 0.132093
0.981 0.13173
0.982 0.131368
0.983 0.131007
0.984 0.130647
0.985 0.130288
0.986 0.12993
0.987 0.129572
0.988 0.129215
0.989 0.128859
0.99 0.128503
0.991 0.128149
0.992 0.127795
0.993 0.127442
0.994 0.12709
0.995 0.126738
0.996 0.126388
0.997 0.126038
0.998 0.125689
0.999 0.125341
1 0.124993
