-1 1.99862
-0.999 1.9954
-0.998 1.99203
-0.997 1.98853
-0.996 1.98491
-0.995 1.98119
-0.994 1.97739
-0.993 1.97352
-0.992 1.96959
-0.991 1.9656
-0.99 1.96158
-0.989 1.95753
-0.988 1.95346
-0.987 1.94937
-0.986 1.94528
-0.985 1.94118
-0.984 1.93708
-0.983 1.93298
-0.982 1.9289
-0.981 1.92482
-0.98 1.92077
-0.979 1.91672
-0.978 1.9127
-0.977 1.90869
-0.976 1.90471
-0.975 1.90075
-0.974 1.89681
-0.973 1.89289
-0.972 1.88899
-0.971 1.88511
-0.97 1.88126
-0.969 1.87743
-0.968 1.87361
-0.967 1.86982
-0.966 1.86605
-0.965 1.86229
-0.964 1.85856
-0.963 1.85483
-0.962 1.85113
-0.961 1.84744
-0.96 1.84376
-0.959 1.8401
-0.958 1.83644
-0.957 1.8328
-0.956 1.82917
-0.955 1.82554
-0.954 1.82193
-0.953 1.81832
-0.952 1.81471
-0.951 1.81112
-0.95 1.80752
-0.949 1.80393
-0.948 1.80035
-0.947 1.79676
-0.946 1.79318
-0.945 1.7896
-0.944 1.78602
-0.943 1.78244
-0.942 1.77887
-0.941 1.77529
-0.94 1.77171
-0.939 1.76813
-0.938 1.76455
-0.937 1.76096
-0.936 1.75738
-0.935 1.75379
-0.934 1.75021
-0.933 1.74662
-0.932 1.74303
-0.931 1.73944
-0.93 1.73584
-0.929 1.73225
-0.928 1.72865
-0.927 1.72506
-0.926 1.72146
-0.925 1.71786
-0.924 1.71426
-0.923 1.71066
-0.922 1.70707
-0.921 1.70347
-0.92 1.69987
-0.919 1.69627
-0.918 1.69268
-0.917 1.68908
-0.916 1.68549
-0.915 1.6819
-0.914 1.67831
-0.913 1.67473
-0.912 1.67115
-0.911 1.66757
-0.91 1.664
-0.909 1.66043
-0.908 1.65686
-0.907 1.6533
-0.906 1.64975
-0.905 1.6462
-0.904 1.64265
-0.903 1.63911
-0.902 1.63558
-0.901 1.63206
-0.9 1.62854
-0.899 1.62503
-0.898 1.62152
-0.897 1.61803
-0.896 1.61454
-0.895 1.61106
-0.894 1.60759
-0.893 1.60412
-0.892 1.60067
-0.891 1.59722
-0.89 1.59379
-0.889 1.59036
-0.888 1.58694
-0.887 1.58353
-0.886 1.58013
-0.885 1.57674
-0.884 1.57335
-0.883 1.56998
-0.882 1.56662
-0.881 1.56327
-0.88 1.55992
-0.879 1.55659
-0.878 1.55327
-0.877 1.54995
-0.876 1.54665
-0.875 1.54335
-0.874 1.54007
-0.873 1.53679
-0.872 1.53352
-0.871 1.53026
-0.87 1.52701
-0.869 1.52377
-0.868 1.52054
-0.867 1.51732
-0.866 1.51411
-0.865 1.5109
-0.864 1.50771
-0.863 1.50452
-0.862 1.50134
-0.861 1.49816
-0.86 1.495
-0.859 1.49184
-0.858 1.48869
-0.857 1.48555
-0.856 1.48242
-0.855 1.47929
-0.854 1.47617
-0.853 1.47305
-0.852 1.46995
-0.851 1.46684
-0.85 1.46375
-0.849 1.46066
-0.848 1.45757
-0.847 1.4545
-0.846 1.45142
-0.845 1.44835
-0.844 1.44529
-0.843 1.44223
-0.842 1.43918
-0.841 1.43613
-0.84 1.43309
-0.839 1.43005
-0.838 1.42701
-0.837 1.42398
-0.836 1.42095
-0.835 1.41792
-0.834 1.4149
-0.833 1.41188
-0.832 1.40887
-0.831 1.40585
-0.83 1.40285
-0.829 1.39984
-0.828 1.39684
-0.827 1.39383
-0.826 1.39084
-0.825 1.38784
-0.824 1.38485
-0.823 1.38185
-0.822 1.37886
-0.821 1.37588
-0.82 1.37289
-0.819 1.36991
-0.818 1.36693
-0.817 1.36395
-0.816 1.36097
-0.815 1.358
-0.814 1.35502
-0.813 1.35205
-0.812 1.34908
-0.811 1.34611
-0.81 1.34314
-0.809 1.34018
-0.808 1.33722
-0.807 1.33425
-0.806 1.33129
-0.805 1.32834
-0.804 1.32538
-0.803 1.32243
-0.802 1.31947
-0.801 1.31652
-0.8 1.31357
-0.799 1.31063
-0.798 1.30768
-0.797 1.30474
-0.796 1.3018
-0.795 1.29886
-0.794 1.29593
-0.793 1.293
-0.792 1.29007
-0.791 1.28714
-0.79 1.28421
-0.789 1.28129
-0.788 1.27837
-0.787 1.27546
-0.786 1.27254
-0.785 1.26963
-0.784 1.26672
-0.783 1.26382
-0.782 1.26092
-0.781 1.25802
-0.78 1.25513
-0.779 1.25224
-0.778 1.24936
-0.777 1.24647
-0.776 1.2436
-0.775 1.24072
-0.774 1.23785
-0.773 1.23499
-0.772 1.23213
-0.771 1.22927
-0.77 1.22642
-0.769 1.22357
-0.768 1.22073
-0.767 1.21789
-0.766 1.21506
-0.765 1.21224
-0.764 1.20941
-0.763 1.2066
-0.762 1.20379
-0.761 1.20098
-0.76 1.19818
-0.759 1.19539
-0.758 1.1926
-0.757 1.18982
-0.756 1.18704
-0.755 1.18427
-0.754 1.18151
-0.753 1.17875
-0.752 1.176
-0.751 1.17325
-0.75 1.17051
-0.749 1.16778
-0.748 1.16505
-0.747 1.16233
-0.746 1.15962
-0.745 1.15691
-0.744 1.15421
-0.743 1.15152
-0.742 1.14883
-0.741 1.14615
-0.74 1.14348
-0.739 1.14082
-0.738 1.13816
-0.737 1.1355
-0.736 1.13286
-0.735 1.13022
-0.734 1.12759
-0.733 1.12496
-0.732 1.12235
-0.731 1.11974
-0.73 1.11713
-0.729 1.11453
-0.728 1.11194
-0.727 1.10936
-0.726 1.10678
-0.725 1.10422
-0.724 1.10165
-0.723 1.0991
-0.722 1.09655
-0.721 1.09401
-0.72 1.09147
-0.719 1.08894
-0.718 1.08642
-0.717 1.0839
-0.716 1.08139
-0.715 1.07889
-0.714 1.07639
-0.713 1.0739
-0.712 1.07142
-0.711 1.06894
-0.71 1.06647
-0.709 1.06401
-0.708 1.06155
-0.707 1.0591
-0.706 1.05665
-0.705 1.05421
-0.704 1.05177
-0.703 1.04934
-0.702 1.04692
-0.701 1.0445
-0.7 1.04209
-0.699 1.03968
-0.698 1.03728
-0.697 1.03488
-0.696 1.03249
-0.695 1.0301
-0.694 1.02772
-0.693 1.02535
-0.692 1.02297
-0.691 1.02061
-0.69 1.01824
-0.689 1.01589
-0.688 1.01353
-0.687 1.01118
-0.686 1.00884
-0.685 1.0065
-0.684 1.00416
-0.683 1.00183
-0.682 0.999501
-0.681 0.997177
-0.68 0.994856
-0.679 0.992539
-0.678 0.990226
-0.677 0.987916
-0.676 0.985609
-0.675 0.983306
-0.674 0.981006
-0.673 0.97871
-0.672 0.976416
-0.671 0.974126
-0.67 0.971838
-0.669 0.969553
-0.668 0.967272
-0.667 0.964993
-0.666 0.962716
-0.665 0.960442
-0.664 0.958171
-0.663 0.955903
-0.662 0.953636
-0.661 0.951372
-0.66 0.949111
-0.659 0.946851
-0.658 0.944594
-0.657 0.942339
-0.656 0.940086
-0.655 0.937835
-0.654 0.935586
-0.653 0.933339
-0.652 0.931094
-0.651 0.928851
-0.65 0.926609
-0.649 0.924369
-0.648 0.922132
-0.647 0.919895
-0.646 0.917661
-0.645 0.915428
-0.644 0.913197
-0.643 0.910967
-0.642 0.908739
-0.641 0.906513
-0.64 0.904288
-0.639 0.902065
-0.638 0.899843
-0.637 0.897623
-0.636 0.895404
-0.635 0.893187
-0.634 0.890972
-0.633 0.888758
-0.632 0.886545
-0.631 0.884335
-0.63 0.882125
-0.629 0.879917
-0.628 0.877711
-0.627 0.875507
-0.626 0.873304
-0.625 0.871102
-0.624 0.868903
-0.623 0.866705
-0.622 0.864508
-0.621 0.862314
-0.62 0.860121
-0.619 0.85793
-0.618 0.855741
-0.617 0.853554
-0.616 0.851369
-0.615 0.849185
-0.614 0.847004
-0.613 0.844824
-0.612 0.842647
-0.611 0.840472
-0.61 0.838299
-0.609 0.836128
-0.608 0.833959
-0.607 0.831793
-0.606 0.829629
-0.605 0.827468
-0.604 0.825309
-0.603 0.823152
-0.602 0.820998
-0.601 0.818847
-0.6 0.816699
-0.599 0.814553
-0.598 0.81241
-0.597 0.81027
-0.596 0.808133
-0.595 0.805998
-0.594 0.803867
-0.593 0.801739
-0.592 0.799615
-0.591 0.797493
-0.59 0.795375
-0.589 0.79326
-0.588 0.791148
-0.587 0.78904
-0.586 0.786936
-0.585 0.784835
-0.584 0.782738
-0.583 0.780645
-0.582 0.778555
-0.581 0.77647
-0.58 0.774388
-0.579 0.77231
-0.578 0.770236
-0.577 0.768167
-0.576 0.766101
-0.575 0.76404
-0.574 0.761983
-0.573 0.759931
-0.572 0.757883
-0.571 0.755839
-0.57 0.7538
-0.569 0.751765
-0.568 0.749735
-0.567 0.74771
-0.566 0.745689
-0.565 0.743674
-0.564 0.741662
-0.563 0.739656
-0.562 0.737655
-0.561 0.735659
-0.56 0.733667
-0.559 0.731681
-0.558 0.7297
-0.557 0.727724
-0.556 0.725753
-0.555 0.723787
-0.554 0.721826
-0.553 0.719871
-0.552 0.717921
-0.551 0.715976
-0.55 0.714036
-0.549 0.712102
-0.548 0.710173
-0.547 0.70825
-0.546 0.706332
-0.545 0.704419
-0.544 0.702512
-0.543 0.70061
-0.542 0.698714
-0.541 0.696823
-0.54 0.694937
-0.539 0.693058
-0.538 0.691183
-0.537 0.689314
-0.536 0.687451
-0.535 0.685593
-0.534 0.68374
-0.533 0.681893
-0.532 0.680051
-0.531 0.678215
-0.53 0.676384
-0.529 0.674559
-0.528 0.672739
-0.527 0.670925
-0.526 0.669115
-0.525 0.667312
-0.524 0.665513
-0.523 0.66372
-0.522 0.661932
-0.521 0.660149
-0.52 0.658371
-0.519 0.656599
-0.518 0.654832
-0.517 0.65307
-0.516 0.651313
-0.515 0.649561
-0.514 0.647813
-0.513 0.646071
-0.512 0.644334
-0.511 0.642602
-0.51 0.640874
-0.509 0.639151
-0.508 0.637433
-0.507 0.63572
-0.506 0.634011
-0.505 0.632306
-0.504 0.630606
-0.503 0.628911
-0.502 0.62722
-0.501 0.625533
-0.5 0.623851
-0.499 0.622172
-0.498 0.620498
-0.497 0.618828
-0.496 0.617162
-0.495 0.6155
-0.494 0.613842
-0.493 0.612187
-0.492 0.610536
-0.491 0.608889
-0.49 0.607246
-0.489 0.605606
-0.488 0.603969
-0.487 0.602336
-0.486 0.600707
-0.485 0.59908
-0.484 0.597457
-0.483 0.595837
-0.482 0.59422
-0.481 0.592605
-0.48 0.590994
-0.479 0.589386
-0.478 0.58778
-0.477 0.586177
-0.476 0.584577
-0.475 0.582979
-0.474 0.581383
-0.473 0.57979
-0.472 0.5782
-0.471 0.576611
-0.47 0.575025
-0.469 0.573441
-0.468 0.571859
-0.467 0.570279
-0.466 0.5687
-0.465 0.567124
-0.464 0.565549
-0.463 0.563976
-0.462 0.562405
-0.461 0.560836
-0.46 0.559267
-0.459 0.557701
-0.458 0.556135
-0.457 0.554571
-0.456 0.553008
-0.455 0.551447
-0.454 0.549886
-0.453 0.548327
-0.452 0.546769
-0.451 0.545212
-0.45 0.543655
-0.449 0.5421
-0.448 0.540545
-0.447 0.538991
-0.446 0.537438
-0.445 0.535885
-0.444 0.534333
-0.443 0.532782
-0.442 0.531231
-0.441 0.529681
-0.44 0.528131
-0.439 0.526582
-0.438 0.525033
-0.437 0.523485
-0.436 0.521936
-0.435 0.520389
-0.434 0.518841
-0.433 0.517293
-0.432 0.515746
-0.431 0.514199
-0.43 0.512652
-0.429 0.511106
-0.428 0.509559
-0.427 0.508013
-0.426 0.506467
-0.425 0.50492
-0.424 0.503374
-0.423 0.501828
-0.422 0.500282
-0.421 0.498736
-0.42 0.49719
-0.419 0.495645
-0.418 0.494099
-0.417 0.492553
-0.416 0.491008
-0.415 0.489462
-0.414 0.487916
-0.413 0.486371
-0.412 0.484826
-0.411 0.48328
-0.41 0.481735
-0.409 0.48019
-0.408 0.478645
-0.407 0.477101
-0.406 0.475556
-0.405 0.474012
-0.404 0.472468
-0.403 0.470924
-0.402 0.469381
-0.401 0.467838
-0.4 0.466295
-0.399 0.464752
-0.398 0.46321
-0.397 0.461669
-0.396 0.460128
-0.395 0.458587
-0.394 0.457047
-0.393 0.455508
-0.392 0.453969
-0.391 0.452431
-0.39 0.450894
-0.389 0.449358
-0.388 0.447822
-0.387 0.446288
-0.386 0.444754
-0.385 0.443221
-0.384 0.44169
-0.383 0.440159
-0.382 0.43863
-0.381 0.437102
-0.38 0.435575
-0.379 0.434049
-0.378 0.432525
-0.377 0.431002
-0.376 0.429481
-0.375 0.427961
-0.374 0.426443
-0.373 0.424927
-0.372 0.423413
-0.371 0.4219
-0.37 0.420389
-0.369 0.41888
-0.368 0.417373
-0.367 0.415868
-0.366 0.414366
-0.365 0.412865
-0.364 0.411367
-0.363 0.409871
-0.362 0.408378
-0.361 0.406887
-0.36 0.405399
-0.359 0.403913
-0.358 0.40243
-0.357 0.40095
-0.356 0.399472
-0.355 0.397997
-0.354 0.396526
-0.353 0.395057
-0.352 0.393591
-0.351 0.392129
-0.35 0.39067
-0.349 0.389214
-0.348 0.387761
-0.347 0.386312
-0.346 0.384866
-0.345 0.383423
-0.344 0.381985
-0.343 0.380549
-0.342 0.379118
-0.341 0.37769
-0.34 0.376266
-0.339 0.374846
-0.338 0.37343
-0.337 0.372018
-0.336 0.37061
-0.335 0.369206
-0.334 0.367806
-0.333 0.36641
-0.332 0.365019
-0.331 0.363632
-0.33 0.362249
-0.329 0.36087
-0.328 0.359496
-0.327 0.358126
-0.326 0.356761
-0.325 0.3554
-0.324 0.354044
-0.323 0.352693
-0.322 0.351346
-0.321 0.350003
-0.32 0.348666
-0.319 0.347333
-0.318 0.346005
-0.317 0.344681
-0.316 0.343363
-0.315 0.342049
-0.314 0.34074
-0.313 0.339436
-0.312 0.338136
-0.311 0.336842
-0.31 0.335553
-0.309 0.334268
-0.308 0.332988
-0.307 0.331713
-0.306 0.330444
-0.305 0.329179
-0.304 0.327918
-0.303 0.326663
-0.302 0.325413
-0.301 0.324168
-0.3 0.322927
-0.299 0.321692
-0.298 0.320461
-0.297 0.319235
-0.296 0.318014
-0.295 0.316798
-0.294 0.315587
-0.293 0.31438
-0.292 0.313178
-0.291 0.311981
-0.29 0.310789
-0.289 0.309601
-0.288 0.308418
-0.287 0.307239
-0.286 0.306065
-0.285 0.304896
-0.284 0.303731
-0.283 0.30257
-0.282 0.301414
-0.281 0.300262
-0.28 0.299115
-0.279 0.297971
-0.278 0.296832
-0.277 0.295697
-0.276 0.294567
-0.275 0.29344
-0.274 0.292317
-0.273 0.291198
-0.272 0.290082
-0.271 0.288971
-0.27 0.287863
-0.269 0.286759
-0.268 0.285659
-0.267 0.284562
-0.266 0.283468
-0.265 0.282378
-0.264 0.281291
-0.263 0.280207
-0.262 0.279126
-0.261 0.278048
-0.26 0.276973
-0.259 0.275901
-0.258 0.274832
-0.257 0.273765
-0.256 0.272701
-0.255 0.27164
-0.254 0.270581
-0.253 0.269524
-0.252 0.26847
-0.251 0.267417
-0.25 0.266367
-0.249 0.265318
-0.248 0.264272
-0.247 0.263227
-0.246 0.262184
-0.245 0.261142
-0.244 0.260102
-0.243 0.259063
-0.242 0.258026
-0.241 0.256989
-0.24 0.255954
-0.239 0.254919
-0.238 0.253886
-0.237 0.252853
-0.236 0.251821
-0.235 0.250789
-0.234 0.249758
-0.233 0.248727
-0.232 0.247697
-0.231 0.246666
-0.23 0.245636
-0.229 0.244605
-0.228 0.243574
-0.227 0.242543
-0.226 0.241512
-0.225 0.24048
-0.224 0.239448
-0.223 0.238415
-0.222 0.237381
-0.221 0.236346
-0.22 0.23531
-0.219 0.234273
-0.218 0.233236
-0.217 0.232196
-0.216 0.231156
-0.215 0.230114
-0.214 0.22907
-0.213 0.228025
-0.212 0.226978
-0.211 0.225929
-0.21 0.224879
-0.209 0.223826
-0.208 0.222771
-0.207 0.221714
-0.206 0.220655
-0.205 0.219594
-0.204 0.21853
-0.203 0.217464
-0.202 0.216395
-0.201 0.215324
-0.2 0.21425
-0.199 0.213173
-0.198 0.212093
-0.197 0.21101
-0.196 0.209925
-0.195 0.208836
-0.194 0.207745
-0.193 0.20665
-0.192 0.205552
-0.191 0.204451
-0.19 0.203346
-0.189 0.202238
-0.188 0.201127
-0.187 0.200012
-0.186 0.198894
-0.185 0.197772
-0.184 0.196647
-0.183 0.195518
-0.182 0.194386
-0.181 0.19325
-0.18 0.19211
-0.179 0.190967
-0.178 0.189819
-0.177 0.188668
-0.176 0.187514
-0.175 0.186355
-0.174 0.185193
-0.173 0.184027
-0.172 0.182858
-0.171 0.181684
-0.17 0.180507
-0.169 0.179326
-0.168 0.178141
-0.167 0.176952
-0.166 0.17576
-0.165 0.174564
-0.164 0.173364
-0.163 0.172161
-0.162 0.170954
-0.161 0.169743
-0.16 0.168529
-0.159 0.167311
-0.158 0.16609
-0.157 0.164865
-0.156 0.163637
-0.155 0.162406
-0.154 0.161171
-0.153 0.159933
-0.152 0.158692
-0.151 0.157447
-0.15 0.1562
-0.149 0.154949
-0.148 0.153696
-0.147 0.15244
-0.146 0.15118
-0.145 0.149919
-0.144 0.148654
-0.143 0.147387
-0.142 0.146118
-0.141 0.144846
-0.14 0.143572
-0.139 0.142296
-0.138 0.141018
-0.137 0.139737
-0.136 0.138455
-0.135 0.137172
-0.134 0.135886
-0.133 0.134599
-0.132 0.133311
-0.131 0.132021
-0.13 0.13073
-0.129 0.129439
-0.128 0.128146
-0.127 0.126853
-0.126 0.125559
-0.125 0.124264
-0.124 0.122969
-0.123 0.121674
-0.122 0.120379
-0.121 0.119084
-0.12 0.117789
-0.119 0.116495
-0.118 0.115201
-0.117 0.113908
-0.116 0.112616
-0.115 0.111324
-0.114 0.110034
-0.113 0.108746
-0.112 0.107458
-0.111 0.106173
-0.11 0.104889
-0.109 0.103608
-0.108 0.102328
-0.107 0.101051
-0.106 0.0997768
-0.105 0.0985052
-0.104 0.0972364
-0.103 0.0959708
-0.102 0.0947084
-0.101 0.0934495
-0.1 0.0921943
-0.099 0.090943
-0.098 0.0896957
-0.097 0.0884526
-0.096 0.087214
-0.095 0.08598
-0.094 0.0847508
-0.093 0.0835267
-0.092 0.0823077
-0.091 0.0810941
-0.09 0.0798862
-0.089 0.078684
-0.088 0.0774878
-0.087 0.0762979
-0.086 0.0751143
-0.085 0.0739373
-0.084 0.0727671
-0.083 0.071604
-0.082 0.070448
-0.081 0.0692994
-0.08 0.0681584
-0.079 0.0670252
-0.078 0.0658999
-0.077 0.0647829
-0.076 0.0636743
-0.075 0.0625743
-0.074 0.061483
-0.073 0.0604008
-0.072 0.0593277
-0.071 0.058264
-0.07 0.0572099
-0.069 0.0561656
-0.068 0.0551312
-0.067 0.054107
-0.066 0.0530932
-0.065 0.0520899
-0.064 0.0510973
-0.063 0.0501157
-0.062 0.0491452
-0.061 0.048186
-0.06 0.0472382
-0.059 0.0463022
-0.058 0.0453779
-0.057 0.0444658
-0.056 0.0435658
-0.055 0.0426782
-0.054 0.0418032
-0.053 0.0409409
-0.052 0.0400915
-0.051 0.0392552
-0.05 0.0384321
-0.049 0.0376225
-0.048 0.0368264
-0.047 0.036044
-0.046 0.0352755
-0.045 0.0345211
-0.044 0.0337809
-0.043 0.033055
-0.042 0.0323436
-0.041 0.0316469
-0.04 0.0309649
-0.039 0.0302979
-0.038 0.029646
-0.037 0.0290092
-0.036 0.0283878
-0.035 0.0277818
-0.034 0.0271915
-0.033 0.0266168
-0.032 0.026058
-0.031 0.0255151
-0.03 0.0249883
-0.029 0.0244776
-0.028 0.0239833
-0.027 0.0235053
-0.026 0.0230438
-0.025 0.0225989
-0.024 0.0221707
-0.023 0.0217592
-0.022 0.0213646
-0.021 0.020987
-0.02 0.0206263
-0.019 0.0202828
-0.018 0.0199564
-0.017 0.0196473
-0.016 0.0193555
-0.015 0.0190811
-0.014 0.018824
-0.013 0.0185845
-0.012 0.0183625
-0.011 0.0181581
-0.01 0.0179713
-0.009 0.0178022
-0.008 0.0176508
-0.007 0.0175171
-0.006 0.0174012
-0.005 0.0173031
-0.004 0.0172228
-0.003 0.0171603
-0.002 0.0171156
-0.001 0.0170888
0 0.0170799
0.001 0.0170888
0.002 0.0171156
0.003 0.0171603
0.004 0.0172228
0.005 0.0173031
0.006 0.0174012
0.007 0.0175171
0.008 0.0176508
0.009 0.0178022
0.01 0.0179713
0.011 0.0181581
0.012 0.0183625
0.013 0.0185845
0.014 0.018824
0.015 0.0190811
0.016 0.0193555
0.017 0.0196473
0.018 0.0199564
0.019 0.0202828
0.02 0.0206263
0.021 0.020987
0.022 0.0213646
0.023 0.0217592
0.024 0.0221707
0.025 0.0225989
0.026 0.0230438
0.027 0.0235053
0.028 0.0239833
0.029 0.0244776
0.03 0.0249883
0.031 0.0255151
0.032 0.026058
0.033 0.0266168
0.034 0.0271915
0.035 0.0277818
0.036 0.0283878
0.037 0.0290092
0.038 0.029646
0.039 0.0302979
0.04 0.0309649
0.041 0.0316469
0.042 0.0323436
0.043 0.033055
0.044 0.0337809
0.045 0.0345211
0.046 0.0352755
0.047 0.036044
0.048 0.0368264
0.049 0.0376225
0.05 0.0384321
0.051 0.0392552
0.052 0.0400915
0.053 0.0409409
0.054 0.0418032
0.055 0.0426782
0.056 0.0435658
0.057 0.0444658
0.058 0.0453779
0.059 0.0463022
0.06 0.0472382
0.061 0.048186
0.062 0.0491452
0.063 0.0501157
0.064 0.0510973
0.065 0.0520899
0.066 0.0530932
0.067 0.054107
0.068 0.0551312
0.069 0.0561656
0.07 0.0572099
0.071 0.058264
0.072 0.0593277
0.073 0.0604008
0.074 0.061483
0.075 0.0625743
0.076 0.0636743
0.077 0.0647829
0.078 0.0658999
0.079 0.0670252
0.08 0.0681584
0.081 0.0692994
0.082 0.070448
0.083 0.071604
0.084 0.0727671
0.085 0.0739373
0.086 0.0751143
0.087 0.0762979
0.088 0.0774878
0.089 0.078684
0.09 0.0798862
0.091 0.0810941
0.092 0.0823077
0.093 0.0835267
0.094 0.0847508
0.095 0.08598
0.096 0.087214
0.097 0.0884526
0.098 0.0896957
0.099 0.090943
0.1 0.0921943
0.101 0.0934495
0.102 0.0947084
0.103 0.0959708
0.104 0.0972364
0.105 0.0985052
0.106 0.0997768
0.107 0.101051
0.108 0.102328
0.109 0.103608
0.11 0.104889
0.111 0.106173
0.112 0.107458
0.113 0.108746
0.114 0.110034
0.115 0.111324
0.116 0.112616
0.117 0.113908
0.118 0.115201
0.119 0.116495
0.12 0.117789
0.121 0.119084
0.122 0.120379
0.123 0.121674
0.124 0.122969
0.125 0.124264
0.126 0.125559
0.127 0.126853
0.128 0.128146
0.129 0.129439
0.13 0.13073
0.131 0.132021
0.132 0.133311
0.133 0.134599
0.134 0.135886
0.135 0.137172
0.136 0.138455
0.137 0.139737
0.138 0.141018
0.139 0.142296
0.14 0.143572
0.141 0.144846
0.142 0.146118
0.143 0.147387
0.144 0.148654
0.145 0.149919
0.146 0.15118
0.147 0.15244
0.148 0.153696
0.149 0.154949
0.15 0.1562
0.151 0.157447
0.152 0.158692
0.153 0.159933
0.154 0.161171
0.155 0.162406
0.156 0.163637
0.157 0.164865
0.158 0.16609
0.159 0.167311
0.16 0.168529
0.161 0.169743
0.162 0.170954
0.163 0.172161
0.164 0.173364
0.165 0.174564
0.166 0.17576
0.167 0.176952
0.168 0.178141
0.169 0.179326
0.17 0.180507
0.171 0.181684
0.172 0.182858
0.173 0.184027
0.174 0.185193
0.175 0.186355
0.176 0.187514
0.177 0.188668
0.178 0.189819
0.179 0.190967
0.18 0.19211
0.181 0.19325
0.182 0.194386
0.183 0.195518
0.184 0.196647
0.185 0.197772
0.186 0.198894
0.187 0.200012
0.188 0.201127
0.189 0.202238
0.19 0.203346
0.191 0.204451
0.192 0.205552
0.193 0.20665
0.194 0.207745
0.195 0.208836
0.196 0.209925
0.197 0.21101
0.198 0.212093
0.199 0.213173
0.2 0.21425
0.201 0.215324
0.202 0.216395
0.203 0.217464
0.204 0.21853
0.205 0.219594
0.206 0.220655
0.207 0.221714
0.208 0.222771
0.209 0.223826
0.21 0.224879
0.211 0.225929
0.212 0.226978
0.213 0.228025
0.214 0.22907
0.215 0.230114
0.216 0.231156
0.217 0.232196
0.218 0.233236
0.219 0.234273
0.22 0.23531
0.221 0.236346
0.222 0.237381
0.223 0.238415
0.224 0.239448
0.225 0.24048
0.226 0.241512
0.227 0.242543
0.228 0.243574
0.229 0.244605
0.23 0.245636
0.231 0.246666
0.232 0.247697
0.233 0.248727
0.234 0.249758
0.235 0.250789
0.236 0.251821
0.237 0.252853
0.238 0.253886
0.239 0.254919
0.24 0.255954
0.241 0.256989
0.242 0.258026
0.243 0.259063
0.244 0.260102
0.245 0.261142
0.246 0.262184
0.247 0.263227
0.248 0.264272
0.249 0.265318
0.25 0.266367
0.251 0.267417
0.252 0.26847
0.253 0.269524
0.254 0.270581
0.255 0.27164
0.256 0.272701
0.257 0.273765
0.258 0.274832
0.259 0.275901
0.26 0.276973
0.261 0.278048
0.262 0.279126
0.263 0.280207
0.264 0.281291
0.265 0.282378
0.266 0.283468
0.267 0.284562
0.268 0.285659
0.269 0.286759
0.27 0.287863
0.271 0.288971
0.272 0.290082
0.273 0.291198
0.274 0.292317
0.275 0.29344
0.276 0.294567
0.277 0.295697
0.278 0.296832
0.279 0.297971
0.28 0.299115
0.281 0.300262
0.282 0.301414
0.283 0.30257
0.284 0.303731
0.285 0.304896
0.286 0.306065
0.287 0.307239
0.288 0.308418
0.289 0.309601
0.29 0.310789
0.291 0.311981
0.292 0.313178
0.293 0.31438
0.294 0.315587
0.295 0.316798
0.296 0.318014
0.297 0.319235
0.298 0.320461
0.299 0.321692
0.3 0.322927
0.301 0.324168
0.302 0.325413
0.303 0.326663
0.304 0.327918
0.305 0.329179
0.306 0.330444
0.307 0.331713
0.308 0.332988
0.309 0.334268
0.31 0.335553
0.311 0.336842
0.312 0.338136
0.313 0.339436
0.314 0.34074
0.315 0.342049
0.316 0.343363
0.317 0.344681
0.318 0.346005
0.319 0.347333
0.32 0.348666
0.321 0.350003
0.322 0.351346
0.323 0.352693
0.324 0.354044
0.325 0.3554
0.326 0.356761
0.327 0.358126
0.328 0.359496
0.329 0.36087
0.33 0.362249
0.331 0.363632
0.332 0.365019
0.333 0.36641
0.334 0.367806
0.335 0.369206
0.336 0.37061
0.337 0.372018
0.338 0.37343
0.339 0.374846
0.34 0.376266
0.341 0.37769
0.342 0.379118
0.343 0.380549
0.344 0.381985
0.345 0.383423
0.346 0.384866
0.347 0.386312
0.348 0.387761
0.349 0.389214
0.35 0.39067
0.351 0.392129
0.352 0.393591
0.353 0.395057
0.354 0.396526
0.355 0.397997
0.356 0.399472
0.357 0.40095
0.358 0.40243
0.359 0.403913
0.36 0.405399
0.361 0.406887
0.362 0.408378
0.363 0.409871
0.364 0.411367
0.365 0.412865
0.366 0.414366
0.367 0.415868
0.368 0.417373
0.369 0.41888
0.37 0.420389
0.371 0.4219
0.372 0.423413
0.373 0.424927
0.374 0.426443
0.375 0.427961
0.376 0.429481
0.377 0.431002
0.378 0.432525
0.379 0.434049
0.38 0.435575
0.381 0.437102
0.382 0.43863
0.383 0.440159
0.384 0.44169
0.385 0.443221
0.386 0.444754
0.387 0.446288
0.388 0.447822
0.389 0.449358
0.39 0.450894
0.391 0.452431
0.392 0.453969
0.393 0.455508
0.394 0.457047
0.395 0.458587
0.396 0.460128
0.397 0.461669
0.398 0.46321
0.399 0.464752
0.4 0.466295
0.401 0.467838
0.402 0.469381
0.403 0.470924
0.404 0.472468
0.405 0.474012
0.406 0.475556
0.407 0.477101
0.408 0.478645
0.409 0.48019
0.41 0.481735
0.411 0.48328
0.412 0.484826
0.413 0.486371
0.414 0.487916
0.415 0.489462
0.416 0.491008
0.417 0.492553
0.418 0.494099
0.419 0.495645
0.42 0.49719
0.421 0.498736
0.422 0.500282
0.423 0.501828
0.424 0.503374
0.425 0.50492
0.426 0.506467
0.427 0.508013
0.428 0.509559
0.429 0.511106
0.43 0.512652
0.431 0.514199
0.432 0.515746
0.433 0.517293
0.434 0.518841
0.435 0.520389
0.436 0.521936
0.437 0.523485
0.438 0.525033
0.439 0.526582
0.44 0.528131
0.441 0.529681
0.442 0.531231
0.443 0.532782
0.444 0.534333
0.445 0.535885
0.446 0.537438
0.447 0.538991
0.448 0.540545
0.449 0.5421
0.45 0.543655
0.451 0.545212
0.452 0.546769
0.453 0.548327
0.454 0.549886
0.455 0.551447
0.456 0.553008
0.457 0.554571
0.458 0.556135
0.459 0.557701
0.46 0.559267
0.461 0.560836
0.462 0.562405
0.463 0.563976
0.464 0.565549
0.465 0.567124
0.466 0.5687
0.467 0.570279
0.468 0.571859
0.469 0.573441
0.47 0.575025
0.471 0.576611
0.472 0.5782
0.473 0.57979
0.474 0.581383
0.475 0.582979
0.476 0.584577
0.477 0.586177
0.478 0.58778
0.479 0.589386
0.48 0.590994
0.481 0.592605
0.482 0.59422
0.483 0.595837
0.484 0.597457
0.485 0.59908
0.486 0.600707
0.487 0.602336
0.488 0.603969
0.489 0.605606
0.49 0.607246
0.491 0.608889
0.492 0.610536
0.493 0.612187
0.494 0.613842
0.495 0.6155
0.496 0.617162
0.497 0.618828
0.498 0.620498
0.499 0.622172
0.5 0.623851
0.501 0.625533
0.502 0.62722
0.503 0.628911
0.504 0.630606
0.505 0.632306
0.506 0.634011
0.507 0.63572
0.508 0.637433
0.509 0.639151
0.51 0.640874
0.511 0.642602
0.512 0.644334
0.513 0.646071
0.514 0.647813
0.515 0.649561
0.516 0.651313
0.517 0.65307
0.518 0.654832
0.519 0.656599
0.52 0.658371
0.521 0.660149
0.522 0.661932
0.523 0.66372
0.524 0.665513
0.525 0.667312
0.526 0.669115
0.527 0.670925
0.528 0.672739
0.529 0.674559
0.53 0.676384
0.531 0.678215
0.532 0.680051
0.533 0.681893
0.534 0.68374
0.535 0.685593
0.536 0.687451
0.537 0.689314
0.538 0.691183
0.539 0.693058
0.54 0.694937
0.541 0.696823
0.542 0.698714
0.543 0.70061
0.544 0.702512
0.545 0.704419
0.546 0.706332
0.547 0.70825
0.548 0.710173
0.549 0.712102
0.55 0.714036
0.551 0.715976
0.552 0.717921
0.553 0.719871
0.554 0.721826
0.555 0.723787
0.556 0.725753
0.557 0.727724
0.558 0.7297
0.559 0.731681
0.56 0.733667
0.561 0.735659
0.562 0.737655
0.563 0.739656
0.564 0.741662
0.565 0.743674
0.566 0.745689
0.567 0.74771
0.568 0.749735
0.569 0.751765
0.57 0.7538
0.571 0.755839
0.572 0.757883
0.573 0.759931
0.574 0.761983
0.575 0.76404
0.576 0.766101
0.577 0.768167
0.578 0.770236
0.579 0.77231
0.58 0.774388
0.581 0.77647
0.582 0.778555
0.583 0.780645
0.584 0.782738
0.585 0.784835
0.586 0.786936
0.587 0.78904
0.588 0.791148
0.589 0.79326
0.59 0.795375
0.591 0.797493
0.592 0.799615
0.593 0.801739
0.594 0.803867
0.595 0.805998
0.596 0.808133
0.597 0.81027
0.598 0.81241
0.599 0.814553
0.6 0.816699
0.601 0.818847
0.602 0.820998
0.603 0.823152
0.604 0.825309
0.605 0.827468
0.606 0.829629
0.607 0.831793
0.608 0.833959
0.609 0.836128
0.61 0.838299
0.611 0.840472
0.612 0.842647
0.613 0.844824
0.614 0.847004
0.615 0.849185
0.616 0.851369
0.617 0.853554
0.618 0.855741
0.619 0.85793
0.62 0.860121
0.621 0.862314
0.622 0.864508
0.623 0.866705
0.624 0.868903
0.625 0.871102
0.626 0.873304
0.627 0.875507
0.628 0.877711
0.629 0.879917
0.63 0.882125
0.631 0.884335
0.632 0.886545
0.633 0.888758
0.634 0.890972
0.635 0.893187
0.636 0.895404
0.637 0.897623
0.638 0.899843
0.639 0.902065
0.64 0.904288
0.641 0.906513
0.642 0.908739
0.643 0.910967
0.644 0.913197
0.645 0.915428
0.646 0.917661
0.647 0.919895
0.648 0.922132
0.649 0.924369
0.65 0.926609
0.651 0.928851
0.652 0.931094
0.653 0.933339
0.654 0.935586
0.655 0.937835
0.656 0.940086
0.657 0.942339
0.658 0.944594
0.659 0.946851
0.66 0.949111
0.661 0.951372
0.662 0.953636
0.663 0.955903
0.664 0.958171
0.665 0.960442
0.666 0.962716
0.667 0.964993
0.668 0.967272
0.669 0.969553
0.67 0.971838
0.671 0.974126
0.672 0.976416
0.673 0.97871
0.674 0.981006
0.675 0.983306
0.676 0.985609
0.677 0.987916
0.678 0.990226
0.679 0.992539
0.68 0.994856
0.681 0.997177
0.682 0.999501
0.683 1.00183
0.684 1.00416
0.685 1.0065
0.686 1.00884
0.687 1.01118
0.688 1.01353
0.689 1.01589
0.69 1.01824
0.691 1.02061
0.692 1.02297
0.693 1.02535
0.694 1.02772
0.695 1.0301
0.696 1.03249
0.697 1.03488
0.698 1.03728
0.699 1.03968
0.7 1.04209
0.701 1.0445
0.702 1.04692
0.703 1.04934
0.704 1.05177
0.705 1.05421
0.706 1.05665
0.707 1.0591
0.708 1.06155
0.709 1.06401
0.71 1.06647
0.711 1.06894
0.712 1.07142
0.713 1.0739
0.714 1.07639
0.715 1.07889
0.716 1.08139
0.717 1.0839
0.718 1.08642
0.719 1.08894
0.72 1.09147
0.721 1.09401
0.722 1.09655
0.723 1.0991
0.724 1.10165
0.725 1.10422
0.726 1.10678
0.727 1.10936
0.728 1.11194
0.729 1.11453
0.73 1.11713
0.731 1.11974
0.732 1.12235
0.733 1.12496
0.734 1.12759
0.735 1.13022
0.736 1.13286
0.737 1.1355
0.738 1.13816
0.739 1.14082
0.74 1.14348
0.741 1.14615
0.742 1.14883
0.743 1.15152
0.744 1.15421
0.745 1.15691
0.746 1.15962
0.747 1.16233
0.748 1.16505
0.749 1.16778
0.75 1.17051
0.751 1.17325
0.752 1.176
0.753 1.17875
0.754 1.18151
0.755 1.18427
0.756 1.18704
0.757 1.18982
0.758 1.1926
0.759 1.19539
0.76 1.19818
0.761 1.20098
0.762 1.20379
0.763 1.2066
0.764 1.20941
0.765 1.21224
0.766 1.21506
0.767 1.21789
0.768 1.22073
0.769 1.22357
0.77 1.22642
0.771 1.22927
0.772 1.23213
0.773 1.23499
0.774 1.23785
0.775 1.24072
0.776 1.2436
0.777 1.24647
0.778 1.24936
0.779 1.25224
0.78 1.25513
0.781 1.25802
0.782 1.26092
0.783 1.26382
0.784 1.26672
0.785 1.26963
0.786 1.27254
0.787 1.27546
0.788 1.27837
0.789 1.28129
0.79 1.28421
0.791 1.28714
0.792 1.29007
0.793 1.293
0.794 1.29593
0.795 1.29886
0.796 1.3018
0.797 1.30474
0.798 1.30768
0.799 1.31063
0.8 1.31357
0.801 1.31652
0.802 1.31947
0.803 1.32243
0.804 1.32538
0.805 1.32834
0.806 1.33129
0.807 1.33425
0.808 1.33722
0.809 1.34018
0.81 1.34314
0.811 1.34611
0.812 1.34908
0.813 1.35205
0.814 1.35502
0.815 1.358
0.816 1.36097
0.817 1.36395
0.818 1.36693
0.819 1.36991
0.82 1.37289
0.821 1.37588
0.822 1.37886
0.823 1.38185
0.824 1.38485
0.825 1.38784
0.826 1.39084
0.827 1.39383
0.828 1.39684
0.829 1.39984
0.83 1.40285
0.831 1.40585
0.832 1.40887
0.833 1.41188
0.834 1.4149
0.835 1.41792
0.836 1.42095
0.837 1.42398
0.838 1.42701
0.839 1.43005
0.84 1.43309
0.841 1.43613
0.842 1.43918
0.843 1.44223
0.844 1.44529
0.845 1.44835
0.846 1.45142
0.847 1.4545
0.848 1.45757
0.849 1.46066
0.85 1.46375
0.851 1.46684
0.852 1.46995
0.853 1.47305
0.854 1.47617
0.855 1.47929
0.856 1.48242
0.857 1.48555
0.858 1.48869
0.859 1.49184
0.86 1.495
0.861 1.49816
0.862 1.50134
0.863 1.50452
0.864 1.50771
0.865 1.5109
0.866 1.51411
0.867 1.51732
0.868 1.52054
0.869 1.52377
0.87 1.52701
0.871 1.53026
0.872 1.53352
0.873 1.53679
0.874 1.54007
0.875 1.54335
0.876 1.54665
0.877 1.54995
0.878 1.55327
0.879 1.55659
0.88 1.55992
0.881 1.56327
0.882 1.56662
0.883 1.56998
0.884 1.57335
0.885 1.57674
0.886 1.58013
0.887 1.58353
0.888 1.58694
0.889 1.59036
0.89 1.59379
0.891 1.59722
0.892 1.60067
0.893 1.60412
0.894 1.60759
0.895 1.61106
0.896 1.61454
0.897 1.61803
0.898 1.62152
0.899 1.62503
0.9 1.62854
0.901 1.63206
0.902 1.63558
0.903 1.63911
0.904 1.64265
0.905 1.6462
0.906 1.64975
0.907 1.6533
0.908 1.65686
0.909 1.66043
0.91 1.664
0.911 1.66757
0.912 1.67115
0.913 1.67473
0.914 1.67831
0.915 1.6819
0.916 1.68549
0.917 1.68908
0.918 1.69268
0.919 1.69627
0.92 1.69987
0.921 1.70347
0.922 1.70707
0.923 1.71066
0.924 1.71426
0.925 1.71786
0.926 1.72146
0.927 1.72506
0.928 1.72865
0.929 1.73225
0.93 1.73584
0.931 1.73944
0.932 1.74303
0.933 1.74662
0.934 1.75021
0.935 1.75379
0.936 1.75738
0.937 1.76096
0.938 1.76455
0.939 1.76813
0.94 1.77171
0.941 1.77529
0.942 1.77887
0.943 1.78244
0.944 1.78602
0.945 1.7896
0.946 1.79318
0.947 1.79676
0.948 1.80035
0.949 1.80393
0.95 1.80752
0.951 1.81112
0.952 1.81471
0.953 1.81832
0.954 1.82193
0.955 1.82554
0.956 1.82917
0.957 1.8328
0.958 1.83644
0.959 1.8401
0.96 1.84376
0.961 1.84744
0.962 1.85113
0.963 1.85483
0.964 1.85856
0.965 1.86229
0.966 1.86605
0.967 1.86982
0.968 1.87361
0.969 1.87743
0.97 1.88126
0.971 1.88511
0.972 1.88899
0.973 1.89289
0.974 1.89681
0.975 1.90075
0.976 1.90471
0.977 1.90869
0.978 1.9127
0.979 1.91672
0.98 1.92077
0.981 1.92482
0.982 1.9289
0.983 1.93298
0.984 1.93708
0.985 1.94118
0.986 1.94528
0.987 1.94937
0.988 1.95346
0.989 1.95753
0.99 1.96158
0.991 1.9656
0.992 1.96959
0.993 1.97352
0.994 1.97739
0.995 1.98119
0.996 1.98491
0.997 1.98853
0.998 1.99203
0.999 1.9954
1 1.99862
