-1 2
-0.999 2
-0.998 1.99999
-0.997 1.99999
-0.996 1.99998
-0.995 1.99997
-0.994 1.99995
-0.993 1.99993
-0.992 1.99991
-0.991 1.99989
-0.99 1.99986
-0.989 1.99983
-0.988 1.9998
-0.987 1.99977
-0.986 1.99973
-0.985 1.99969
-0.984 1.99965
-0.983 1.9996
-0.982 1.99955
-0.981 1.9995
-0.98 1.99945
-0.979 1.99939
-0.978 1.99933
-0.977 1.99927
-0.976 1.9992
-0.975 1.99913
-0.974 1.99906
-0.973 1.99899
-0.972 1.99891
-0.971 1.99883
-0.97 1.99875
-0.969 1.99867
-0.968 1.99858
-0.967 1.99849
-0.966 1.9984
-0.965 1.9983
-0.964 1.9982
-0.963 1.9981
-0.962 1.998
-0.961 1.99789
-0.96 1.99778
-0.959 1.99767
-0.958 1.99756
-0.957 1.99744
-0.956 1.99732
-0.955 1.99719
-0.954 1.99707
-0.953 1.99694
-0.952 1.99681
-0.951 1.99667
-0.95 1.99654
-0.949 1.9964
-0.948 1.99625
-0.947 1.99611
-0.946 1.99596
-0.945 1.99581
-0.944 1.99566
-0.943 1.9955
-0.942 1.99534
-0.941 1.99518
-0.94 1.99502
-0.939 1.99485
-0.938 1.99468
-0.937 1.99451
-0.936 1.99433
-0.935 1.99415
-0.934 1.99397
-0.933 1.99379
-0.932 1.9936
-0.931 1.99341
-0.93 1.99322
-0.929 1.99302
-0.928 1.99283
-0.927 1.99263
-0.926 1.99242
-0.925 1.99222
-0.924 1.99201
-0.923 1.9918
-0.922 1.99158
-0.921 1.99137
-0.92 1.99115
-0.919 1.99093
-0.918 1.9907
-0.917 1.99047
-0.916 1.99024
-0.915 1.99001
-0.914 1.98977
-0.913 1.98953
-0.912 1.98929
-0.911 1.98905
-0.91 1.9888
-0.909 1.98855
-0.908 1.9883
-0.907 1.98805
-0.906 1.98779
-0.905 1.98753
-0.904 1.98726
-0.903 1.987
-0.902 1.98673
-0.901 1.98646
-0.9 1.98618
-0.899 1.98591
-0.898 1.98563
-0.897 1.98535
-0.896 1.98506
-0.895 1.98477
-0.894 1.98448
-0.893 1.98419
-0.892 1.9839
-0.891 1.9836
-0.89 1.9833
-0.889 1.98299
-0.888 1.98269
-0.887 1.98238
-0.886 1.98206
-0.885 1.98175
-0.884 1.98143
-0.883 1.98111
-0.882 1.98079
-0.881 1.98046
-0.88 1.98014
-0.879 1.97981
-0.878 1.97947
-0.877 1.97914
-0.876 1.9788
-0.875 1.97846
-0.874 1.97811
-0.873 1.97776
-0.872 1.97742
-0.871 1.97706
-0.87 1.97671
-0.869 1.97635
-0.868 1.97599
-0.867 1.97563
-0.866 1.97526
-0.865 1.97489
-0.864 1.97452
-0.863 1.97415
-0.862 1.97377
-0.861 1.97339
-0.86 1.97301
-0.859 1.97263
-0.858 1.97224
-0.857 1.97185
-0.856 1.97146
-0.855 1.97106
-0.854 1.97067
-0.853 1.97027
-0.852 1.96986
-0.851 1.96946
-0.85 1.96905
-0.849 1.96864
-0.848 1.96823
-0.847 1.96781
-0.846 1.96739
-0.845 1.96697
-0.844 1.96655
-0.843 1.96612
-0.842 1.96569
-0.841 1.96526
-0.84 1.96482
-0.839 1.96439
-0.838 1.96395
-0.837 1.9635
-0.836 1.96306
-0.835 1.96261
-0.834 1.96216
-0.833 1.96171
-0.832 1.96125
-0.831 1.9608
-0.83 1.96033
-0.829 1.95987
-0.828 1.95941
-0.827 1.95894
-0.826 1.95847
-0.825 1.95799
-0.824 1.95752
-0.823 1.95704
-0.822 1.95656
-0.821 1.95607
-0.82 1.95558
-0.819 1.9551
-0.818 1.9546
-0.817 1.95411
-0.816 1.95361
-0.815 1.95311
-0.814 1.95261
-0.813 1.95211
-0.812 1.9516
-0.811 1.95109
-0.81 1.95058
-0.809 1.95006
-0.808 1.94954
-0.807 1.94902
-0.806 1.9485
-0.805 1.94797
-0.804 1.94745
-0.803 1.94692
-0.802 1.94638
-0.801 1.94585
-0.8 1.94531
-0.799 1.94477
-0.798 1.94423
-0.797 1.94368
-0.796 1.94313
-0.795 1.94258
-0.794 1.94203
-0.793 1.94147
-0.792 1.94091
-0.791 1.94035
-0.79 1.93979
-0.789 1.93922
-0.788 1.93865
-0.787 1.93808
-0.786 1.93751
-0.785 1.93693
-0.784 1.93636
-0.783 1.93577
-0.782 1.93519
-0.781 1.9346
-0.78 1.93402
-0.779 1.93343
-0.778 1.93283
-0.777 1.93224
-0.776 1.93164
-0.775 1.93104
-0.774 1.93043
-0.773 1.92983
-0.772 1.92922
-0.771 1.92861
-0.77 1.92799
-0.769 1.92738
-0.768 1.92676
-0.767 1.92614
-0.766 1.92551
-0.765 1.92489
-0.764 1.92426
-0.763 1.92363
-0.762 1.923
-0.761 1.92236
-0.76 1.92172
-0.759 1.92108
-0.758 1.92044
-0.757 1.91979
-0.756 1.91915
-0.755 1.91849
-0.754 1.91784
-0.753 1.91719
-0.752 1.91653
-0.751 1.91587
-0.75 1.91521
-0.749 1.91454
-0.748 1.91387
-0.747 1.9132
-0.746 1.91253
-0.745 1.91186
-0.744 1.91118
-0.743 1.9105
-0.742 1.90982
-0.741 1.90913
-0.74 1.90845
-0.739 1.90776
-0.738 1.90707
-0.737 1.90637
-0.736 1.90568
-0.735 1.90498
-0.734 1.90428
-0.733 1.90357
-0.732 1.90287
-0.731 1.90216
-0.73 1.90145
-0.729 1.90074
-0.728 1.90002
-0.727 1.8993
-0.726 1.89858
-0.725 1.89786
-0.724 1.89714
-0.723 1.89641
-0.722 1.89568
-0.721 1.89495
-0.72 1.89421
-0.719 1.89348
-0.718 1.89274
-0.717 1.892
-0.716 1.89126
-0.715 1.89051
-0.714 1.88976
-0.713 1.88901
-0.712 1.88826
-0.711 1.8875
-0.71 1.88675
-0.709 1.88599
-0.708 1.88522
-0.707 1.88446
-0.706 1.88369
-0.705 1.88292
-0.704 1.88215
-0.703 1.88138
-0.702 1.8806
-0.701 1.87983
-0.7 1.87905
-0.699 1.87826
-0.698 1.87748
-0.697 1.87669
-0.696 1.8759
-0.695 1.87511
-0.694 1.87432
-0.693 1.87352
-0.692 1.87272
-0.691 1.87192
-0.69 1.87112
-0.689 1.87031
-0.688 1.8695
-0.687 1.86869
-0.686 1.86788
-0.685 1.86707
-0.684 1.86625
-0.683 1.86543
-0.682 1.86461
-0.681 1.86379
-0.68 1.86296
-0.679 1.86214
-0.678 1.86131
-0.677 1.86047
-0.676 1.85964
-0.675 1.8588
-0.674 1.85797
-0.673 1.85713
-0.672 1.85628
-0.671 1.85544
-0.67 1.85459
-0.669 1.85374
-0.668 1.85289
-0.667 1.85203
-0.666 1.85118
-0.665 1.85032
-0.664 1.84946
-0.663 1.8486
-0.662 1.84773
-0.661 1.84687
-0.66 1.846
-0.659 1.84513
-0.658 1.84425
-0.657 1.84338
-0.656 1.8425
-0.655 1.84162
-0.654 1.84074
-0.653 1.83985
-0.652 1.83897
-0.651 1.83808
-0.65 1.83719
-0.649 1.8363
-0.648 1.8354
-0.647 1.83451
-0.646 1.83361
-0.645 1.83271
-0.644 1.8318
-0.643 1.8309
-0.642 1.82999
-0.641 1.82908
-0.64 1.82817
-0.639 1.82726
-0.638 1.82634
-0.637 1.82542
-0.636 1.8245
-0.635 1.82358
-0.634 1.82266
-0.633 1.82173
-0.632 1.8208
-0.631 1.81987
-0.63 1.81894
-0.629 1.81801
-0.628 1.81707
-0.627 1.81613
-0.626 1.81519
-0.625 1.81425
-0.624 1.81331
-0.623 1.81236
-0.622 1.81141
-0.621 1.81046
-0.62 1.80951
-0.619 1.80856
-0.618 1.8076
-0.617 1.80664
-0.616 1.80568
-0.615 1.80472
-0.614 1.80376
-0.613 1.80279
-0.612 1.80182
-0.611 1.80085
-0.61 1.79988
-0.609 1.7989
-0.608 1.79793
-0.607 1.79695
-0.606 1.79597
-0.605 1.79499
-0.604 1.79401
-0.603 1.79302
-0.602 1.79203
-0.601 1.79104
-0.6 1.79005
-0.599 1.78906
-0.598 1.78806
-0.597 1.78706
-0.596 1.78606
-0.595 1.78506
-0.594 1.78406
-0.593 1.78305
-0.592 1.78205
-0.591 1.78104
-0.59 1.78003
-0.589 1.77902
-0.588 1.778
-0.587 1.77698
-0.586 1.77597
-0.585 1.77495
-0.584 1.77392
-0.583 1.7729
-0.582 1.77187
-0.581 1.77085
-0.58 1.76982
-0.579 1.76879
-0.578 1.76775
-0.577 1.76672
-0.576 1.76568
-0.575 1.76464
-0.574 1.7636
-0.573 1.76256
-0.572 1.76151
-0.571 1.76047
-0.57 1.75942
-0.569 1.75837
-0.568 1.75732
-0.567 1.75627
-0.566 1.75521
-0.565 1.75415
-0.564 1.75309
-0.563 1.75203
-0.562 1.75097
-0.561 1.74991
-0.56 1.74884
-0.559 1.74777
-0.558 1.74671
-0.557 1.74563
-0.556 1.74456
-0.555 1.74349
-0.554 1.74241
-0.553 1.74133
-0.552 1.74025
-0.551 1.73917
-0.55 1.73809
-0.549 1.737
-0.548 1.73591
-0.547 1.73483
-0.546 1.73374
-0.545 1.73264
-0.544 1.73155
-0.543 1.73045
-0.542 1.72936
-0.541 1.72826
-0.54 1.72716
-0.539 1.72606
-0.538 1.72495
-0.537 1.72385
-0.536 1.72274
-0.535 1.72163
-0.534 1.72052
-0.533 1.71941
-0.532 1.71829
-0.531 1.71718
-0.53 1.71606
-0.529 1.71494
-0.528 1.71382
-0.527 1.7127
-0.526 1.71157
-0.525 1.71045
-0.524 1.70932
-0.523 1.70819
-0.522 1.70706
-0.521 1.70593
-0.52 1.7048
-0.519 1.70366
-0.518 1.70253
-0.517 1.70139
-0.516 1.70025
-0.515 1.6991
-0.514 1.69796
-0.513 1.69682
-0.512 1.69567
-0.511 1.69452
-0.51 1.69337
-0.509 1.69222
-0.508 1.69107
-0.507 1.68992
-0.506 1.68876
-0.505 1.6876
-0.504 1.68644
-0.503 1.68528
-0.502 1.68412
-0.501 1.68296
-0.5 1.68179
-0.499 1.68063
-0.498 1.67946
-0.497 1.67829
-0.496 1.67712
-0.495 1.67595
-0.494 1.67477
-0.493 1.6736
-0.492 1.67242
-0.491 1.67124
-0.49 1.67006
-0.489 1.66888
-0.488 1.6677
-0.487 1.66651
-0.486 1.66533
-0.485 1.66414
-0.484 1.66295
-0.483 1.66176
-0.482 1.66057
-0.481 1.65937
-0.48 1.65818
-0.479 1.65698
-0.478 1.65579
-0.477 1.65459
-0.476 1.65339
-0.475 1.65218
-0.474 1.65098
-0.473 1.64978
-0.472 1.64857
-0.471 1.64736
-0.47 1.64615
-0.469 1.64494
-0.468 1.64373
-0.467 1.64252
-0.466 1.64131
-0.465 1.64009
-0.464 1.63887
-0.463 1.63765
-0.462 1.63643
-0.461 1.63521
-0.46 1.63399
-0.459 1.63277
-0.458 1.63154
-0.457 1.63032
-0.456 1.62909
-0.455 1.62786
-0.454 1.62663
-0.453 1.6254
-0.452 1.62416
-0.451 1.62293
-0.45 1.62169
-0.449 1.62046
-0.448 1.61922
-0.447 1.61798
-0.446 1.61674
-0.445 1.61549
-0.444 1.61425
-0.443 1.61301
-0.442 1.61176
-0.441 1.61051
-0.44 1.60926
-0.439 1.60801
-0.438 1.60676
-0.437 1.60551
-0.436 1.60426
-0.435 1.603
-0.434 1.60174
-0.433 1.60049
-0.432 1.59923
-0.431 1.59797
-0.43 1.59671
-0.429 1.59545
-0.428 1.59418
-0.427 1.59292
-0.426 1.59165
-0.425 1.59038
-0.424 1.58912
-0.423 1.58785
-0.422 1.58658
-0.421 1.5853
-0.42 1.58403
-0.419 1.58276
-0.418 1.58148
-0.417 1.5802
-0.416 1.57893
-0.415 1.57765
-0.414 1.57637
-0.413 1.57509
-0.412 1.5738
-0.411 1.57252
-0.41 1.57124
-0.409 1.56995
-0.408 1.56866
-0.407 1.56738
-0.406 1.56609
-0.405 1.5648
-0.404 1.56351
-0.403 1.56221
-0.402 1.56092
-0.401 1.55962
-0.4 1.55833
-0.399 1.55703
-0.398 1.55573
-0.397 1.55444
-0.396 1.55314
-0.395 1.55183
-0.394 1.55053
-0.393 1.54923
-0.392 1.54793
-0.391 1.54662
-0.39 1.54531
-0.389 1.54401
-0.388 1.5427
-0.387 1.54139
-0.386 1.54008
-0.385 1.53877
-0.384 1.53745
-0.383 1.53614
-0.382 1.53483
-0.381 1.53351
-0.38 1.5322
-0.379 1.53088
-0.378 1.52956
-0.377 1.52824
-0.376 1.52692
-0.375 1.5256
-0.374 1.52428
-0.373 1.52295
-0.372 1.52163
-0.371 1.5203
-0.37 1.51898
-0.369 1.51765
-0.368 1.51632
-0.367 1.51499
-0.366 1.51366
-0.365 1.51233
-0.364 1.511
-0.363 1.50967
-0.362 1.50833
-0.361 1.507
-0.36 1.50566
-0.359 1.50433
-0.358 1.50299
-0.357 1.50165
-0.356 1.50031
-0.355 1.49897
-0.354 1.49763
-0.353 1.49629
-0.352 1.49495
-0.351 1.49361
-0.35 1.49226
-0.349 1.49092
-0.348 1.48957
-0.347 1.48822
-0.346 1.48688
-0.345 1.48553
-0.344 1.48418
-0.343 1.48283
-0.342 1.48148
-0.341 1.48012
-0.34 1.47877
-0.339 1.47742
-0.338 1.47606
-0.337 1.47471
-0.336 1.47335
-0.335 1.472
-0.334 1.47064
-0.333 1.46928
-0.332 1.46792
-0.331 1.46656
-0.33 1.4652
-0.329 1.46384
-0.328 1.46248
-0.327 1.46112
-0.326 1.45975
-0.325 1.45839
-0.324 1.45702
-0.323 1.45566
-0.322 1.45429
-0.321 1.45292
-0.32 1.45156
-0.319 1.45019
-0.318 1.44882
-0.317 1.44745
-0.316 1.44608
-0.315 1.44471
-0.314 1.44333
-0.313 1.44196
-0.312 1.44059
-0.311 1.43921
-0.31 1.43784
-0.309 1.43646
-0.308 1.43508
-0.307 1.43371
-0.306 1.43233
-0.305 1.43095
-0.304 1.42957
-0.303 1.42819
-0.302 1.42681
-0.301 1.42543
-0.3 1.42405
-0.299 1.42267
-0.298 1.42129
-0.297 1.4199
-0.296 1.41852
-0.295 1.41713
-0.294 1.41575
-0.293 1.41436
-0.292 1.41298
-0.291 1.41159
-0.29 1.4102
-0.289 1.40881
-0.288 1.40742
-0.287 1.40603
-0.286 1.40464
-0.285 1.40325
-0.284 1.40186
-0.283 1.40047
-0.282 1.39908
-0.281 1.39768
-0.28 1.39629
-0.279 1.3949
-0.278 1.3935
-0.277 1.39211
-0.276 1.39071
-0.275 1.38932
-0.274 1.38792
-0.273 1.38652
-0.272 1.38512
-0.271 1.38373
-0.27 1.38233
-0.269 1.38093
-0.268 1.37953
-0.267 1.37813
-0.266 1.37673
-0.265 1.37533
-0.264 1.37393
-0.263 1.37252
-0.262 1.37112
-0.261 1.36972
-0.26 1.36831
-0.259 1.36691
-0.258 1.36551
-0.257 1.3641
-0.256 1.3627
-0.255 1.36129
-0.254 1.35988
-0.253 1.35848
-0.252 1.35707
-0.251 1.35566
-0.25 1.35426
-0.249 1.35285
-0.248 1.35144
-0.247 1.35003
-0.246 1.34862
-0.245 1.34721
-0.244 1.3458
-0.243 1.34439
-0.242 1.34298
-0.241 1.34157
-0.24 1.34016
-0.239 1.33874
-0.238 1.33733
-0.237 1.33592
-0.236 1.3345
-0.235 1.33309
-0.234 1.33168
-0.233 1.33026
-0.232 1.32885
-0.231 1.32743
-0.23 1.32602
-0.229 1.3246
-0.228 1.32319
-0.227 1.32177
-0.226 1.32035
-0.225 1.31894
-0.224 1.31752
-0.223 1.3161
-0.222 1.31468
-0.221 1.31327
-0.22 1.31185
-0.219 1.31043
-0.218 1.30901
-0.217 1.30759
-0.216 1.30617
-0.215 1.30475
-0.214 1.30333
-0.213 1.30191
-0.212 1.30049
-0.211 1.29907
-0.21 1.29765
-0.209 1.29623
-0.208 1.29481
-0.207 1.29338
-0.206 1.29196
-0.205 1.29054
-0.204 1.28912
-0.203 1.2877
-0.202 1.28627
-0.201 1.28485
-0.2 1.28343
-0.199 1.282
-0.198 1.28058
-0.197 1.27915
-0.196 1.27773
-0.195 1.27631
-0.194 1.27488
-0.193 1.27346
-0.192 1.27203
-0.191 1.27061
-0.19 1.26918
-0.189 1.26776
-0.188 1.26633
-0.187 1.26491
-0.186 1.26348
-0.185 1.26206
-0.184 1.26063
-0.183 1.2592
-0.182 1.25778
-0.181 1.25635
-0.18 1.25492
-0.179 1.2535
-0.178 1.25207
-0.177 1.25064
-0.176 1.24922
-0.175 1.24779
-0.174 1.24636
-0.173 1.24494
-0.172 1.24351
-0.171 1.24208
-0.17 1.24065
-0.169 1.23923
-0.168 1.2378
-0.167 1.23637
-0.166 1.23494
-0.165 1.23351
-0.164 1.23209
-0.163 1.23066
-0.162 1.22923
-0.161 1.2278
-0.16 1.22637
-0.159 1.22495
-0.158 1.22352
-0.157 1.22209
-0.156 1.22066
-0.155 1.21923
-0.154 1.21781
-0.153 1.21638
-0.152 1.21495
-0.151 1.21352
-0.15 1.21209
-0.149 1.21066
-0.148 1.20924
-0.147 1.20781
-0.146 1.20638
-0.145 1.20495
-0.144 1.20352
-0.143 1.2021
-0.142 1.20067
-0.141 1.19924
-0.14 1.19781
-0.139 1.19638
-0.138 1.19495
-0.137 1.19353
-0.136 1.1921
-0.135 1.19067
-0.134 1.18924
-0.133 1.18782
-0.132 1.18639
-0.131 1.18496
-0.13 1.18353
-0.129 1.18211
-0.128 1.18068
-0.127 1.17925
-0.126 1.17782
-0.125 1.1764
-0.124 1.17497
-0.123 1.17354
-0.122 1.17212
-0.121 1.17069
-0.12 1.16926
-0.119 1.16784
-0.118 1.16641
-0.117 1.16498
-0.116 1.16356
-0.115 1.16213
-0.114 1.16071
-0.113 1.15928
-0.112 1.15786
-0.111 1.15643
-0.11 1.15501
-0.109 1.15358
-0.108 1.15216
-0.107 1.15073
-0.106 1.14931
-0.105 1.14788
-0.104 1.14646
-0.103 1.14503
-0.102 1.14361
-0.101 1.14219
-0.1 1.14076
-0.099 1.13934
-0.098 1.13792
-0.097 1.13649
-0.096 1.13507
-0.095 1.13365
-0.094 1.13223
-0.093 1.13081
-0.092 1.12938
-0.091 1.12796
-0.09 1.12654
-0.089 1.12512
-0.088 1.1237
-0.087 1.12228
-0.086 1.12086
-0.085 1.11944
-0.084 1.11802
-0.083 1.1166
-0.082 1.11518
-0.081 1.11376
-0.08 1.11234
-0.079 1.11092
-0.078 1.1095
-0.077 1.10809
-0.076 1.10667
-0.075 1.10525
-0.074 1.10383
-0.073 1.10242
-0.072 1.101
-0.071 1.09958
-0.07 1.09817
-0.069 1.09675
-0.068 1.09534
-0.067 1.09392
-0.066 1.09251
-0.065 1.09109
-0.064 1.08968
-0.063 1.08827
-0.062 1.08685
-0.061 1.08544
-0.06 1.08403
-0.059 1.08261
-0.058 1.0812
-0.057 1.07979
-0.056 1.07838
-0.055 1.07697
-0.054 1.07556
-0.053 1.07415
-0.052 1.07274
-0.051 1.07133
-0.05 1.06992
-0.049 1.06851
-0.048 1.0671
-0.047 1.06569
-0.046 1.06428
-0.045 1.06288
-0.044 1.06147
-0.043 1.06006
-0.042 1.05866
-0.041 1.05725
-0.04 1.05585
-0.039 1.05444
-0.038 1.05304
-0.037 1.05163
-0.036 1.05023
-0.035 1.04883
-0.034 1.04742
-0.033 1.04602
-0.032 1.04462
-0.031 1.04322
-0.03 1.04182
-0.029 1.04041
-0.028 1.03901
-0.027 1.03761
-0.026 1.03622
-0.025 1.03482
-0.024 1.03342
-0.023 1.03202
-0.022 1.03062
-0.021 1.02923
-0.02 1.02783
-0.019 1.02643
-0.018 1.02504
-0.017 1.02364
-0.016 1.02225
-0.015 1.02085
-0.014 1.01946
-0.013 1.01807
-0.012 1.01667
-0.011 1.01528
-0.01 1.01389
-0.009 1.0125
-0.008 1.01111
-0.007 1.00972
-0.006 1.00833
-0.005 1.00694
-0.004 1.00555
-0.003 1.00416
-0.002 1.00277
-0.001 1.00139
0 1
0.001 0.998614
0.002 0.997228
0.003 0.995844
0.004 0.994459
0.005 0.993075
0.006 0.991692
0.007 0.990309
0.008 0.988927
0.009 0.987545
0.01 0.986164
0.011 0.984784
0.012 0.983404
0.013 0.982025
0.014 0.980646
0.015 0.979268
0.016 0.97789
0.017 0.976513
0.018 0.975136
0.019 0.973761
0.02 0.972385
0.021 0.971011
0.022 0.969637
0.023 0.968263
0.024 0.96689
0.025 0.965518
0.026 0.964146
0.027 0.962775
0.028 0.961405
0.029 0.960035
0.03 0.958666
0.031 0.957297
0.032 0.955929
0.033 0.954562
0.034 0.953195
0.035 0.951829
0.036 0.950464
0.037 0.949099
0.038 0.947735
0.039 0.946372
0.04 0.945009
0.041 0.943647
0.042 0.942285
0.043 0.940925
0.044 0.939564
0.045 0.938205
0.046 0.936846
0.047 0.935488
0.048 0.93413
0.049 0.932774
0.05 0.931418
0.051 0.930062
0.052 0.928707
0.053 0.927353
0.054 0.926
0.055 0.924647
0.056 0.923295
0.057 0.921944
0.058 0.920593
0.059 0.919244
0.06 0.917894
0.061 0.916546
0.062 0.915198
0.063 0.913851
0.064 0.912505
0.065 0.911159
0.066 0.909814
0.067 0.90847
0.068 0.907127
0.069 0.905784
0.07 0.904442
0.071 0.903101
0.072 0.90176
0.073 0.900421
0.074 0.899082
0.075 0.897743
0.076 0.896406
0.077 0.895069
0.078 0.893733
0.079 0.892398
0.08 0.891063
0.081 0.88973
0.082 0.888397
0.083 0.887065
0.084 0.885733
0.085 0.884402
0.086 0.883073
0.087 0.881744
0.088 0.880415
0.089 0.879088
0.09 0.877761
0.091 0.876435
0.092 0.87511
0.093 0.873785
0.094 0.872462
0.095 0.871139
0.096 0.869817
0.097 0.868496
0.098 0.867176
0.099 0.865856
0.1 0.864537
0.101 0.863219
0.102 0.861902
0.103 0.860586
0.104 0.85927
0.105 0.857956
0.106 0.856642
0.107 0.855329
0.108 0.854017
0.109 0.852705
0.11 0.851395
0.111 0.850085
0.112 0.848776
0.113 0.847468
0.114 0.846161
0.115 0.844855
0.116 0.843549
0.117 0.842244
0.118 0.840941
0.119 0.839638
0.12 0.838336
0.121 0.837035
0.122 0.835734
0.123 0.834435
0.124 0.833136
0.125 0.831838
0.126 0.830541
0.127 0.829245
0.128 0.82795
0.129 0.826656
0.13 0.825363
0.131 0.82407
0.132 0.822778
0.133 0.821488
0.134 0.820198
0.135 0.818909
0.136 0.817621
0.137 0.816334
0.138 0.815047
0.139 0.813762
0.14 0.812478
0.141 0.811194
0.142 0.809911
0.143 0.80863
0.144 0.807349
0.145 0.806069
0.146 0.80479
0.147 0.803512
0.148 0.802235
0.149 0.800958
0.15 0.799683
0.151 0.798409
0.152 0.797135
0.153 0.795862
0.154 0.794591
0.155 0.79332
0.156 0.79205
0.157 0.790781
0.158 0.789514
0.159 0.788247
0.16 0.786981
0.161 0.785716
0.162 0.784451
0.163 0.783188
0.164 0.781926
0.165 0.780665
0.166 0.779404
0.167 0.778145
0.168 0.776887
0.169 0.775629
0.17 0.774373
0.171 0.773117
0.172 0.771863
0.173 0.770609
0.174 0.769356
0.175 0.768105
0.176 0.766854
0.177 0.765604
0.178 0.764356
0.179 0.763108
0.18 0.761861
0.181 0.760615
0.182 0.759371
0.183 0.758127
0.184 0.756884
0.185 0.755642
0.186 0.754401
0.187 0.753161
0.188 0.751923
0.189 0.750685
0.19 0.749448
0.191 0.748212
0.192 0.746977
0.193 0.745743
0.194 0.74451
0.195 0.743279
0.196 0.742048
0.197 0.740818
0.198 0.739589
0.199 0.738361
0.2 0.737135
0.201 0.735909
0.202 0.734684
0.203 0.73346
0.204 0.732238
0.205 0.731016
0.206 0.729795
0.207 0.728576
0.208 0.727357
0.209 0.72614
0.21 0.724923
0.211 0.723708
0.212 0.722493
0.213 0.72128
0.214 0.720067
0.215 0.718856
0.216 0.717646
0.217 0.716437
0.218 0.715228
0.219 0.714021
0.22 0.712815
0.221 0.71161
0.222 0.710406
0.223 0.709203
0.224 0.708001
0.225 0.706801
0.226 0.705601
0.227 0.704402
0.228 0.703204
0.229 0.702008
0.23 0.700812
0.231 0.699618
0.232 0.698424
0.233 0.697232
0.234 0.696041
0.235 0.694851
0.236 0.693662
0.237 0.692474
0.238 0.691287
0.239 0.690101
0.24 0.688916
0.241 0.687732
0.242 0.68655
0.243 0.685368
0.244 0.684188
0.245 0.683008
0.246 0.68183
0.247 0.680653
0.248 0.679477
0.249 0.678302
0.25 0.677128
0.251 0.675955
0.252 0.674783
0.253 0.673613
0.254 0.672443
0.255 0.671275
0.256 0.670107
0.257 0.668941
0.258 0.667776
0.259 0.666612
0.26 0.665449
0.261 0.664287
0.262 0.663126
0.263 0.661967
0.264 0.660808
0.265 0.659651
0.266 0.658495
0.267 0.65734
0.268 0.656186
0.269 0.655033
0.27 0.653881
0.271 0.65273
0.272 0.651581
0.273 0.650432
0.274 0.649285
0.275 0.648139
0.276 0.646994
0.277 0.64585
0.278 0.644707
0.279 0.643566
0.28 0.642425
0.281 0.641286
0.282 0.640147
0.283 0.63901
0.284 0.637874
0.285 0.636739
0.286 0.635606
0.287 0.634473
0.288 0.633342
0.289 0.632211
0.29 0.631082
0.291 0.629954
0.292 0.628827
0.293 0.627702
0.294 0.626577
0.295 0.625454
0.296 0.624331
0.297 0.62321
0.298 0.62209
0.299 0.620972
0.3 0.619854
0.301 0.618737
0.302 0.617622
0.303 0.616508
0.304 0.615395
0.305 0.614283
0.306 0.613172
0.307 0.612063
0.308 0.610954
0.309 0.609847
0.31 0.608741
0.311 0.607636
0.312 0.606532
0.313 0.60543
0.314 0.604328
0.315 0.603228
0.316 0.602129
0.317 0.601031
0.318 0.599934
0.319 0.598839
0.32 0.597744
0.321 0.596651
0.322 0.595559
0.323 0.594468
0.324 0.593378
0.325 0.59229
0.326 0.591202
0.327 0.590116
0.328 0.589031
0.329 0.587947
0.33 0.586865
0.331 0.585783
0.332 0.584703
0.333 0.583624
0.334 0.582546
0.335 0.581469
0.336 0.580394
0.337 0.579319
0.338 0.578246
0.339 0.577174
0.34 0.576104
0.341 0.575034
0.342 0.573966
0.343 0.572898
0.344 0.571832
0.345 0.570767
0.346 0.569704
0.347 0.568641
0.348 0.56758
0.349 0.56652
0.35 0.565461
0.351 0.564404
0.352 0.563347
0.353 0.562292
0.354 0.561238
0.355 0.560185
0.356 0.559133
0.357 0.558083
0.358 0.557034
0.359 0.555985
0.36 0.554939
0.361 0.553893
0.362 0.552848
0.363 0.551805
0.364 0.550763
0.365 0.549722
0.366 0.548683
0.367 0.547644
0.368 0.546607
0.369 0.545571
0.37 0.544536
0.371 0.543503
0.372 0.54247
0.373 0.541439
0.374 0.540409
0.375 0.53938
0.376 0.538353
0.377 0.537327
0.378 0.536301
0.379 0.535278
0.38 0.534255
0.381 0.533233
0.382 0.532213
0.383 0.531194
0.384 0.530176
0.385 0.52916
0.386 0.528144
0.387 0.52713
0.388 0.526117
0.389 0.525105
0.39 0.524095
0.391 0.523086
0.392 0.522078
0.393 0.521071
0.394 0.520065
0.395 0.519061
0.396 0.518057
0.397 0.517055
0.398 0.516055
0.399 0.515055
0.4 0.514057
0.401 0.51306
0.402 0.512064
0.403 0.511069
0.404 0.510076
0.405 0.509084
0.406 0.508093
0.407 0.507103
0.408 0.506115
0.409 0.505127
0.41 0.504141
0.411 0.503156
0.412 0.502173
0.413 0.501191
0.414 0.500209
0.415 0.499229
0.416 0.498251
0.417 0.497273
0.418 0.496297
0.419 0.495322
0.42 0.494348
0.421 0.493376
0.422 0.492405
0.423 0.491434
0.424 0.490466
0.425 0.489498
0.426 0.488532
0.427 0.487567
0.428 0.486603
0.429 0.48564
0.43 0.484679
0.431 0.483718
0.432 0.482759
0.433 0.481802
0.434 0.480845
0.435 0.47989
0.436 0.478936
0.437 0.477983
0.438 0.477031
0.439 0.476081
0.44 0.475132
0.441 0.474184
0.442 0.473237
0.443 0.472292
0.444 0.471348
0.445 0.470405
0.446 0.469463
0.447 0.468523
0.448 0.467584
0.449 0.466646
0.45 0.465709
0.451 0.464773
0.452 0.463839
0.453 0.462906
0.454 0.461974
0.455 0.461044
0.456 0.460114
0.457 0.459186
0.458 0.458259
0.459 0.457334
0.46 0.456409
0.461 0.455486
0.462 0.454564
0.463 0.453644
0.464 0.452724
0.465 0.451806
0.466 0.450889
0.467 0.449973
0.468 0.449059
0.469 0.448145
0.47 0.447233
0.471 0.446323
0.472 0.445413
0.473 0.444505
0.474 0.443598
0.475 0.442692
0.476 0.441787
0.477 0.440884
0.478 0.439982
0.479 0.439081
0.48 0.438181
0.481 0.437283
0.482 0.436386
0.483 0.43549
0.484 0.434595
0.485 0.433702
0.486 0.432809
0.487 0.431918
0.488 0.431029
0.489 0.43014
0.49 0.429253
0.491 0.428367
0.492 0.427482
0.493 0.426599
0.494 0.425716
0.495 0.424835
0.496 0.423955
0.497 0.423077
0.498 0.422199
0.499 0.421323
0.5 0.420448
0.501 0.419575
0.502 0.418702
0.503 0.417831
0.504 0.416961
0.505 0.416092
0.506 0.415225
0.507 0.414358
0.508 0.413493
0.509 0.41263
0.51 0.411767
0.511 0.410906
0.512 0.410046
0.513 0.409187
0.514 0.408329
0.515 0.407473
0.516 0.406617
0.517 0.405763
0.518 0.404911
0.519 0.404059
0.52 0.403209
0.521 0.40236
0.522 0.401512
0.523 0.400666
0.524 0.39982
0.525 0.398976
0.526 0.398133
0.527 0.397292
0.528 0.396451
0.529 0.395612
0.53 0.394774
0.531 0.393938
0.532 0.393102
0.533 0.392268
0.534 0.391435
0.535 0.390603
0.536 0.389772
0.537 0.388943
0.538 0.388115
0.539 0.387288
0.54 0.386462
0.541 0.385638
0.542 0.384815
0.543 0.383993
0.544 0.383172
0.545 0.382352
0.546 0.381534
0.547 0.380717
0.548 0.379901
0.549 0.379087
0.55 0.378273
0.551 0.377461
0.552 0.37665
0.553 0.37584
0.554 0.375032
0.555 0.374224
0.556 0.373418
0.557 0.372613
0.558 0.37181
0.559 0.371007
0.56 0.370206
0.561 0.369406
0.562 0.368607
0.563 0.36781
0.564 0.367013
0.565 0.366218
0.566 0.365424
0.567 0.364631
0.568 0.36384
0.569 0.36305
0.57 0.362261
0.571 0.361473
0.572 0.360686
0.573 0.359901
0.574 0.359117
0.575 0.358334
0.576 0.357552
0.577 0.356771
0.578 0.355992
0.579 0.355214
0.58 0.354437
0.581 0.353661
0.582 0.352886
0.583 0.352113
0.584 0.351341
0.585 0.35057
0.586 0.3498
0.587 0.349032
0.588 0.348265
0.589 0.347499
0.59 0.346734
0.591 0.34597
0.592 0.345208
0.593 0.344446
0.594 0.343686
0.595 0.342927
0.596 0.34217
0.597 0.341413
0.598 0.340658
0.599 0.339904
0.6 0.339151
0.601 0.338399
0.602 0.337649
0.603 0.3369
0.604 0.336152
0.605 0.335405
0.606 0.334659
0.607 0.333915
0.608 0.333171
0.609 0.332429
0.61 0.331688
0.611 0.330949
0.612 0.33021
0.613 0.329473
0.614 0.328737
0.615 0.328002
0.616 0.327268
0.617 0.326535
0.618 0.325804
0.619 0.325074
0.62 0.324345
0.621 0.323617
0.622 0.32289
0.623 0.322165
0.624 0.321441
0.625 0.320718
0.626 0.319996
0.627 0.319275
0.628 0.318555
0.629 0.317837
0.63 0.31712
0.631 0.316404
0.632 0.315689
0.633 0.314975
0.634 0.314263
0.635 0.313552
0.636 0.312842
0.637 0.312133
0.638 0.311425
0.639 0.310718
0.64 0.310013
0.641 0.309309
0.642 0.308606
0.643 0.307904
0.644 0.307203
0.645 0.306503
0.646 0.305805
0.647 0.305108
0.648 0.304412
0.649 0.303717
0.65 0.303023
0.651 0.302331
0.652 0.301639
0.653 0.300949
0.654 0.30026
0.655 0.299572
0.656 0.298885
0.657 0.2982
0.658 0.297515
0.659 0.296832
0.66 0.29615
0.661 0.295469
0.662 0.294789
0.663 0.294111
0.664 0.293433
0.665 0.292757
0.666 0.292082
0.667 0.291408
0.668 0.290735
0.669 0.290063
0.67 0.289393
0.671 0.288723
0.672 0.288055
0.673 0.287388
0.674 0.286722
0.675 0.286057
0.676 0.285393
0.677 0.284731
0.678 0.28407
0.679 0.283409
0.68 0.28275
0.681 0.282092
0.682 0.281435
0.683 0.28078
0.684 0.280125
0.685 0.279472
0.686 0.27882
0.687 0.278169
0.688 0.277519
0.689 0.27687
0.69 0.276222
0.691 0.275575
0.692 0.27493
0.693 0.274286
0.694 0.273642
0.695 0.273
0.696 0.272359
0.697 0.27172
0.698 0.271081
0.699 0.270443
0.7 0.269807
0.701 0.269172
0.702 0.268538
0.703 0.267905
0.704 0.267273
0.705 0.266642
0.706 0.266012
0.707 0.265384
0.708 0.264756
0.709 0.26413
0.71 0.263505
0.711 0.26288
0.712 0.262258
0.713 0.261636
0.714 0.261015
0.715 0.260395
0.716 0.259777
0.717 0.259159
0.718 0.258543
0.719 0.257928
0.72 0.257314
0.721 0.256701
0.722 0.256089
0.723 0.255478
0.724 0.254868
0.725 0.25426
0.726 0.253652
0.727 0.253046
0.728 0.252441
0.729 0.251836
0.73 0.251233
0.731 0.250631
0.732 0.250031
0.733 0.249431
0.734 0.248832
0.735 0.248234
0.736 0.247638
0.737 0.247042
0.738 0.246448
0.739 0.245855
0.74 0.245263
0.741 0.244672
0.742 0.244082
0.743 0.243493
0.744 0.242905
0.745 0.242318
0.746 0.241733
0.747 0.241148
0.748 0.240565
0.749 0.239982
0.75 0.239401
0.751 0.238821
0.752 0.238241
0.753 0.237663
0.754 0.237086
0.755 0.23651
0.756 0.235935
0.757 0.235362
0.758 0.234789
0.759 0.234217
0.76 0.233647
0.761 0.233077
0.762 0.232509
0.763 0.231941
0.764 0.231375
0.765 0.23081
0.766 0.230245
0.767 0.229682
0.768 0.22912
0.769 0.228559
0.77 0.227999
0.771 0.22744
0.772 0.226882
0.773 0.226325
0.774 0.22577
0.775 0.225215
0.776 0.224661
0.777 0.224109
0.778 0.223557
0.779 0.223007
0.78 0.222457
0.781 0.221909
0.782 0.221361
0.783 0.220815
0.784 0.22027
0.785 0.219726
0.786 0.219182
0.787 0.21864
0.788 0.218099
0.789 0.217559
0.79 0.21702
0.791 0.216482
0.792 0.215945
0.793 0.215409
0.794 0.214874
0.795 0.21434
0.796 0.213807
0.797 0.213276
0.798 0.212745
0.799 0.212215
0.8 0.211686
0.801 0.211159
0.802 0.210632
0.803 0.210106
0.804 0.209582
0.805 0.209058
0.806 0.208535
0.807 0.208014
0.808 0.207493
0.809 0.206974
0.81 0.206455
0.811 0.205938
0.812 0.205421
0.813 0.204906
0.814 0.204391
0.815 0.203878
0.816 0.203365
0.817 0.202854
0.818 0.202343
0.819 0.201834
0.82 0.201325
0.821 0.200818
0.822 0.200311
0.823 0.199806
0.824 0.199301
0.825 0.198798
0.826 0.198296
0.827 0.197794
0.828 0.197294
0.829 0.196794
0.83 0.196296
0.831 0.195798
0.832 0.195302
0.833 0.194806
0.834 0.194312
0.835 0.193818
0.836 0.193326
0.837 0.192834
0.838 0.192343
0.839 0.191854
0.84 0.191365
0.841 0.190878
0.842 0.190391
0.843 0.189905
0.844 0.18942
0.845 0.188937
0.846 0.188454
0.847 0.187972
0.848 0.187491
0.849 0.187012
0.85 0.186533
0.851 0.186055
0.852 0.185578
0.853 0.185102
0.854 0.184627
0.855 0.184153
0.856 0.18368
0.857 0.183208
0.858 0.182736
0.859 0.182266
0.86 0.181797
0.861 0.181329
0.862 0.180861
0.863 0.180395
0.864 0.17993
0.865 0.179465
0.866 0.179002
0.867 0.178539
0.868 0.178077
0.869 0.177617
0.87 0.177157
0.871 0.176698
0.872 0.17624
0.873 0.175783
0.874 0.175327
0.875 0.174872
0.876 0.174418
0.877 0.173965
0.878 0.173513
0.879 0.173062
0.88 0.172611
0.881 0.172162
0.882 0.171714
0.883 0.171266
0.884 0.170819
0.885 0.170374
0.886 0.169929
0.887 0.169485
0.888 0.169042
0.889 0.1686
0.89 0.168159
0.891 0.167719
0.892 0.16728
0.893 0.166842
0.894 0.166404
0.895 0.165968
0.896 0.165532
0.897 0.165098
0.898 0.164664
0.899 0.164231
0.9 0.163799
0.901 0.163368
0.902 0.162938
0.903 0.162509
0.904 0.162081
0.905 0.161653
0.906 0.161227
0.907 0.160801
0.908 0.160377
0.909 0.159953
0.91 0.15953
0.911 0.159108
0.912 0.158687
0.913 0.158267
0.914 0.157848
0.915 0.157429
0.916 0.157012
0.917 0.156595
0.918 0.156179
0.919 0.155765
0.92 0.155351
0.921 0.154938
0.922 0.154525
0.923 0.154114
0.924 0.153704
0.925 0.153294
0.926 0.152886
0.927 0.152478
0.928 0.152071
0.929 0.151665
0.93 0.15126
0.931 0.150855
0.932 0.150452
0.933 0.15005
0.934 0.149648
0.935 0.149247
0.936 0.148847
0.937 0.148448
0.938 0.14805
0.939 0.147653
0.94 0.147256
0.941 0.146861
0.942 0.146466
0.943 0.146072
0.944 0.145679
0.945 0.145287
0.946 0.144895
0.947 0.144505
0.948 0.144115
0.949 0.143727
0.95 0.143339
0.951 0.142952
0.952 0.142565
0.953 0.14218
0.954 0.141796
0.955 0.141412
0.956 0.141029
0.957 0.140647
0.958 0.140266
0.959 0.139886
0.96 0.139506
0.961 0.139127
0.962 0.13875
0.963 0.138373
0.964 0.137997
0.965 0.137621
0.966 0.137247
0.967 0.136873
0.968 0.1365
0.969 0.136128
0.97 0.135757
0.971 0.135387
0.972 0.135017
0.973 0.134649
0.974 0.134281
0.975 0.133914
0.976 0.133547
0.977 0.133182
0.978 0.132817
0.979 0.132454
0.98 0.132091
0.981 0.131728
0.982 0.131367
0.983 0.131007
0.984 0.130647
0.985 0.130288
0.986 0.12993
0.987 0.129572
0.988 0.129216
0.989 0.12886
0.99 0.128505
0.991 0.128151
0.992 0.127798
0.993 0.127445
0.994 0.127094
0.995 0.126743
0.996 0.126393
0.997 0.126043
0.998 0.125695
0.999 0.125347
1 0.125
