-1 2.15076
-0.999 2.14965
-0.998 2.14855
-0.997 2.14744
-0.996 2.14634
-0.995 2.14523
-0.994 2.14412
-0.993 2.14302
-0.992 2.14191
-0.991 2.14081
-0.99 2.1397
-0.989 2.1386
-0.988 2.13749
-0.987 2.13639
-0.986 2.13528
-0.985 2.13418
-0.984 2.13307
-0.983 2.13196
-0.982 2.13086
-0.981 2.12975
-0.98 2.12865
-0.979 2.12754
-0.978 2.12644
-0.977 2.12533
-0.976 2.12423
-0.975 2.12312
-0.974 2.12201
-0.973 2.12091
-0.972 2.1198
-0.971 2.1187
-0.97 2.11759
-0.969 2.11649
-0.968 2.11538
-0.967 2.11428
-0.966 2.11317
-0.965 2.11207
-0.964 2.11096
-0.963 2.10985
-0.962 2.10875
-0.961 2.10764
-0.96 2.10654
-0.959 2.10543
-0.958 2.10433
-0.957 2.10322
-0.956 2.10212
-0.955 2.10101
-0.954 2.09991
-0.953 2.0988
-0.952 2.09769
-0.951 2.09659
-0.95 2.09548
-0.949 2.09438
-0.948 2.09327
-0.947 2.09217
-0.946 2.09106
-0.945 2.08996
-0.944 2.08885
-0.943 2.08775
-0.942 2.08664
-0.941 2.08553
-0.94 2.08443
-0.939 2.08332
-0.938 2.08222
-0.937 2.08111
-0.936 2.08001
-0.935 2.0789
-0.934 2.0778
-0.933 2.07669
-0.932 2.07558
-0.931 2.07448
-0.93 2.07337
-0.929 2.07227
-0.928 2.07116
-0.927 2.07006
-0.926 2.06895
-0.925 2.06785
-0.924 2.06674
-0.923 2.06564
-0.922 2.06453
-0.921 2.06342
-0.92 2.06232
-0.919 2.06121
-0.918 2.06011
-0.917 2.059
-0.916 2.0579
-0.915 2.05679
-0.914 2.05569
-0.913 2.05458
-0.912 2.05348
-0.911 2.05237
-0.91 2.05126
-0.909 2.05016
-0.908 2.04905
-0.907 2.04795
-0.906 2.04684
-0.905 2.04574
-0.904 2.04463
-0.903 2.04353
-0.902 2.04242
-0.901 2.04131
-0.9 2.04021
-0.899 2.0391
-0.898 2.038
-0.897 2.03689
-0.896 2.03579
-0.895 2.03468
-0.894 2.03358
-0.893 2.03247
-0.892 2.03137
-0.891 2.03026
-0.89 2.02915
-0.889 2.02805
-0.888 2.02694
-0.887 2.02584
-0.886 2.02473
-0.885 2.02363
-0.884 2.02252
-0.883 2.02142
-0.882 2.02031
-0.881 2.01921
-0.88 2.0181
-0.879 2.01699
-0.878 2.01589
-0.877 2.01478
-0.876 2.01368
-0.875 2.01257
-0.874 2.01147
-0.873 2.01036
-0.872 2.00926
-0.871 2.00815
-0.87 2.00705
-0.869 2.00594
-0.868 2.00483
-0.867 2.00373
-0.866 2.00262
-0.865 2.00152
-0.864 2.00041
-0.863 1.99931
-0.862 1.9982
-0.861 1.9971
-0.86 1.99599
-0.859 1.99488
-0.858 1.99378
-0.857 1.99267
-0.856 1.99157
-0.855 1.99046
-0.854 1.98936
-0.853 1.98825
-0.852 1.98715
-0.851 1.98604
-0.85 1.98494
-0.849 1.98383
-0.848 1.98272
-0.847 1.98162
-0.846 1.98051
-0.845 1.97941
-0.844 1.9783
-0.843 1.9772
-0.842 1.97609
-0.841 1.97499
-0.84 1.97388
-0.839 1.97278
-0.838 1.97167
-0.837 1.97056
-0.836 1.96946
-0.835 1.96835
-0.834 1.96725
-0.833 1.96614
-0.832 1.96504
-0.831 1.96393
-0.83 1.96283
-0.829 1.96172
-0.828 1.96061
-0.827 1.95951
-0.826 1.9584
-0.825 1.9573
-0.824 1.95619
-0.823 1.95509
-0.822 1.95398
-0.821 1.95288
-0.82 1.95177
-0.819 1.95067
-0.818 1.94956
-0.817 1.94845
-0.816 1.94735
-0.815 1.94624
-0.814 1.94514
-0.813 1.94403
-0.812 1.94293
-0.811 1.94182
-0.81 1.94072
-0.809 1.93961
-0.808 1.93851
-0.807 1.9374
-0.806 1.93629
-0.805 1.93519
-0.804 1.93408
-0.803 1.93298
-0.802 1.93187
-0.801 1.93077
-0.8 1.92966
-0.799 1.92856
-0.798 1.92745
-0.797 1.92635
-0.796 1.92524
-0.795 1.92413
-0.794 1.92303
-0.793 1.92192
-0.792 1.92082
-0.791 1.91971
-0.79 1.91861
-0.789 1.9175
-0.788 1.9164
-0.787 1.91529
-0.786 1.91418
-0.785 1.91308
-0.784 1.91197
-0.783 1.91087
-0.782 1.90976
-0.781 1.90866
-0.78 1.90755
-0.779 1.90645
-0.778 1.90534
-0.777 1.90424
-0.776 1.90313
-0.775 1.90202
-0.774 1.90092
-0.773 1.89981
-0.772 1.89871
-0.771 1.8976
-0.77 1.8965
-0.769 1.89539
-0.768 1.89429
-0.767 1.89318
-0.766 1.89208
-0.765 1.89097
-0.764 1.88986
-0.763 1.88876
-0.762 1.88765
-0.761 1.88655
-0.76 1.88544
-0.759 1.88434
-0.758 1.88323
-0.757 1.88213
-0.756 1.88102
-0.755 1.87992
-0.754 1.87881
-0.753 1.8777
-0.752 1.8766
-0.751 1.87549
-0.75 1.87439
-0.749 1.87328
-0.748 1.87218
-0.747 1.87107
-0.746 1.86997
-0.745 1.86886
-0.744 1.86775
-0.743 1.86665
-0.742 1.86554
-0.741 1.86444
-0.74 1.86333
-0.739 1.86223
-0.738 1.86112
-0.737 1.86002
-0.736 1.85891
-0.735 1.85781
-0.734 1.8567
-0.733 1.85559
-0.732 1.85449
-0.731 1.85338
-0.73 1.85228
-0.729 1.85117
-0.728 1.85007
-0.727 1.84896
-0.726 1.84786
-0.725 1.84675
-0.724 1.84565
-0.723 1.84454
-0.722 1.84343
-0.721 1.84233
-0.72 1.84122
-0.719 1.84012
-0.718 1.83901
-0.717 1.83791
-0.716 1.8368
-0.715 1.8357
-0.714 1.83459
-0.713 1.83348
-0.712 1.83238
-0.711 1.83127
-0.71 1.83017
-0.709 1.82906
-0.708 1.82796
-0.707 1.82685
-0.706 1.82575
-0.705 1.82464
-0.704 1.82354
-0.703 1.82243
-0.702 1.82132
-0.701 1.82022
-0.7 1.81911
-0.699 1.81801
-0.698 1.8169
-0.697 1.8158
-0.696 1.81469
-0.695 1.81359
-0.694 1.81248
-0.693 1.81138
-0.692 1.81027
-0.691 1.80916
-0.69 1.80806
-0.689 1.80695
-0.688 1.80585
-0.687 1.80474
-0.686 1.80364
-0.685 1.80253
-0.684 1.80143
-0.683 1.80032
-0.682 1.79922
-0.681 1.79811
-0.68 1.797
-0.679 1.7959
-0.678 1.79479
-0.677 1.79369
-0.676 1.79258
-0.675 1.79148
-0.674 1.79037
-0.673 1.78927
-0.672 1.78816
-0.671 1.78705
-0.67 1.78595
-0.669 1.78484
-0.668 1.78374
-0.667 1.78263
-0.666 1.78153
-0.665 1.78042
-0.664 1.77932
-0.663 1.77821
-0.662 1.77711
-0.661 1.776
-0.66 1.77489
-0.659 1.77379
-0.658 1.77268
-0.657 1.77158
-0.656 1.77047
-0.655 1.76937
-0.654 1.76826
-0.653 1.76716
-0.652 1.76605
-0.651 1.76495
-0.65 1.76384
-0.649 1.76273
-0.648 1.76163
-0.647 1.76052
-0.646 1.75942
-0.645 1.75831
-0.644 1.75721
-0.643 1.7561
-0.642 1.755
-0.641 1.75389
-0.64 1.75278
-0.639 1.75168
-0.638 1.75057
-0.637 1.74947
-0.636 1.74836
-0.635 1.74726
-0.634 1.74615
-0.633 1.74505
-0.632 1.74394
-0.631 1.74284
-0.63 1.74173
-0.629 1.74062
-0.628 1.73952
-0.627 1.73841
-0.626 1.73731
-0.625 1.7362
-0.624 1.7351
-0.623 1.73399
-0.622 1.73289
-0.621 1.73178
-0.62 1.73068
-0.619 1.72957
-0.618 1.72846
-0.617 1.72736
-0.616 1.72625
-0.615 1.72515
-0.614 1.72404
-0.613 1.72294
-0.612 1.72183
-0.611 1.72073
-0.61 1.71962
-0.609 1.71852
-0.608 1.71741
-0.607 1.7163
-0.606 1.7152
-0.605 1.71409
-0.604 1.71299
-0.603 1.71188
-0.602 1.71078
-0.601 1.70967
-0.6 1.70857
-0.599 1.70746
-0.598 1.70635
-0.597 1.70525
-0.596 1.70414
-0.595 1.70304
-0.594 1.70193
-0.593 1.70083
-0.592 1.69972
-0.591 1.69862
-0.59 1.69751
-0.589 1.69641
-0.588 1.6953
-0.587 1.69419
-0.586 1.69309
-0.585 1.69198
-0.584 1.69088
-0.583 1.68977
-0.582 1.68867
-0.581 1.68756
-0.58 1.68646
-0.579 1.68535
-0.578 1.68425
-0.577 1.68314
-0.576 1.68203
-0.575 1.68093
-0.574 1.67982
-0.573 1.67872
-0.572 1.67761
-0.571 1.67651
-0.57 1.6754
-0.569 1.6743
-0.568 1.67319
-0.567 1.67208
-0.566 1.67098
-0.565 1.66987
-0.564 1.66877
-0.563 1.66766
-0.562 1.66656
-0.561 1.66545
-0.56 1.66435
-0.559 1.66324
-0.558 1.66214
-0.557 1.66103
-0.556 1.65992
-0.555 1.65882
-0.554 1.65771
-0.553 1.65661
-0.552 1.6555
-0.551 1.6544
-0.55 1.65329
-0.549 1.65219
-0.548 1.65108
-0.547 1.64998
-0.546 1.64887
-0.545 1.64776
-0.544 1.64666
-0.543 1.64555
-0.542 1.64445
-0.541 1.64334
-0.54 1.64224
-0.539 1.64113
-0.538 1.64003
-0.537 1.63892
-0.536 1.63782
-0.535 1.63671
-0.534 1.6356
-0.533 1.6345
-0.532 1.63339
-0.531 1.63229
-0.53 1.63118
-0.529 1.63008
-0.528 1.62897
-0.527 1.62787
-0.526 1.62676
-0.525 1.62565
-0.524 1.62455
-0.523 1.62344
-0.522 1.62234
-0.521 1.62123
-0.52 1.62013
-0.519 1.61902
-0.518 1.61792
-0.517 1.61681
-0.516 1.61571
-0.515 1.6146
-0.514 1.61349
-0.513 1.61239
-0.512 1.61128
-0.511 1.61018
-0.51 1.60907
-0.509 1.60797
-0.508 1.60686
-0.507 1.60576
-0.506 1.60465
-0.505 1.60355
-0.504 1.60244
-0.503 1.60133
-0.502 1.60023
-0.501 1.59912
-0.5 1.59802
-0.499 1.59691
-0.498 1.59581
-0.497 1.5947
-0.496 1.5936
-0.495 1.59249
-0.494 1.59139
-0.493 1.59028
-0.492 1.58917
-0.491 1.58807
-0.49 1.58696
-0.489 1.58586
-0.488 1.58475
-0.487 1.58365
-0.486 1.58254
-0.485 1.58144
-0.484 1.58033
-0.483 1.57922
-0.482 1.57812
-0.481 1.57701
-0.48 1.57591
-0.479 1.5748
-0.478 1.5737
-0.477 1.57259
-0.476 1.57149
-0.475 1.57038
-0.474 1.56928
-0.473 1.56817
-0.472 1.56706
-0.471 1.56596
-0.47 1.56485
-0.469 1.56375
-0.468 1.56264
-0.467 1.56154
-0.466 1.56043
-0.465 1.55933
-0.464 1.55822
-0.463 1.55712
-0.462 1.55601
-0.461 1.5549
-0.46 1.5538
-0.459 1.55269
-0.458 1.55159
-0.457 1.55048
-0.456 1.54938
-0.455 1.54827
-0.454 1.54717
-0.453 1.54606
-0.452 1.54495
-0.451 1.54385
-0.45 1.54274
-0.449 1.54164
-0.448 1.54053
-0.447 1.53943
-0.446 1.53832
-0.445 1.53722
-0.444 1.53611
-0.443 1.53501
-0.442 1.5339
-0.441 1.53279
-0.44 1.53169
-0.439 1.53058
-0.438 1.52948
-0.437 1.52837
-0.436 1.52727
-0.435 1.52616
-0.434 1.52506
-0.433 1.52395
-0.432 1.52285
-0.431 1.52174
-0.43 1.52063
-0.429 1.51953
-0.428 1.51842
-0.427 1.51732
-0.426 1.51621
-0.425 1.51511
-0.424 1.514
-0.423 1.5129
-0.422 1.51179
-0.421 1.51069
-0.42 1.50958
-0.419 1.50847
-0.418 1.50737
-0.417 1.50626
-0.416 1.50516
-0.415 1.50405
-0.414 1.50295
-0.413 1.50184
-0.412 1.50074
-0.411 1.49963
-0.41 1.49852
-0.409 1.49742
-0.408 1.49631
-0.407 1.49521
-0.406 1.4941
-0.405 1.493
-0.404 1.49189
-0.403 1.49079
-0.402 1.48968
-0.401 1.48858
-0.4 1.48747
-0.399 1.48636
-0.398 1.48526
-0.397 1.48415
-0.396 1.48305
-0.395 1.48194
-0.394 1.48084
-0.393 1.47973
-0.392 1.47863
-0.391 1.47752
-0.39 1.47642
-0.389 1.47531
-0.388 1.4742
-0.387 1.4731
-0.386 1.47199
-0.385 1.47089
-0.384 1.46978
-0.383 1.46868
-0.382 1.46757
-0.381 1.46647
-0.38 1.46536
-0.379 1.46425
-0.378 1.46315
-0.377 1.46204
-0.376 1.46094
-0.375 1.45983
-0.374 1.45873
-0.373 1.45762
-0.372 1.45652
-0.371 1.45541
-0.37 1.45431
-0.369 1.4532
-0.368 1.45209
-0.367 1.45099
-0.366 1.44988
-0.365 1.44878
-0.364 1.44767
-0.363 1.44657
-0.362 1.44546
-0.361 1.44436
-0.36 1.44325
-0.359 1.44215
-0.358 1.44104
-0.357 1.43993
-0.356 1.43883
-0.355 1.43772
-0.354 1.43662
-0.353 1.43551
-0.352 1.43441
-0.351 1.4333
-0.35 1.4322
-0.349 1.43109
-0.348 1.42999
-0.347 1.42888
-0.346 1.42777
-0.345 1.42667
-0.344 1.42556
-0.343 1.42446
-0.342 1.42335
-0.341 1.42225
-0.34 1.42114
-0.339 1.42004
-0.338 1.41893
-0.337 1.41782
-0.336 1.41672
-0.335 1.41561
-0.334 1.41451
-0.333 1.4134
-0.332 1.4123
-0.331 1.41119
-0.33 1.41009
-0.329 1.40898
-0.328 1.40788
-0.327 1.40677
-0.326 1.40566
-0.325 1.40456
-0.324 1.40345
-0.323 1.40235
-0.322 1.40124
-0.321 1.40014
-0.32 1.39903
-0.319 1.39793
-0.318 1.39682
-0.317 1.39572
-0.316 1.39461
-0.315 1.3935
-0.314 1.3924
-0.313 1.39129
-0.312 1.39019
-0.311 1.38908
-0.31 1.38798
-0.309 1.38687
-0.308 1.38577
-0.307 1.38466
-0.306 1.38356
-0.305 1.38245
-0.304 1.38134
-0.303 1.38024
-0.302 1.37913
-0.301 1.37803
-0.3 1.37692
-0.299 1.37582
-0.298 1.37471
-0.297 1.37361
-0.296 1.3725
-0.295 1.37139
-0.294 1.37029
-0.293 1.36918
-0.292 1.36808
-0.291 1.36697
-0.29 1.36587
-0.289 1.36476
-0.288 1.36366
-0.287 1.36255
-0.286 1.36145
-0.285 1.36034
-0.284 1.35923
-0.283 1.35813
-0.282 1.35702
-0.281 1.35592
-0.28 1.35481
-0.279 1.35371
-0.278 1.3526
-0.277 1.3515
-0.276 1.35039
-0.275 1.34929
-0.274 1.34818
-0.273 1.34707
-0.272 1.34597
-0.271 1.34486
-0.27 1.34376
-0.269 1.34265
-0.268 1.34155
-0.267 1.34044
-0.266 1.33934
-0.265 1.33823
-0.264 1.33712
-0.263 1.33602
-0.262 1.33491
-0.261 1.33381
-0.26 1.3327
-0.259 1.3316
-0.258 1.33049
-0.257 1.32939
-0.256 1.32828
-0.255 1.32718
-0.254 1.32607
-0.253 1.32496
-0.252 1.32386
-0.251 1.32275
-0.25 1.32165
-0.249 1.32054
-0.248 1.31944
-0.247 1.31833
-0.246 1.31723
-0.245 1.31612
-0.244 1.31502
-0.243 1.31391
-0.242 1.3128
-0.241 1.3117
-0.24 1.31059
-0.239 1.30949
-0.238 1.30838
-0.237 1.30728
-0.236 1.30617
-0.235 1.30507
-0.234 1.30396
-0.233 1.30286
-0.232 1.30175
-0.231 1.30064
-0.23 1.29954
-0.229 1.29843
-0.228 1.29733
-0.227 1.29622
-0.226 1.29512
-0.225 1.29401
-0.224 1.29291
-0.223 1.2918
-0.222 1.29069
-0.221 1.28959
-0.22 1.28848
-0.219 1.28738
-0.218 1.28627
-0.217 1.28517
-0.216 1.28406
-0.215 1.28296
-0.214 1.28185
-0.213 1.28075
-0.212 1.27964
-0.211 1.27853
-0.21 1.27743
-0.209 1.27632
-0.208 1.27522
-0.207 1.27411
-0.206 1.27301
-0.205 1.2719
-0.204 1.2708
-0.203 1.26969
-0.202 1.26859
-0.201 1.26748
-0.2 1.26637
-0.199 1.26527
-0.198 1.26416
-0.197 1.26306
-0.196 1.26195
-0.195 1.26085
-0.194 1.25974
-0.193 1.25864
-0.192 1.25753
-0.191 1.25642
-0.19 1.25532
-0.189 1.25421
-0.188 1.25311
-0.187 1.252
-0.186 1.2509
-0.185 1.24979
-0.184 1.24869
-0.183 1.24758
-0.182 1.24648
-0.181 1.24537
-0.18 1.24426
-0.179 1.24316
-0.178 1.24205
-0.177 1.24095
-0.176 1.23984
-0.175 1.23874
-0.174 1.23763
-0.173 1.23653
-0.172 1.23542
-0.171 1.23432
-0.17 1.23321
-0.169 1.2321
-0.168 1.231
-0.167 1.22989
-0.166 1.22879
-0.165 1.22768
-0.164 1.22658
-0.163 1.22547
-0.162 1.22437
-0.161 1.22326
-0.16 1.22216
-0.159 1.22105
-0.158 1.21994
-0.157 1.21884
-0.156 1.21773
-0.155 1.21663
-0.154 1.21552
-0.153 1.21442
-0.152 1.21331
-0.151 1.21221
-0.15 1.2111
-0.149 1.20999
-0.148 1.20889
-0.147 1.20778
-0.146 1.20668
-0.145 1.20557
-0.144 1.20447
-0.143 1.20336
-0.142 1.20226
-0.141 1.20115
-0.14 1.20005
-0.139 1.19894
-0.138 1.19783
-0.137 1.19673
-0.136 1.19562
-0.135 1.19452
-0.134 1.19341
-0.133 1.19231
-0.132 1.1912
-0.131 1.1901
-0.13 1.18899
-0.129 1.18789
-0.128 1.18678
-0.127 1.18567
-0.126 1.18457
-0.125 1.18346
-0.124 1.18236
-0.123 1.18125
-0.122 1.18015
-0.121 1.17904
-0.12 1.17794
-0.119 1.17683
-0.118 1.17572
-0.117 1.17462
-0.116 1.17351
-0.115 1.17241
-0.114 1.1713
-0.113 1.1702
-0.112 1.16909
-0.111 1.16799
-0.11 1.16688
-0.109 1.16578
-0.108 1.16467
-0.107 1.16356
-0.106 1.16246
-0.105 1.16135
-0.104 1.16025
-0.103 1.15914
-0.102 1.15804
-0.101 1.15693
-0.1 1.15583
-0.099 1.15472
-0.098 1.15362
-0.097 1.15251
-0.096 1.1514
-0.095 1.1503
-0.094 1.14919
-0.093 1.14809
-0.092 1.14698
-0.091 1.14588
-0.09 1.14477
-0.089 1.14367
-0.088 1.14256
-0.087 1.14146
-0.086 1.14035
-0.085 1.13924
-0.084 1.13814
-0.083 1.13703
-0.082 1.13593
-0.081 1.13482
-0.08 1.13372
-0.079 1.13261
-0.078 1.13151
-0.077 1.1304
-0.076 1.12929
-0.075 1.12819
-0.074 1.12708
-0.073 1.12598
-0.072 1.12487
-0.071 1.12377
-0.07 1.12266
-0.069 1.12156
-0.068 1.12045
-0.067 1.11935
-0.066 1.11824
-0.065 1.11713
-0.064 1.11603
-0.063 1.11492
-0.062 1.11382
-0.061 1.11271
-0.06 1.11161
-0.059 1.1105
-0.058 1.1094
-0.057 1.10829
-0.056 1.10719
-0.055 1.10608
-0.054 1.10497
-0.053 1.10387
-0.052 1.10276
-0.051 1.10166
-0.05 1.10055
-0.049 1.09945
-0.048 1.09834
-0.047 1.09724
-0.046 1.09613
-0.045 1.09503
-0.044 1.09392
-0.043 1.09281
-0.042 1.09171
-0.041 1.0906
-0.04 1.0895
-0.039 1.08839
-0.038 1.08729
-0.037 1.08618
-0.036 1.08508
-0.035 1.08397
-0.034 1.08286
-0.033 1.08176
-0.032 1.08065
-0.031 1.07955
-0.03 1.07844
-0.029 1.07734
-0.028 1.07623
-0.027 1.07513
-0.026 1.07402
-0.025 1.07292
-0.024 1.07181
-0.023 1.0707
-0.022 1.0696
-0.021 1.06849
-0.02 1.06739
-0.019 1.06628
-0.018 1.06518
-0.017 1.06407
-0.016 1.06297
-0.015 1.06186
-0.014 1.06076
-0.013 1.05965
-0.012 1.05854
-0.011 1.05744
-0.01 1.05633
-0.009 1.05523
-0.008 1.05412
-0.007 1.05302
-0.006 1.05191
-0.005 1.05081
-0.004 1.0497
-0.003 1.04859
-0.002 1.04749
-0.001 1.04638
0 1.04528
0.001 1.04417
0.002 1.04307
0.003 1.04196
0.004 1.04086
0.005 1.03975
0.006 1.03865
0.007 1.03754
0.008 1.03643
0.009 1.03533
0.01 1.03422
0.011 1.03312
0.012 1.03201
0.013 1.03091
0.014 1.0298
0.015 1.0287
0.016 1.02759
0.017 1.02649
0.018 1.02538
0.019 1.02427
0.02 1.02317
0.021 1.02206
0.022 1.02096
0.023 1.01985
0.024 1.01875
0.025 1.01764
0.026 1.01654
0.027 1.01543
0.028 1.01433
0.029 1.01322
0.03 1.01211
0.031 1.01101
0.032 1.0099
0.033 1.0088
0.034 1.00769
0.035 1.00659
0.036 1.00548
0.037 1.00438
0.038 1.00327
0.039 1.00216
0.04 1.00106
0.041 0.999954
0.042 0.998848
0.043 0.997743
0.044 0.996637
0.045 0.995532
0.046 0.994426
0.047 0.993321
0.048 0.992216
0.049 0.99111
0.05 0.990005
0.051 0.988899
0.052 0.987794
0.053 0.986688
0.054 0.985583
0.055 0.984477
0.056 0.983372
0.057 0.982266
0.058 0.981161
0.059 0.980055
0.06 0.97895
0.061 0.977844
0.062 0.976739
0.063 0.975633
0.064 0.974528
0.065 0.973422
0.066 0.972317
0.067 0.971211
0.068 0.970106
0.069 0.969
0.07 0.967895
0.071 0.966789
0.072 0.965684
0.073 0.964579
0.074 0.963473
0.075 0.962368
0.076 0.961262
0.077 0.960157
0.078 0.959051
0.079 0.957946
0.08 0.95684
0.081 0.955735
0.082 0.954629
0.083 0.953524
0.084 0.952418
0.085 0.951313
0.086 0.950207
0.087 0.949102
0.088 0.947996
0.089 0.946891
0.09 0.945785
0.091 0.94468
0.092 0.943574
0.093 0.942469
0.094 0.941363
0.095 0.940258
0.096 0.939153
0.097 0.938047
0.098 0.936942
0.099 0.935836
0.1 0.934731
0.101 0.933625
0.102 0.93252
0.103 0.931414
0.104 0.930309
0.105 0.929203
0.106 0.928098
0.107 0.926992
0.108 0.925887
0.109 0.924781
0.11 0.923676
0.111 0.92257
0.112 0.921465
0.113 0.920359
0.114 0.919254
0.115 0.918148
0.116 0.917043
0.117 0.915937
0.118 0.914832
0.119 0.913727
0.12 0.912621
0.121 0.911516
0.122 0.91041
0.123 0.909305
0.124 0.908199
0.125 0.907094
0.126 0.905988
0.127 0.904883
0.128 0.903777
0.129 0.902672
0.13 0.901566
0.131 0.900461
0.132 0.899355
0.133 0.89825
0.134 0.897144
0.135 0.896039
0.136 0.894933
0.137 0.893828
0.138 0.892722
0.139 0.891617
0.14 0.890511
0.141 0.889406
0.142 0.8883
0.143 0.887195
0.144 0.88609
0.145 0.884984
0.146 0.883879
0.147 0.882773
0.148 0.881668
0.149 0.880562
0.15 0.879457
0.151 0.878351
0.152 0.877246
0.153 0.87614
0.154 0.875035
0.155 0.873929
0.156 0.872824
0.157 0.871718
0.158 0.870613
0.159 0.869507
0.16 0.868402
0.161 0.867296
0.162 0.866191
0.163 0.865085
0.164 0.86398
0.165 0.862874
0.166 0.861769
0.167 0.860664
0.168 0.859558
0.169 0.858453
0.17 0.857347
0.171 0.856242
0.172 0.855136
0.173 0.854031
0.174 0.852925
0.175 0.85182
0.176 0.850714
0.177 0.849609
0.178 0.848503
0.179 0.847398
0.18 0.846292
0.181 0.845187
0.182 0.844081
0.183 0.842976
0.184 0.84187
0.185 0.840765
0.186 0.839659
0.187 0.838554
0.188 0.837448
0.189 0.836343
0.19 0.835238
0.191 0.834132
0.192 0.833027
0.193 0.831921
0.194 0.830816
0.195 0.82971
0.196 0.828605
0.197 0.827499
0.198 0.826394
0.199 0.825288
0.2 0.824183
0.201 0.823077
0.202 0.821972
0.203 0.820866
0.204 0.819761
0.205 0.818655
0.206 0.81755
0.207 0.816444
0.208 0.815339
0.209 0.814233
0.21 0.813128
0.211 0.812022
0.212 0.810917
0.213 0.809811
0.214 0.808706
0.215 0.807601
0.216 0.806495
0.217 0.80539
0.218 0.804284
0.219 0.803179
0.22 0.802073
0.221 0.800968
0.222 0.799862
0.223 0.798757
0.224 0.797651
0.225 0.796546
0.226 0.79544
0.227 0.794335
0.228 0.793229
0.229 0.792124
0.23 0.791018
0.231 0.789913
0.232 0.788807
0.233 0.787702
0.234 0.786596
0.235 0.785491
0.236 0.784385
0.237 0.78328
0.238 0.782175
0.239 0.781069
0.24 0.779964
0.241 0.778858
0.242 0.777753
0.243 0.776647
0.244 0.775542
0.245 0.774436
0.246 0.773331
0.247 0.772225
0.248 0.77112
0.249 0.770014
0.25 0.768909
0.251 0.767803
0.252 0.766698
0.253 0.765592
0.254 0.764487
0.255 0.763381
0.256 0.762276
0.257 0.76117
0.258 0.760065
0.259 0.758959
0.26 0.757854
0.261 0.756749
0.262 0.755643
0.263 0.754538
0.264 0.753432
0.265 0.752327
0.266 0.751221
0.267 0.750116
0.268 0.74901
0.269 0.747905
0.27 0.746799
0.271 0.745694
0.272 0.744588
0.273 0.743483
0.274 0.742377
0.275 0.741272
0.276 0.740166
0.277 0.739061
0.278 0.737955
0.279 0.73685
0.28 0.735744
0.281 0.734639
0.282 0.733533
0.283 0.732428
0.284 0.731322
0.285 0.730217
0.286 0.729112
0.287 0.728006
0.288 0.726901
0.289 0.725795
0.29 0.72469
0.291 0.723584
0.292 0.722479
0.293 0.721373
0.294 0.720268
0.295 0.719162
0.296 0.718057
0.297 0.716951
0.298 0.715846
0.299 0.71474
0.3 0.713635
0.301 0.712529
0.302 0.711424
0.303 0.710318
0.304 0.709213
0.305 0.708107
0.306 0.707002
0.307 0.705896
0.308 0.704791
0.309 0.703686
0.31 0.70258
0.311 0.701475
0.312 0.700369
0.313 0.699264
0.314 0.698158
0.315 0.697053
0.316 0.695947
0.317 0.694842
0.318 0.693736
0.319 0.692631
0.32 0.691525
0.321 0.69042
0.322 0.689314
0.323 0.688209
0.324 0.687103
0.325 0.685998
0.326 0.684892
0.327 0.683787
0.328 0.682681
0.329 0.681576
0.33 0.68047
0.331 0.679365
0.332 0.67826
0.333 0.677154
0.334 0.676049
0.335 0.674943
0.336 0.673838
0.337 0.672732
0.338 0.671627
0.339 0.670521
0.34 0.669416
0.341 0.66831
0.342 0.667205
0.343 0.666099
0.344 0.664994
0.345 0.663888
0.346 0.662783
0.347 0.661677
0.348 0.660572
0.349 0.659466
0.35 0.658361
0.351 0.657255
0.352 0.65615
0.353 0.655044
0.354 0.653939
0.355 0.652833
0.356 0.651728
0.357 0.650623
0.358 0.649517
0.359 0.648412
0.36 0.647306
0.361 0.646201
0.362 0.645095
0.363 0.64399
0.364 0.642884
0.365 0.641779
0.366 0.640673
0.367 0.639568
0.368 0.638462
0.369 0.637357
0.37 0.636251
0.371 0.635146
0.372 0.63404
0.373 0.632935
0.374 0.631829
0.375 0.630724
0.376 0.629618
0.377 0.628513
0.378 0.627407
0.379 0.626302
0.38 0.625197
0.381 0.624091
0.382 0.622986
0.383 0.62188
0.384 0.620775
0.385 0.619669
0.386 0.618564
0.387 0.617458
0.388 0.616353
0.389 0.615247
0.39 0.614142
0.391 0.613036
0.392 0.611931
0.393 0.610825
0.394 0.60972
0.395 0.608614
0.396 0.607509
0.397 0.606403
0.398 0.605298
0.399 0.604192
0.4 0.603087
0.401 0.601981
0.402 0.600876
0.403 0.599771
0.404 0.598665
0.405 0.59756
0.406 0.596454
0.407 0.595349
0.408 0.594243
0.409 0.593138
0.41 0.592032
0.411 0.590927
0.412 0.589821
0.413 0.588716
0.414 0.58761
0.415 0.586505
0.416 0.585399
0.417 0.584294
0.418 0.583188
0.419 0.582083
0.42 0.580977
0.421 0.579872
0.422 0.578766
0.423 0.577661
0.424 0.576555
0.425 0.57545
0.426 0.574344
0.427 0.573239
0.428 0.572134
0.429 0.571028
0.43 0.569923
0.431 0.568817
0.432 0.567712
0.433 0.566606
0.434 0.565501
0.435 0.564395
0.436 0.56329
0.437 0.562184
0.438 0.561079
0.439 0.559973
0.44 0.558868
0.441 0.557762
0.442 0.556657
0.443 0.555551
0.444 0.554446
0.445 0.55334
0.446 0.552235
0.447 0.551129
0.448 0.550024
0.449 0.548918
0.45 0.547813
0.451 0.546708
0.452 0.545602
0.453 0.544497
0.454 0.543391
0.455 0.542286
0.456 0.54118
0.457 0.540075
0.458 0.538969
0.459 0.537864
0.46 0.536758
0.461 0.535653
0.462 0.534547
0.463 0.533442
0.464 0.532336
0.465 0.531231
0.466 0.530125
0.467 0.52902
0.468 0.527914
0.469 0.526809
0.47 0.525703
0.471 0.524598
0.472 0.523492
0.473 0.522387
0.474 0.521282
0.475 0.520176
0.476 0.519071
0.477 0.517965
0.478 0.51686
0.479 0.515754
0.48 0.514649
0.481 0.513543
0.482 0.512438
0.483 0.511332
0.484 0.510227
0.485 0.509121
0.486 0.508016
0.487 0.50691
0.488 0.505805
0.489 0.504699
0.49 0.503594
0.491 0.502488
0.492 0.501383
0.493 0.500277
0.494 0.499172
0.495 0.498066
0.496 0.496961
0.497 0.495855
0.498 0.49475
0.499 0.493645
0.5 0.492539
0.501 0.491434
0.502 0.490328
0.503 0.489223
0.504 0.488117
0.505 0.487012
0.506 0.485906
0.507 0.484801
0.508 0.483695
0.509 0.48259
0.51 0.481484
0.511 0.480379
0.512 0.479273
0.513 0.478168
0.514 0.477062
0.515 0.475957
0.516 0.474851
0.517 0.473746
0.518 0.47264
0.519 0.471535
0.52 0.470429
0.521 0.469324
0.522 0.468219
0.523 0.467113
0.524 0.466008
0.525 0.464902
0.526 0.463797
0.527 0.462691
0.528 0.461586
0.529 0.46048
0.53 0.459375
0.531 0.458269
0.532 0.457164
0.533 0.456058
0.534 0.454953
0.535 0.453847
0.536 0.452742
0.537 0.451636
0.538 0.450531
0.539 0.449425
0.54 0.44832
0.541 0.447214
0.542 0.446109
0.543 0.445003
0.544 0.443898
0.545 0.442793
0.546 0.441687
0.547 0.440582
0.548 0.439476
0.549 0.438371
0.55 0.437265
0.551 0.43616
0.552 0.435054
0.553 0.433949
0.554 0.432843
0.555 0.431738
0.556 0.430632
0.557 0.429527
0.558 0.428421
0.559 0.427316
0.56 0.42621
0.561 0.425105
0.562 0.423999
0.563 0.422894
0.564 0.421788
0.565 0.420683
0.566 0.419577
0.567 0.418472
0.568 0.417367
0.569 0.416261
0.57 0.415156
0.571 0.41405
0.572 0.412945
0.573 0.411839
0.574 0.410734
0.575 0.409628
0.576 0.408523
0.577 0.407417
0.578 0.406312
0.579 0.405206
0.58 0.404101
0.581 0.402995
0.582 0.40189
0.583 0.400784
0.584 0.399679
0.585 0.398573
0.586 0.397468
0.587 0.396362
0.588 0.395257
0.589 0.394151
0.59 0.393046
0.591 0.39194
0.592 0.390835
0.593 0.38973
0.594 0.388624
0.595 0.387519
0.596 0.386413
0.597 0.385308
0.598 0.384202
0.599 0.383097
0.6 0.381991
0.601 0.380886
0.602 0.37978
0.603 0.378675
0.604 0.377569
0.605 0.376464
0.606 0.375358
0.607 0.374253
0.608 0.373147
0.609 0.372042
0.61 0.370936
0.611 0.369831
0.612 0.368725
0.613 0.36762
0.614 0.366514
0.615 0.365409
0.616 0.364304
0.617 0.363198
0.618 0.362093
0.619 0.360987
0.62 0.359882
0.621 0.358776
0.622 0.357671
0.623 0.356565
0.624 0.35546
0.625 0.354354
0.626 0.353249
0.627 0.352143
0.628 0.351038
0.629 0.349932
0.63 0.348827
0.631 0.347721
0.632 0.346616
0.633 0.34551
0.634 0.344405
0.635 0.343299
0.636 0.342194
0.637 0.341088
0.638 0.339983
0.639 0.338878
0.64 0.337772
0.641 0.336667
0.642 0.335561
0.643 0.334456
0.644 0.33335
0.645 0.332245
0.646 0.331139
0.647 0.330034
0.648 0.328928
0.649 0.327823
0.65 0.326717
0.651 0.325612
0.652 0.324506
0.653 0.323401
0.654 0.322295
0.655 0.32119
0.656 0.320084
0.657 0.318979
0.658 0.317873
0.659 0.316768
0.66 0.315662
0.661 0.314557
0.662 0.313451
0.663 0.312346
0.664 0.311241
0.665 0.310135
0.666 0.30903
0.667 0.307924
0.668 0.306819
0.669 0.305713
0.67 0.304608
0.671 0.303502
0.672 0.302397
0.673 0.301291
0.674 0.300186
0.675 0.29908
0.676 0.297975
0.677 0.296869
0.678 0.295764
0.679 0.294658
0.68 0.293553
0.681 0.292447
0.682 0.291342
0.683 0.290236
0.684 0.289131
0.685 0.288025
0.686 0.28692
0.687 0.285815
0.688 0.284709
0.689 0.283604
0.69 0.282498
0.691 0.281393
0.692 0.280287
0.693 0.279182
0.694 0.278076
0.695 0.276971
0.696 0.275865
0.697 0.27476
0.698 0.273654
0.699 0.272549
0.7 0.271443
0.701 0.270338
0.702 0.269232
0.703 0.268127
0.704 0.267021
0.705 0.265916
0.706 0.26481
0.707 0.263705
0.708 0.262599
0.709 0.261494
0.71 0.260389
0.711 0.259283
0.712 0.258178
0.713 0.257072
0.714 0.255967
0.715 0.254861
0.716 0.253756
0.717 0.25265
0.718 0.251545
0.719 0.250439
0.72 0.249334
0.721 0.248228
0.722 0.247123
0.723 0.246017
0.724 0.244912
0.725 0.243806
0.726 0.242701
0.727 0.241595
0.728 0.24049
0.729 0.239384
0.73 0.238279
0.731 0.237173
0.732 0.236068
0.733 0.234962
0.734 0.233857
0.735 0.232752
0.736 0.231646
0.737 0.230541
0.738 0.229435
0.739 0.22833
0.74 0.227224
0.741 0.226119
0.742 0.225013
0.743 0.223908
0.744 0.222802
0.745 0.221697
0.746 0.220591
0.747 0.219486
0.748 0.21838
0.749 0.217275
0.75 0.216169
0.751 0.215064
0.752 0.213958
0.753 0.212853
0.754 0.211747
0.755 0.210642
0.756 0.209536
0.757 0.208431
0.758 0.207326
0.759 0.20622
0.76 0.205115
0.761 0.204009
0.762 0.202904
0.763 0.201798
0.764 0.200693
0.765 0.199587
0.766 0.198482
0.767 0.197376
0.768 0.196271
0.769 0.195165
0.77 0.19406
0.771 0.192954
0.772 0.191849
0.773 0.190743
0.774 0.189638
0.775 0.188532
0.776 0.187427
0.777 0.186321
0.778 0.185216
0.779 0.18411
0.78 0.183005
0.781 0.1819
0.782 0.180794
0.783 0.179689
0.784 0.178583
0.785 0.177478
0.786 0.176372
0.787 0.175267
0.788 0.174161
0.789 0.173056
0.79 0.17195
0.791 0.170845
0.792 0.169739
0.793 0.168634
0.794 0.167528
0.795 0.166423
0.796 0.165317
0.797 0.164212
0.798 0.163106
0.799 0.162001
0.8 0.160895
0.801 0.15979
0.802 0.158684
0.803 0.157579
0.804 0.156473
0.805 0.155368
0.806 0.154263
0.807 0.153157
0.808 0.152052
0.809 0.150946
0.81 0.149841
0.811 0.148735
0.812 0.14763
0.813 0.146524
0.814 0.145419
0.815 0.144313
0.816 0.143208
0.817 0.142102
0.818 0.140997
0.819 0.139891
0.82 0.138786
0.821 0.13768
0.822 0.136575
0.823 0.135469
0.824 0.134364
0.825 0.133258
0.826 0.132153
0.827 0.131047
0.828 0.129942
0.829 0.128837
0.83 0.127731
0.831 0.126626
0.832 0.12552
0.833 0.124415
0.834 0.123309
0.835 0.122204
0.836 0.121098
0.837 0.119993
0.838 0.118887
0.839 0.117782
0.84 0.116676
0.841 0.115571
0.842 0.114465
0.843 0.11336
0.844 0.112254
0.845 0.111149
0.846 0.110043
0.847 0.108938
0.848 0.107832
0.849 0.106727
0.85 0.105621
0.851 0.104516
0.852 0.103411
0.853 0.102305
0.854 0.1012
0.855 0.100094
0.856 0.0989886
0.857 0.0978831
0.858 0.0967776
0.859 0.0956722
0.86 0.0945667
0.861 0.0934612
0.862 0.0923557
0.863 0.0912502
0.864 0.0901448
0.865 0.0890393
0.866 0.0879338
0.867 0.0868283
0.868 0.0857228
0.869 0.0846174
0.87 0.0835119
0.871 0.0824064
0.872 0.0813009
0.873 0.0801955
0.874 0.07909
0.875 0.0779845
0.876 0.076879
0.877 0.0757735
0.878 0.0746681
0.879 0.0735626
0.88 0.0724571
0.881 0.0713516
0.882 0.0702461
0.883 0.0691407
0.884 0.0680352
0.885 0.0669297
0.886 0.0658242
0.887 0.0647187
0.888 0.0636133
0.889 0.0625078
0.89 0.0614023
0.891 0.0602968
0.892 0.0591914
0.893 0.0580859
0.894 0.0569804
0.895 0.0558749
0.896 0.0547694
0.897 0.053664
0.898 0.0525585
0.899 0.051453
0.9 0.0503475
0.901 0.049242
0.902 0.0481366
0.903 0.0470311
0.904 0.0459256
0.905 0.0448201
0.906 0.0437146
0.907 0.0426092
0.908 0.0415037
0.909 0.0403982
0.91 0.0392927
0.911 0.0381873
0.912 0.0370818
0.913 0.0359763
0.914 0.0348708
0.915 0.0337653
0.916 0.0326599
0.917 0.0315544
0.918 0.0304489
0.919 0.0293434
0.92 0.0282379
0.921 0.0271325
0.922 0.026027
0.923 0.0249215
0.924 0.023816
0.925 0.0227106
0.926 0.0216051
0.927 0.0204996
0.928 0.0193941
0.929 0.0182886
0.93 0.0171832
0.931 0.0160777
0.932 0.0149722
0.933 0.0138667
0.934 0.0127612
0.935 0.0116558
0.936 0.0105503
0.937 0.0094448
0.938 0.00833933
0.939 0.00723385
0.94 0.00612837
0.941 0.00502289
0.942 0.00391741
0.943 0.00281193
0.944 0.00170645
0.945 0.000600973
0.946 -0.000504505
0.947 -0.00160998
0.948 -0.00271546
0.949 -0.00382094
0.95 -0.00492642
0.951 -0.0060319
0.952 -0.00713738
0.953 -0.00824286
0.954 -0.00934834
0.955 -0.0104538
0.956 -0.0115593
0.957 -0.0126648
0.958 -0.0137703
0.959 -0.0148757
0.96 -0.0159812
0.961 -0.0170867
0.962 -0.0181922
0.963 -0.0192976
0.964 -0.0204031
0.965 -0.0215086
0.966 -0.0226141
0.967 -0.0237196
0.968 -0.024825
0.969 -0.0259305
0.97 -0.027036
0.971 -0.0281415
0.972 -0.029247
0.973 -0.0303524
0.974 -0.0314579
0.975 -0.0325634
0.976 -0.0336689
0.977 -0.0347743
0.978 -0.0358798
0.979 -0.0369853
0.98 -0.0380908
0.981 -0.0391963
0.982 -0.0403017
0.983 -0.0414072
0.984 -0.0425127
0.985 -0.0436182
0.986 -0.0447237
0.987 -0.0458291
0.988 -0.0469346
0.989 -0.0480401
0.99 -0.0491456
0.991 -0.0502511
0.992 -0.0513565
0.993 -0.052462
0.994 -0.0535675
0.995 -0.054673
0.996 -0.0557784
0.997 -0.0568839
0.998 -0.0579894
0.999 -0.0590949
1 -0.0602004
